duration,src_bytes,dst_bytes,land,wrong_fragment,urgent,hot,num_failed_logins,logged_in,num_compromised,root_shell,su_attempted,num_root,num_file_creations,num_shells,num_access_files,num_outbound_cmds,is_host_login,is_guest_login,count,srv_count,serror_rate,srv_serror_rate,rerror_rate,srv_rerror_rate,same_srv_rate,diff_srv_rate,srv_diff_host_rate,dst_host_count,dst_host_srv_count,dst_host_same_srv_rate,dst_host_diff_srv_rate,dst_host_same_src_port_rate,dst_host_srv_diff_host_rate,dst_host_serror_rate,dst_host_srv_serror_rate,dst_host_rerror_rate,dst_host_srv_rerror_rate,label,protocol_type_icmp,protocol_type_tcp,protocol_type_udp,service_IRC,service_X11,service_Z39_50,service_aol,service_auth,service_bgp,service_courier,service_csnet_ns,service_ctf,service_daytime,service_discard,service_domain,service_domain_u,service_echo,service_eco_i,service_ecr_i,service_efs,service_exec,service_finger,service_ftp,service_ftp_data,service_gopher,service_harvest,service_hostnames,service_http,service_http_2784,service_http_443,service_http_8001,service_imap4,service_iso_tsap,service_klogin,service_kshell,service_ldap,service_link,service_login,service_mtp,service_name,service_netbios_dgm,service_netbios_ns,service_netbios_ssn,service_netstat,service_nnsp,service_nntp,service_ntp_u,service_other,service_pm_dump,service_pop_2,service_pop_3,service_printer,service_private,service_red_i,service_remote_job,service_rje,service_shell,service_smtp,service_sql_net,service_ssh,service_sunrpc,service_supdup,service_systat,service_telnet,service_tftp_u,service_tim_i,service_time,service_urh_i,service_urp_i,service_uucp,service_uucp_path,service_vmnet,service_whois,flag_OTH,flag_REJ,flag_RSTO,flag_RSTOS0,flag_RSTR,flag_S0,flag_S1,flag_S2,flag_S3,flag_SF,flag_SH,label_binary,label_multiclass,attack_category
0.006785678047580629,0.015392843044748571,0.02088650455223854,0.0025993236330939013,0.0,0.0018994648047239667,0.012986653693582904,0.0,0.0,0.003487693213914542,0.0048117104089778606,0.007875398443564254,0.0,0.004146708391580147,0.008142789092291044,0.0085779338097465,0.0,0.0,0.010385708572778112,0.30621285454988884,0.015139493596205183,0.005247269540775771,0.017295090183716964,0.9925808396488891,1.0,0.06416025984434198,0.03405764410578983,0.0,1.0,0.047211070544200276,0.044282390071236244,0.06613145793899176,0.008083091891321571,0.001042518069708924,0.0,0.007052242603226842,0.9927351864732283,1.0,neptune,0.0,1.0,0.004165794813747229,0.006083525599132157,0.010852832426941239,0.0,0.0,0.0,0.012231907135894097,0.016230364356836887,0.022805167273689905,0.009573735081504877,0.0,0.007423005467594536,0.0,0.0029076629026480124,0.0,0.003574154569051699,0.0,0.004076270243425669,0.0,0.0,0.014583995524299708,0.0,0.023202330558538983,0.01582771545226264,0.0,0.0,0.0,0.0,0.0,0.0,0.0,0.003313706553027907,0.0,0.0007968435818919931,0.0,0.0,0.0019248179105553667,0.025135656752138656,0.0,0.0,0.0047960654755261935,0.0,0.0,0.0039452843520316255,0.006278354605499303,0.0,0.004206011949801386,0.01673404606132945,0.0,0.004906126451719466,1.0,0.005949767278723121,0.0015957246662685227,0.0,0.015420980014806192,0.0,0.0,0.00048758175900294915,0.008484860031520181,0.008062746708945119,0.00022299047728167217,0.0035038535366324693,0.0003608621242575999,0.0028932955882962587,0.009148082752868278,0.0,0.0024416317290478764,0.004329231502675783,0.006498197295980407,0.005656845777617342,0.00916788761129591,0.010223515087461551,1.0,0.0,0.0,0.0007072819727333201,0.005122059865890368,0.011944143778082023,0.0015241060708634977,0.007805599776556049,0.020215788892465197,0.015701004400163015,1,neptune,DoS
0.001075732756003068,0.0,0.011144627121824789,0.0010416275049732276,0.0,0.008253917778560967,0.0,0.01706911751865519,0.0010465125794854133,0.0,0.011292859342159177,0.0008016564364880501,0.010728650952940642,0.0016066783404206908,0.0,0.0008104082860297266,0.0,0.0008248522817759413,0.009795097465332173,0.00024798256754758087,0.037249762632199285,0.0,0.0,0.0032267895098797316,0.0,0.9878139134603574,0.004075231393330407,0.11459270724674644,0.06575093319407617,0.2803552165651914,0.9827813157627064,0.0,0.9913861671565943,0.03683159332836103,0.0,0.0,0.007194598005926451,0.005648918008292918,normal,0.008530490873556102,0.0,1.0,0.0,0.0,0.0,0.0,0.0,0.0,0.0,0.0,0.003774325727683714,0.00819321561958788,0.0,0.0,1.0,0.0,0.0,0.0,0.0,0.009467999215821312,0.014781268640410992,0.0,0.0,0.0,0.0,0.011074453788214486,0.003606046776759614,0.0,0.011337491357763156,0.0,0.008291563795811288,0.0021337417240860786,0.0029981073871038827,0.006584521298828292,0.0,0.011345626552177692,0.008475881636080452,0.001592403732903161,0.01698022687800405,0.0,0.0015535931438989364,0.0,0.008480036237748699,0.010558666941344474,0.014748770583686257,0.008338618817586203,0.012736299561643618,0.01130595343180833,0.0,0.0,0.0009017502103701199,0.0015700429449942157,0.012009154156372293,0.006382293781320904,0.008089219515538417,0.0,0.0,0.0,0.0,0.011501423597368568,0.0,0.00043650586382231057,0.0,0.0,0.0,0.0,0.008770647836094448,0.0,0.0,0.0033678470957452583,0.0,0.008962249106027288,0.0,0.0,0.0,0.0,0.00597261736898109,0.0069067663527336825,0.009735715585879925,0.0,0.0,1.0,0.004274244853584872,0,normal,Normal
0.009120552537183265,0.0,0.0,0.0,0.0029478797933150964,0.0,0.010949695257301635,0.0,0.9964943582171624,0.008242287412579374,0.0,0.0,0.0018457081861589977,0.0,0.00707188100575008,0.0,0.0011268758529852806,0.02073032835922499,0.007012014184153626,0.0,0.0,0.010013871973589638,0.0216130142744747,3.8529616487368875e-05,0.011636328271627827,0.9946498697468212,0.0027971650233221245,0.0024129834457539967,1.0,0.9843701079187492,1.0,0.0,0.0,0.0,0.0,0.0,0.00207398752585073,0.0,normal,0.0012917855327414945,0.9933656838533289,0.006004627761925475,0.00043908166177110826,0.002886277552507627,0.0,0.0,0.0,0.0038452036460909413,0.0,0.0,0.004567578098220889,0.006338933095580672,0.0056337965253211875,0.005129990959422333,0.0,0.0,0.0,0.0014369289715433955,0.007865555292699533,0.01910898962581966,0.0,0.0,0.01243905182486942,0.0,0.0,0.0,1.0,0.0,0.0,0.0031126182717784103,0.0,0.008811733674251124,0.0,0.002864357832140197,0.013366606373382274,0.0054929946930823,0.013546601766700573,0.0,0.009977521559268008,0.00010946507553094525,0.0,0.004610140917080806,0.0011994707336870092,0.0,0.0,0.0,0.0,0.004777998927177186,0.0,0.00626788866204676,0.0,0.0,0.0,0.0,0.004189122894919858,0.001389686172205046,0.0,0.0,0.019240218565659436,0.020199743283085818,0.0072247255162814486,0.0,0.0,0.0053907180894996985,0.0,0.0,0.009585370261203187,0.0,0.0,0.014278603845994426,0.0,0.0,0.013062277770911311,0.01772246269746435,0.0,0.005219110332759668,0.0,0.0030362554839928973,0.0,0.0,0.0,1.0,0.007327364793152134,0,normal,Normal
0.017126887630241474,0.0,0.016847379068019464,0.0,0.0,0.001076922138560242,0.0,0.0,0.9881230052961452,0.0,0.0,0.006343375930299651,0.0036753979364860362,0.0014767710190271657,0.008575175830949484,0.009447187462361973,0.0,0.0,0.0,0.0,0.030018478722469405,0.0,0.0,0.0,0.0019138628996185187,0.9999506157568301,0.0,0.39631078336775777,0.9946175462478758,1.0,0.9938488857206107,0.0,0.0,0.013538581669327691,0.0,0.0,0.0,0.0,normal,0.0036358931737994348,0.9789017389939553,0.0,0.010962061900943437,0.0027555047462056764,0.0,0.007791169039547744,0.0,0.0,0.0,0.004855517934361625,0.0,0.0,0.0,0.0,0.013190961491532392,0.0013074677971350677,0.0,0.0,0.012632336302056622,0.01194742064014075,0.0,0.011520323424870351,0.0,0.0,0.0,0.0,1.0,0.0,0.017317901499245447,0.0016999708413214351,0.0028300989518315186,0.0,0.0,0.004741208396926681,0.0,0.006373519398146425,0.0,0.024541211255086463,0.0,0.0,0.01664501607719742,0.0,0.0,0.0026087566472515673,0.0028430544691372735,0.006251143657759868,0.004906305577976828,0.0,0.0,0.0,0.0,0.0045190852847517855,0.0,0.0,0.0,0.004417500316043338,0.0,0.0018174085098036372,0.0,0.005702654062748418,0.003611533564821777,0.0,0.0,0.009922809946395184,0.00537417393754132,0.0,0.015540263333853603,0.004266661603176079,0.003814667586806987,0.01607408742982092,0.0022298655683507225,0.0,0.0,0.0,0.0,0.0006385224074192159,0.0007446578003573925,0.005438860071585933,0.0,0.0,0.0,0.9982613052981515,0.014611211775372532,0,normal,Normal
0.008423645670742,0.004294790443486086,0.0,0.0,0.010247540065508449,8.82623389055734e-05,0.0,0.0,0.0007043260412659233,0.012512150515785667,0.0,0.004621581706740505,0.002390681314664549,0.0,0.0,0.0,0.017633673318371516,0.008505191886767023,0.0,0.0,0.008634075409735762,0.0,0.0016543832576447072,0.0,0.0,0.9864563234201349,0.0,0.01202940191798006,0.8593972825778803,0.8828322046938867,0.9956628397892278,0.007510898326999052,0.0,0.0,0.0,0.0,0.010700856601805649,0.008238969109672634,normal,0.0,0.0,1.0,0.01048708425936305,0.0,0.005020635130970435,0.0,0.0,0.013225835798016608,0.018609551686611357,0.0074354382486710325,0.01729153519069303,0.0,0.0061362246054634485,0.0,0.007392620911212887,0.022448049765259617,0.005125842896476281,0.004642139439563457,0.0012265044439316347,0.012366733643094633,0.015307309441185591,0.0,0.00835575346746179,0.0,0.004749508047917382,0.00951247555620332,0.001346369702529669,0.0,0.0,0.00034848405815877964,0.007440516259431838,0.0,0.0,0.0,0.00414754093739405,0.014334691951341095,0.0,0.004170256946556721,0.021062558343108665,0.0,0.01925013693648608,0.00799521123687243,0.0,0.0,0.0010913116309888922,0.005567541094624528,0.0,0.0,0.0,0.01487377009197346,0.0,1.0,0.014030605414341632,0.01754876470833586,0.0,0.005384091225596539,0.0,0.0,0.000525956707300022,0.0,0.0,0.00960909517242109,0.0,0.010031752557488416,0.005057664859982906,0.0,0.0,0.007741087067558623,0.0,0.010859522598173773,0.00992358851905363,0.0,0.0,0.0,0.0,0.0,0.002894018636564026,0.003311278661977616,0.0,0.0,0.007653201282804792,1.0,0.0,0,normal,Normal
0.00036167849002310417,0.0,0.0,0.0,0.010067172590345794,0.0,0.0,0.003163222975397751,0.021421575475657036,0.001742681145286733,0.0,0.013955951672482871,0.011197675083828986,0.0,0.0,0.011891689533556472,0.0,0.005602000923190142,0.010217068930619078,0.4220810327002985,0.002256453302179346,0.016414324616015014,0.0,0.9966810795361088,1.0,0.06413746138858549,0.0765344758939,0.0,0.9905312330811995,0.04072758745477207,0.04202072798739044,0.07916083303566637,0.0023074461108351474,0.004688720302844543,0.0,0.0,0.997272933003609,1.0,neptune,0.0,1.0,0.0025576648938297336,0.0,0.007443474915357619,0.0044891024086071004,0.0,0.0,0.006557859504524211,0.008100639317235897,0.0015942350218266324,0.0,0.005874019329078564,0.0,0.0,0.003010897754772324,0.0006071823983365194,0.015412407669322404,0.00629824063389261,0.0,0.0030701304228605286,0.009654016531410332,0.0,0.0,0.004738984619444937,0.0,0.01915698180443093,0.004976805799667934,0.0077446665491835865,0.0,0.0,0.0,0.9901436728384575,0.0,0.0,0.028016362044821358,0.014374362268810089,0.0,0.0,0.005528136872767675,0.0,0.0,0.006016066127419284,0.02273532041650012,0.0,0.01741585435068429,0.0,0.011762423423350949,0.018209741249601057,0.004488371711674646,0.0,0.0,0.0,0.00021947388917905746,0.0,0.00984976135282604,0.021405374446644258,0.0,0.0,0.0,0.0,0.013233174563507368,0.0,0.0,0.019786963694555054,0.0,0.0,0.02046118027720343,0.013654386711549971,0.0028533581598553528,0.0,0.0,0.013177351717311696,0.0093932306341013,1.0,0.0,0.008278644925315902,0.004383870590962292,0.0,0.0072731932224788355,0.0,0.0,0.019263699137151195,0.011772906016269657,1,neptune,DoS
0.002395074184212152,0.0016792934139713148,0.0,0.0,0.0,0.0,0.005456556951919202,0.008486487403840014,0.0029336402559967836,0.0,0.02319823065852816,0.014653242633530307,0.019962182330273245,0.0,0.003666169968323275,0.0,0.0001061970966212146,0.0073617619231842015,0.0,0.002230113044354733,0.0,0.9950511716072982,0.9883559996630085,0.01760505511338866,0.012488486033305839,0.9996802015085253,0.014056185623357401,0.006024613701728452,0.9907748440660594,0.2691917560571395,0.28468016707321364,0.6510358978800217,0.0,0.0,0.1546372068119834,0.6389344758585345,0.6562634227396568,0.007009166728865852,processtable,0.0,0.9971754506798189,0.0,0.0,0.006202402316327379,0.0,0.0,0.017532316566383134,0.0,0.0,3.663928539740184e-06,0.0,0.0,0.0012315624713253957,0.00033336926848697096,0.005491159076544868,0.002396801892367975,0.009223276646736799,0.009468397925819718,0.001164084206173363,0.009694987371839036,0.013169760850344953,0.0,0.0,0.014680064335745091,0.0,0.02251394861904267,0.008646812173636168,0.008177454872661248,0.0035820858936846836,0.0,0.0,0.0,0.0,0.004174372311858912,0.014967802100837476,0.008321858360138676,0.012817649588955697,0.003412678428921664,0.0,0.01565700636024561,0.0,0.016222288657823845,0.0,0.0,0.0,0.0,0.0,0.0,0.0,0.0012211830668894057,0.005525504379317801,0.0,0.0,0.0,0.009793163647463507,0.0077979188681688415,0.011972702258845325,0.002697508469656722,0.014620301269671898,0.00459310606509825,0.00449522955022349,0.0,0.9944180273303174,0.0,0.01254246094801102,0.0,0.01790152679731987,0.000992815722998228,0.0,0.01735708682145896,0.002632599856320597,0.0,0.005474894914752784,0.0009447525018694725,0.0,0.002422973994985668,0.007694811295860776,0.0,0.0,0.00411288213203053,0.9982982017014741,0.017203813318445484,0.0,1,processtable,DoS
0.0,0.0,0.0,0.0055500388354763975,0.0077909383112241435,0.005610529718103603,0.0,0.0,1.0,0.007836528620806674,0.010615332827627572,0.0,0.006761018882852006,0.0,0.01427747823351563,0.012669951165538764,0.012544837277907952,0.0028807610729328064,0.0,0.0,0.024125521337874302,0.0,0.011237748820748985,0.0041431287324168965,0.0,1.0,0.011557677535688236,0.64979861125365,0.010122906215229181,0.13045698633665437,1.0,0.0,0.48677352213621905,0.08504075226142287,0.013111589982824936,0.0,0.0054645778882159235,0.0,normal,0.0,1.0,0.006988302462790891,0.0,0.006468783682486108,0.00526096923538234,0.005692369185927158,0.004718966312195838,0.0,0.0002169808688209489,0.0,0.012998776806053334,0.0,0.0,0.0,0.015580577547400106,0.012607791573880535,0.0,0.0,0.005111217130155037,0.0,0.0021243737565152217,0.0018031733715567256,0.012313183386101052,0.015580283954667679,0.0,0.013381864197216842,1.0,0.0,0.0,0.0,0.0,0.0,0.006720090379293199,0.009988521999401142,0.0014680208725386828,0.013511760843405187,3.625421303204477e-05,0.0,0.0,0.0,0.0,0.0,0.006846341186992648,0.0,0.0023516193705560733,0.0,0.0,0.00884951216162756,0.0014569222123884573,0.0,0.0,0.0,0.0,0.00498335500268345,0.0,0.011627371718699498,0.0,0.0,0.003855516370762227,0.0013253951890205356,0.0,0.0,0.0,0.007132451466913036,0.005014250902768942,0.0,0.0,0.0,0.0,0.0,0.0,0.020709081652952318,0.0,0.0067124710298331215,0.014253569682822953,0.005503321709576304,0.01005628981618421,0.007413647579319255,0.0,0.0,0.003086780571142624,0.987547965821474,0.000773026923413101,0,normal,Normal
0.01594561991533872,0.0,0.006267231296430851,0.004354030053632773,0.0,0.0,0.0,0.0038448887697253593,0.004571386349388021,0.003833395344497076,0.009654700194071138,0.0018729736691177109,0.013898171314026557,0.015176994147442937,0.026063505020650385,0.0,0.0,0.010038647052335195,0.009343405022517076,0.8882656329360444,0.0,0.06120681481159011,0.0,0.9354631510107009,0.9950637222854531,0.0,0.9936980165077738,0.009941334982011206,1.0,0.0,0.0,0.9854177277302013,0.017411627909967437,0.0,0.03590820860336877,0.0,0.9498521903658396,1.0,saint,0.004268441580935701,0.997217695814739,0.0,0.0009294423088350908,0.011822860226884942,0.0,0.004406178267922998,0.0,0.0,0.006131665581939438,0.0,0.0,0.012317615834133738,0.0,0.0012996187800270722,0.0014402372296042395,0.003964998070679907,0.0,0.004536165668006816,0.0,0.0,0.0,0.017843502307693437,0.01907624357823046,0.0012816507490543026,0.012247555848817685,0.0,0.0006301645847208006,0.01018010398048816,0.0,0.0,0.0,0.005921407509632317,0.0,0.010569210193123759,0.0,0.0,0.0004810397171437361,0.013476009953087974,0.0,0.008167328806323981,0.007926557405202265,0.007265483331135616,0.013793149470041793,0.0,0.0,0.0,0.9888787451543068,0.003970361036946498,0.004862955543925196,0.007059841671892972,0.0,0.0021041159904423186,0.001172723262342265,0.0,9.839360972211792e-05,0.0002938643917524246,0.0,0.0017617960788201587,0.0028405899954469334,0.0,0.0,0.008204808605079824,0.0,0.0012098809940652706,0.0,0.0,0.005480975767961614,0.006368164621444098,0.015334610954265812,0.014793511916446036,0.016635773254319874,0.020055821887696085,0.011326593803923932,0.9992947207359919,0.0,0.007765730193714398,0.0031879088024161567,0.0018547492811289848,0.0,0.0,0.0,6.986640234782661e-06,0.0,1,saint,Probe
0.0,0.0,0.015711845327310063,0.0,0.0014349772372797714,0.0,0.0,0.012031977091977425,1.0,0.0,0.0,0.011900227645842865,0.01334245893496951,0.015393806931504784,0.011335208289411825,0.009579453379593386,0.028984918677136033,0.010755840334547693,0.0017290175436046973,0.003973108470552927,0.0,0.0,0.0,0.013719377437515284,0.0036264829558610603,0.9892992970326699,0.0,0.23840488462665432,1.0,1.0,0.9980205003034432,0.0,0.0,0.003819882719967556,0.0,0.0,0.006085994515764789,0.0,normal,0.006735112527358492,1.0,0.0,0.01189690314204603,0.0,0.0,0.012813683124031248,0.0004800600115284405,0.0007632456837632843,0.0,0.013532211267410466,0.016729726300647736,0.010266804936166583,0.0,0.0,0.009011912232525789,0.0,0.0,0.0,0.007031128539091847,0.0014304341876937117,0.0,0.0,0.0,0.00020699803347483392,0.0015315629976463284,0.006621435970502012,0.9982600495583313,0.0,0.01623235839849169,0.0,0.0,0.0199522006807557,0.00979956101851389,0.0,0.0,0.0,0.00022788205176642207,0.0,0.0,0.0,0.0,0.0,0.0,0.0,0.0094617806061103,0.01864334534363081,0.009821015774899562,0.0,0.0,0.0014921521993521583,0.01211833037398995,0.0,0.007702902092013845,0.0,0.005888345978230964,0.0,0.015521482051009155,0.006868282185913423,0.0,0.01259722469849826,0.0,0.0,0.0,0.012749095032736153,0.0,0.005635765326860718,0.0,0.0,0.01164842171307631,0.018234400705708153,0.0,0.0,0.010851182618501255,0.011192502808453405,0.0,0.0,0.0,0.01594884389033244,0.007204262007679743,0.0,0.008371730799621096,0.9986575120337368,0.0,0,normal,Normal
0.004966818645617071,0.012461252920470473,0.0,0.016907267383685882,0.0,0.017098174596043583,0.0,0.0,0.9945302386010145,0.0,0.0,0.0,0.0,0.0,0.0,0.010909773656226016,0.002805354164974058,0.003921683706901595,0.0,0.11199138266630342,0.11923885477211338,0.0,0.00410945449141715,0.01069475502484629,0.0,1.0,0.011168954918663591,0.0329350250394102,0.6032909287815387,0.9100352785180655,1.0,0.0,0.022309783835158935,0.02478324156584249,0.0,0.0,0.0016712434654547917,0.0,normal,0.014978345425019872,0.99188519576958,0.005081938012912481,0.009771260113740838,0.014067205395555338,0.0025599152303372305,0.00018335730314802517,0.008907704064318038,0.0,0.0,0.0,0.0,0.0,0.0,0.0,0.0,0.01887491715052978,0.0,0.0,0.0,0.010077491034851456,0.0036845646818606977,0.0,0.001182199761890521,0.0,0.0037507925421177706,0.0,1.0,0.0,0.0,0.0,0.0,0.0,0.0,0.0040993679963437,0.0,0.002949469763805359,0.002714216685085819,0.0,0.0,0.0,0.0,0.0,0.007527191286257792,0.013368377784478738,0.0,0.0,0.003940443141006716,0.0,0.0,0.016426364014491716,0.013922575360010566,0.0007165951592913195,0.009080546948974462,0.0,0.0,0.0,0.0,0.009138620809809664,0.020187003469855545,0.01060444020620498,0.0,0.00477246641614529,0.006254925619674993,0.0,0.0,0.0020732084280283623,0.0,0.011438734076289847,0.0,0.0,0.014715362134139074,0.0,0.0027457334093794095,0.0,0.007947715454787374,0.0,0.003927541784329145,0.0,0.012699004940560973,0.0,0.013313280163704796,0.9985577630650688,0.010605558790102885,0,normal,Normal
0.0,0.0027586719848064767,0.0,0.0004834055373097113,0.005909752909047029,0.00215121108136097,0.01545758885996092,0.0024382812511979423,0.0,0.0,0.0,0.0,0.0068252999867031055,0.0,0.008507669484334823,0.0,0.016572619410028126,0.0,4.696655512266726e-05,0.017756813836251897,0.0255124062179458,0.0,0.010089143512857467,0.0,0.00907812278407618,0.9955848477873472,0.0,0.004300735082099002,1.0,0.9972533978831221,1.0,0.0,0.0036288100731148402,0.0,0.0,0.011448615196819664,0.0005516710344123656,0.00890914932201757,snmpguess,0.0,0.02066521827455075,0.9899019001730509,0.005797503490975546,0.015401099450941733,0.009113260796318554,0.0,0.002632749576157173,0.0,0.0,0.0,0.004415901159010951,0.0,0.0005845759492717581,0.008802316053597724,0.006010240804486334,0.0,0.003273922515375768,0.0,0.013279887524215645,0.004638343867215521,0.0,0.0,0.0,0.0,0.01329624405396056,0.0046072815357158505,0.0,0.0,0.0,0.0,0.013228742013396145,0.0,0.006121801959337876,0.01126135365488034,0.0,0.0,0.0,0.00011288689989538005,0.0005568748738164407,0.0,0.0,0.0,0.0,0.002681002659333956,0.0,0.008044610634765114,0.0079358930255549,0.004412533165032067,0.0,0.0,0.016898395688834396,1.0,0.018888198469418364,0.0,0.0,0.029401723812189366,0.0,0.004499874232684175,0.0,0.0,0.007093769221527732,0.017312237423892186,0.001985381921542465,0.0,0.0,0.006290252651692002,0.008389691744112877,0.0,0.0,0.011844060159972709,0.01716813142712471,0.024286840401650966,0.0,0.0,0.004519700208043498,0.0,0.0,0.0,0.0021552003978600755,0.0,0.0,0.9924103754118853,0.0,1,snmpguess,R2L
0.0035468283282032065,0.013764137874028689,0.021273599097123827,0.01021516642371105,0.0,0.002033458510293631,0.0,0.0,0.9797272095577504,0.0,0.0,0.006048832947996612,0.0,0.0,0.002850707659541355,0.011366515398322997,0.014271462788582582,0.003169216002754319,0.0,0.011632047894034107,0.0,0.0003704656967724259,0.0009487764046742854,0.0,0.0,1.0,0.0,1.0,0.7211090946172701,0.5980781123341538,0.8233353956213997,0.022164820778871695,0.0,0.0,0.0,0.0,0.006257930018234924,0.005419563016359727,normal,0.004537642906663818,0.9988231272418787,0.0,0.009777721566751555,0.0,0.001610527569559986,0.0,0.016799392966157577,0.0,0.0,0.0,0.0,0.0,0.013607880462095465,0.0,0.004829797463482877,0.0,0.0031093974451554852,0.0020655085931911366,0.0033479829700502175,0.0,0.0,0.0,0.004472282981781953,0.0,0.006214966663682668,6.682084516574376e-05,0.0,0.0,0.0,0.0016340894848661455,0.0,0.0,0.0012325831301572769,0.0,0.0,0.0,0.0,0.014726450715402982,0.0026298200609531654,0.0035506502051358764,0.024887087571450528,0.0066776099631966615,0.0,0.017515395542365315,0.006437206612111183,0.0,0.006222220345012463,0.0,0.0,0.0,0.0,0.0,0.009576443337620574,0.0,0.0,0.0064998248072287166,0.9977608806631504,0.0009182942466451741,0.0,0.007195504573583357,0.006440415896422205,0.0,0.0,0.0,0.0,0.007128456555759574,0.002026790019321789,0.0031870910104632322,0.0,0.016424352343122603,0.0,0.016884050472675778,0.0,0.0035154148397741735,0.0,0.0,0.01663160678596852,0.010785607379187632,0.01344572375968259,0.006110717740352017,0.014544888628216231,1.0,0.0029369941143115447,0,normal,Normal
0.0011594642931007006,0.0,0.0,0.0,0.008209753362367981,0.0,0.018504247409512557,0.010044364104240464,0.9939924677751847,0.007001338008897442,0.0,0.003802538574841395,0.0,0.0,0.0,0.0,0.0,0.0,0.0,0.011270745101320255,0.02263241627958685,0.0,0.014838480627418162,0.0,0.0,1.0,0.0,0.0,0.9549485436822828,0.9955238551957456,0.9984140845414808,0.0,0.0008306304886371859,0.0061415804865970446,0.0030712751996539943,0.0,0.0,0.012847305010094791,normal,0.013023947103400902,1.0,0.0012207619737729337,0.016500936798773805,0.0,0.0,0.005177830873136045,0.0,0.0,0.0008345373283168943,0.0,0.01017836071869633,0.0,0.01722089932562597,0.0,0.0,0.0,0.008132739751099492,0.0016468267528988757,0.0,0.007501340299080859,0.0,0.008548464433303182,0.000252301202477641,0.0005589604379188602,0.0,0.0,1.0,0.0,0.012740653752632745,0.0012549997003936154,0.0,0.0015741396515418218,0.005221339357505356,0.005566841567380139,0.0,0.0,0.0,0.0032508200293620794,0.009771817895443983,0.0,0.0,0.0,0.008519562297982898,0.0,0.0,0.0,0.005702713769190072,0.0,0.0,0.0,0.0,0.0,0.0072540845435614286,0.012376648284178228,0.0,0.0,0.0,0.0,0.0,0.0,0.006639202494575133,0.0,0.0,0.019209374635946144,0.0,0.009351142719552378,0.004739452807507556,0.0,0.0,0.0006024631806148919,0.007971586685649446,0.003404331018271522,0.02164607961289186,0.013456324926334012,0.007070856517558986,0.015456696459301764,0.009885071424225714,0.011775146767927874,0.0,0.013918783035822859,0.00020107605610056732,0.9772315813149223,0.0031355690059868204,0,normal,Normal
0.0,0.0,0.003957037184454425,0.015993721369660596,0.0,0.0,0.0,0.011895282579380913,0.004310462596094875,0.019075538051030707,0.0,0.0,0.0,0.0,0.00276693371317291,0.007688330411561588,0.0022376081978041427,0.0,0.0,0.26322311039943463,0.0,0.0,0.016223764241828597,1.0,1.0,0.012585718704463969,0.05015179763086543,0.0,1.0,0.012417951674494533,0.0031603465566396476,0.043129774579657006,0.0,0.0,0.008515419577646892,0.004325244549661687,1.0,0.9950019288409675,neptune,0.006277441722727328,0.9640607608988965,0.01036314054171688,0.0,0.0,0.0016588377191458122,0.0,0.007032864493711356,0.0,0.0010871150123323771,0.0,0.0,0.0,0.0,0.005062807348507744,0.0,0.0,0.0029349061626607127,0.0,0.0,0.0,0.014289111489565081,0.0,0.001278437049040934,0.008952344207994904,0.008113221710681908,0.0,0.0025297449346656582,0.009136661503058693,0.002531489541716317,0.01608296058947317,0.0,0.0,0.008360925023938452,0.0,0.0,0.0,0.015963685886818933,0.002583806128524052,0.0,0.0,0.0,0.0019408675277306667,0.0,0.0,0.013016017314551123,0.010538083417360396,0.006926906766628421,0.0,0.0,0.0,0.0,0.9926166504678037,0.01639638244024755,0.005801560965037151,0.0,0.00040655387164171625,0.001960245310907296,0.0,0.0,0.0026557499888449484,0.012933573779078734,0.0,0.0003417349444044919,0.0015342340013016467,0.0035225047248083102,0.0011203999109179797,0.004283705859196791,0.0,0.0,0.01265732123105576,0.0,0.0005417635137188301,0.007176885331550581,1.0,0.01929387264958278,0.0014510269238856325,0.0034350082874854055,0.02288603350674201,0.0,0.0,0.007318858277334396,0.0,0.0,1,neptune,DoS
0.0024311416672488295,0.012736803232752881,0.0,0.0,0.009329892873252924,0.0,0.0018291473080991557,0.005158590526428692,1.0,0.01133890652373585,0.0002262730270685026,0.0,0.0,0.015467401520348112,0.0,0.0005250105583069586,0.004493392944004164,0.019791853012826235,0.015409505598053515,0.022090276685929798,0.009067201817650389,0.0034863090390799428,0.006706145906366569,0.0,0.007961798251824737,1.0,0.0,0.0,0.02893264636460961,0.9992190087358082,1.0,0.00030468807012289876,0.12989532222073266,0.044330337471529174,0.0,0.0,0.003121020039486238,0.0,normal,0.010244020922977269,0.9658387849223085,0.0,0.00629288307536137,0.008851420372477402,0.007421523202840958,0.002278382785504998,0.0,0.0,0.0012334892242894426,0.0,0.0,0.0,0.0018816480824845334,0.0012061573580304961,0.0,0.0,0.004679443853281444,0.0,6.070449526205681e-05,0.011374391579478099,0.0,0.004381376796526618,0.0,0.0004531883822427971,0.009571236645150291,0.0,0.9981067397355324,0.0,0.0,0.0,0.0028286559557228514,0.0,0.015010779151227812,0.0,0.0041272238990948725,0.0,0.0,0.004413395165328563,0.00425831786471869,0.0,0.0,0.0,0.0,0.0025606282213770223,0.001955865669695145,0.0014933374816247528,0.007115989302191685,0.0,0.0006294494464370501,0.006060011380034494,0.004236848445867514,0.011711007064763588,0.0,0.007604844805610596,0.0010292186236527782,0.0,0.0015864835629141405,0.0,0.0,0.01651050691932629,0.012753610925242131,0.005988503360337392,0.008923737146956257,0.002834265069710167,0.011136738639747453,0.005661575223202916,0.006605465444518021,0.0,0.022476141252419195,0.0,0.004558115231141923,0.0,0.00035566345634355424,0.005107999627174627,0.005303952452506733,0.0,0.0,0.0028927895627161204,0.0,0.0,0.005493646908238127,0.9860780090765783,0.015480809769838969,0,normal,Normal
0.0083346481010102,0.017500773855057612,0.013329231975016302,0.0,0.005371944069918555,0.0024587212325280117,0.003986388097442872,0.006501403953164575,0.015146907570230747,0.0,0.0,0.009441060680464386,0.0029116347325602063,0.0,0.008503677085149902,0.0,0.0,0.0,0.0,0.022083855156433532,0.009085733907355138,0.015922090734720746,0.0069896938029661675,0.010018518154292779,0.0,1.0,0.006624132001371591,0.0,0.047281526233708675,0.030985298870629088,1.0,0.0,0.10403124989586354,0.016337474379893552,0.0,0.0,0.010102362040257409,0.007286783565292358,snmpgetattack,0.0024026459644518132,0.0,0.9987318497492783,0.012230585026007672,0.008872051532451741,0.003954652001784925,0.0,0.0,0.007694581645182353,0.0,0.003414750609801628,0.015209933968858074,0.0,0.008007022029490858,0.008436027786188835,0.0,0.004628033982833555,0.0010404836768245214,0.0,0.013975287831737552,0.014468683033812896,0.0,0.0013064009009376959,0.0031059033265276774,0.0,0.0,0.0,0.0012865577078641065,0.005506990776684035,0.0,0.0,0.002673576618118028,0.0,0.0,0.0,0.0,0.003980883773428313,0.0,0.0,0.0,0.00848767691478705,0.0,0.005055655564012325,0.0,0.0,0.0,0.0,0.022239247653526244,0.0,0.0056982532877843705,0.016584075733008463,0.005070146672183468,1.0,0.0,6.001004445762205e-06,0.015560668346836865,0.004192838082954167,0.011150421367398734,0.0006080075158323714,0.0,0.0,0.012770476900102325,0.003457726538787846,0.012919653884318821,0.0006914979678205869,0.007300840882023935,0.005905172365035959,0.014525347889727314,0.005501643491797543,0.006298887520527906,0.0,0.005404550299019655,0.0052433497919401,0.00354605791846173,0.007531095170473996,0.00023439922415790525,0.0,0.0,0.0,0.0,0.0,0.0,0.9894407759150722,0.0,1,snmpgetattack,R2L
0.0,0.009762691136183258,0.0,0.0,0.0004888491135500117,0.01015263069319804,0.014309640431863,0.004934694985124534,1.0,0.012434350322462024,0.0,0.0030648733967727528,0.0,0.01488255710912298,0.0,0.0,0.0,0.005799802739197728,0.017196677796333402,0.011461639427520421,0.007560591628049698,0.0,0.0,0.003402988640189216,0.002498776750147264,0.9959426367623212,0.0,0.0,0.07292830781987132,0.08059991277531142,1.0,0.0,0.05235535810974063,0.008439368147145628,0.0,0.007597767167834475,0.00880389728782594,0.0,normal,0.0,1.0,0.025115184693539475,0.0,0.0,0.0039767977939399665,0.0,0.012668634471582105,0.0,0.0,0.0,0.0014720374886808586,0.010636784506863726,0.0,0.0,0.005578376711814667,0.005503388085253519,0.0,0.0,0.0,0.0,0.0,0.0,0.0,0.0,0.0033352434482197815,0.0,0.993297156074298,0.0051749994728844855,0.012884913889283006,0.006356877224464477,0.02166903571068528,0.0,0.0,0.0,0.003984647107768457,0.011557962483851507,0.0,0.005592384343369065,0.0,0.012060547034217233,0.0,0.0018416152246082385,0.006514413673601624,0.0,0.0007823469142511119,0.023165169353927925,0.0,0.0,0.0,0.0,0.0017235451599789575,0.0028774330835632587,0.004431497437276556,0.00019799503778538945,0.0037142127386676944,0.00024629538639915654,0.019714773717683643,0.0029294762170678714,0.0,0.0023036357347969642,0.0,0.0,0.0061175156941651624,0.0,0.0,0.008254748767570033,0.020448107916128003,0.0053499083193742,0.0055405697042771665,0.0031885401526380087,0.0,0.013524722639340427,0.0074392185438686385,0.01108182517903479,0.0,0.0,0.0,0.0,0.010791059830412396,0.0,0.014850774771537175,0.9939591567464369,0.0,0,normal,Normal
0.06349573856929959,0.012345702896784357,0.006625550101503151,0.0,0.0,0.0,0.001222201086169405,0.0,0.999032107932314,0.003934902215263326,0.0,0.009146046912237705,0.009794111051163332,0.007583931639479721,0.0,0.004605027532178754,0.028185471343785153,0.003346286463794515,0.018127398742141112,0.026842486151139343,0.009908014296012853,0.0,0.000653496551170163,0.9904479097837298,1.0,0.9898341245347766,0.007040472062896555,0.0,1.0,0.9092915049685764,0.9043033091407077,0.010213656155229664,0.010079175549547258,0.0,0.0,0.011688602405325783,0.08060949928704172,0.10864296777666599,apache2,0.002718279469922051,1.0,0.002037378722871564,0.0,0.003172460990940078,0.01322357774485085,0.005047754467272487,0.017568683657028412,0.0,0.004680268948098847,0.004157787963540076,0.0,0.005266559953830665,0.003790247517852494,0.0,0.016518331313243005,0.0,0.0,0.014673776100036118,0.0020551922452778527,0.0,0.0,0.0,0.0,0.01630547474900284,0.0,0.002805689131472158,1.0,0.003500075086052371,0.005022399046465543,0.0,0.00285656151173861,0.012242771279291858,0.00654423272879817,0.009930179987702757,0.012007763550911928,0.0,0.0,0.016133744956816524,0.0,0.01553284142659976,0.0,0.0,0.008685779725049123,0.0,0.009100359880737343,0.007914266748686623,0.0,0.0007168933612625014,0.0021192934708756774,0.0,0.012768196758945305,0.007526520858418761,0.0,0.0,0.007604319286029928,0.0,0.0015166659230404086,0.0,0.020254240875426936,0.016130403187019995,0.0,0.008223016732722983,0.0,0.0,0.008016456372294254,0.0030158315678956997,0.0,0.0,0.0,0.0001973909350375339,0.0,0.0,0.014468620930677299,0.0,0.0,0.00477318482520431,1.0,0.0,0.0,0.0006018348620542126,0.0,0.004055547822999335,0.011917561174854019,1,apache2,DoS
0.0,0.0020866242443663436,0.00996773498786143,0.0,0.0,0.010507613225845543,0.0,0.0,0.00174565652836319,0.0,0.015810822563531196,0.0,0.008883854747639437,0.0,0.0012905970047097251,0.021631543787380126,0.0022197419421556975,0.009753763597333287,0.007577145671928968,0.5426329179263054,0.020393523999324484,0.004939943683635443,0.0,1.0,0.9925254902722759,0.05543588954601683,0.06241667045427193,0.0,0.9990549798084694,0.047518709715278044,0.026075604835891095,0.05522338149751998,0.0,0.007336066221280088,0.001989904139682528,0.0,1.0,1.0,neptune,0.0,0.9950253676432194,0.0011962215498717318,0.0,0.006665550198841537,0.007085643661967063,0.0,0.0013451751754590365,0.0,0.001124870389995143,0.007861558775557664,0.009017039756627038,0.0,0.0005756834149932534,0.0,0.018822916907975527,0.023300127535184113,0.007704684811213747,0.010202897661418731,0.0,0.0,0.003975463595037767,0.005911056100105914,0.0,0.0023537917257721885,0.0026037180955127593,0.0074607489368560785,0.0,0.0,0.002909244811371306,0.02680963464780116,0.0,0.0,0.0,0.004968352675248459,0.007366597806505709,0.0,0.009173621257480703,0.008371171201817391,0.0,0.0051892934795588755,0.0,0.027457659462714466,0.016321701775430065,0.0008855968775259581,0.0,0.025200493385118834,0.016458453663471543,0.0,0.0,0.004993379470966639,0.0025880577288092325,0.0027386021988768904,0.010777636082585076,0.01471081343887951,0.006874829361011275,0.021176592967012044,0.0,0.0,1.0,0.0,0.00045108572265124206,0.010072581564626256,0.00853567217379442,0.006685278223034316,0.0018384559164258934,0.02192029664179929,0.0,0.0,0.003704395128234231,0.0,0.014437354399694808,0.008224128785287964,0.0,1.0,0.0,0.013382909714137387,0.0,0.0,0.0032444812426665826,0.0,0.010504650215450674,0.0015734443313074598,0.004923937487870005,1,neptune,DoS
0.004903805277687486,0.0,0.003786397205201409,0.0028743395822435707,0.0029260332338112874,0.002859837646204096,0.0,0.0022722977060559394,1.0,0.0,0.0017733484716827266,0.0,0.0,0.008185025791157732,0.0,0.0012940558335888274,0.0,0.0007280280417120091,0.0,0.0,0.06814502054499157,0.019086205760116187,0.0,0.0,0.0,1.0,0.005275720908678026,0.04412549928270951,0.2909152768076688,0.9848474007303166,0.9926383045864393,0.018106027663898114,0.024322729853724388,0.015242270182074295,0.024978266869086458,0.0,0.0,0.0,normal,0.007876787566767296,0.9982324250501183,0.0,0.0,0.00978231385706572,0.0,0.0,0.00284277264537136,0.0159496767167639,0.0,0.0,0.0,0.02003623823878114,0.0,0.0,0.0,0.0,0.0,0.0,0.0,0.0,0.0,0.008768157727218992,0.0,0.01786357180249855,0.0,0.0,1.0,0.0,0.0,0.0,0.0,0.0,0.003611755105204084,0.0,0.0,0.0,0.0,0.0,0.0,0.017469343535453773,0.0,0.006791163795029998,0.006228787075074496,0.008260029683865676,0.0,0.0,0.018573631272680996,0.023195547064566512,0.0,0.0022992103661045103,0.003015861604980622,0.026754942930593644,0.016281093745673048,0.010313545282690502,0.0,0.0,0.0,0.003583707605302476,0.0,0.0,0.014991060137910904,0.0,0.002908734221027315,0.0,0.012735562327202977,0.0,0.005316382013465034,0.006164591531369269,0.009721051466524007,0.003865085024187083,0.0,0.0005087400109982634,0.0,0.0,0.0030330652124619497,0.0,0.013156092918068556,0.005493020735474554,0.0,0.005004132801267347,0.0,0.9908056595384703,0.00810769535089102,0,normal,Normal
0.0,0.0,0.0,0.012785790551843207,0.004071160074500824,0.0,0.0,0.0,0.013602212424662955,0.0038637768739712116,0.000444347361000823,0.0,0.008438749623196955,0.0,0.0,0.005628200333840811,0.007932705213337488,0.0,0.0,0.0,0.07184546267604068,0.0,0.0,0.00415580935809385,0.01120486586036573,0.9974030788230358,0.004938107409718016,1.0,0.004670629307274897,0.5660315304978218,0.9977904226608563,0.0,1.0,0.4903330119842709,0.0063048959707502975,0.0,0.0,0.004727800110561422,ipsweep,0.9916658292446123,0.0063690582075526594,0.0030315424858067207,0.008137988765417947,0.005670569729956213,0.0030357802930978464,0.0,0.0,0.007063912475773143,0.006343918265785785,0.008831705866168505,0.005054001839352472,0.010170958765548558,0.013421684188816877,0.0,0.0,0.009129338798960461,0.9993357816866794,0.003572691250094219,0.0,0.003103003544932619,0.008685284367532284,0.02324833425943386,0.0005219106762827029,0.0,0.0,0.0,0.0018438814928065333,0.0015703059693526825,0.0,0.0,0.00948061786661812,0.0020559560694166125,0.005962182138341845,0.0,0.0,0.0,0.00737114483164591,0.006000607221127029,0.0,0.014631950324211218,0.0,0.003963491741524772,0.0,0.0,0.0,0.0,0.0,0.0,0.0,0.009775198999239839,0.01059374308420503,0.0019280760143835605,0.0,0.0016404056313445057,0.0,0.00456029748851067,0.0,0.008016429351771364,0.015546187194250638,0.0034447371852450804,0.006312104040700999,0.0,0.0,0.008382148861785574,0.0,8.843406486022669e-05,0.0,0.015925488211107838,0.014020277263304428,0.0,0.013213702845150893,0.0,0.0,0.0,0.0,0.0,0.0,0.01295381896219175,0.0,0.0,0.002349171341720576,0.9867464819576012,0.0,1,ipsweep,Probe
0.005412443028870253,0.004665789462686225,0.0,0.0,0.0032842360965693275,0.0,0.009494608012602376,0.003734118138964901,0.0,0.0,0.017999115672977486,0.005959161212120378,0.0,0.006740247779540639,0.012906584734586914,0.007478376281007081,0.0,0.01877720594511419,0.0,0.9903012810434785,0.0,0.0751450523416636,0.0014806703705533134,0.9564882068367521,0.9965370408147727,0.0,0.9906139850763038,0.004496083604014473,1.0,0.009415561462274426,0.0,0.999466109728008,0.00018022129914552516,0.012031850494208447,0.05195686969204333,0.0,0.9317610992971022,1.0,saint,0.0005319473543592463,0.9999694470049253,0.002775813012165514,0.0,0.007892489051472674,0.0,0.008157857921710499,0.0,0.0,0.0,0.007345195172568497,0.0014906123073856006,0.01313994248955381,0.0,0.015879490051010837,0.0,0.0,0.0,0.0,0.0,0.0,0.00654860418399589,0.0,0.00903535393704037,0.004360778111037376,0.002350961295587046,0.020313215001334685,0.007458648585438642,6.803738484601841e-05,0.00747819073136036,0.009948116742868406,0.0,0.0,0.00260154945892947,0.0,0.0,0.0,0.0,0.0,0.0,0.009522291629586753,0.009032106334500993,0.0012288064141214186,0.0,0.0,0.0,0.0,0.9937342423565935,0.0,0.0,0.0,0.006841267481613138,0.0,0.005443399527727784,0.013407838210223908,0.000655191161080008,0.008851142268032798,0.0,0.0,0.0,0.0,0.0,0.023355374281481565,0.0005467357244118408,0.014725817396915933,0.008556528008822336,0.0007988568601865867,0.0,0.00017041027628277546,0.0,0.0010288751757375804,0.0013805649519351374,0.005200519277599631,0.010603719337960558,1.0,0.0,0.0,0.0015918308342376666,0.0,0.014559334624372405,0.012767835260188216,0.0,0.013523651929437995,0.006307655168077836,1,saint,Probe
0.03748633522762254,0.0,0.0,0.010708687431243865,0.0,0.005357021107846084,0.0003682653287076772,0.0069698001820100025,0.009336019737137291,0.0024505585054682448,0.0,0.0,0.0,0.01276270893771637,0.020639153832692433,0.024300581137389247,0.0015096971946039926,0.0,0.0055080659129396504,0.25896694120923863,0.022173015695290437,1.0,0.9953975253830206,0.0,0.0020855148353431056,0.009795330255578718,0.07459782254292593,0.00877004255726739,1.0,0.001837667092244668,0.014404541068306046,0.11806169122046778,0.012595030600655565,0.0,0.9915501968548388,0.9933648393774563,0.0,0.0,neptune,0.0,1.0,0.00576352634833875,0.0,0.0,0.0,0.0,0.0,0.0037760886753276553,0.00262671399796505,5.295626288791504e-05,0.011151112476136595,0.01325901222252762,0.02140137064142003,0.0033253087424535005,0.0,0.9971979980506347,0.0,0.0,0.007705204400097432,0.0034744617729444358,0.0,0.0009753666383293805,0.0,0.0,0.0013238274906480605,0.0,0.0,0.0,0.004315425198765716,0.0003082072194944856,0.0,0.0,0.008672683284590789,0.0,0.0,0.0,0.0,0.012815759437383816,9.148674977262014e-05,0.0,0.0,0.0013315142631645503,0.010989868175645925,0.013409620515796986,0.0,0.0,0.0029861373233416367,0.015139301618250557,0.009044664190640024,0.004364908819540456,0.0,0.0,0.006571865946626834,0.0,0.0,0.0,0.00787383998097761,0.0051202035291060075,0.00883659335431126,0.005983052625943226,0.004488306603321265,0.0,0.007914323964273488,0.000792264445207157,0.020236712181830083,0.010893613499934847,0.0153421327799581,0.013057230950445472,0.011571164528194757,0.005352890786533744,0.0,0.00026005371614320994,0.0,0.0,0.0,0.0,0.0,1.0,0.01385255840025949,0.0,0.011146830003745159,0.0,0.0018378919111601785,1,neptune,DoS
0.0,0.0,0.0,0.003268105938358049,0.0,0.008375495817789538,0.007313361549467266,0.008282672961213518,0.0,0.0,0.0031880126619402743,0.013332296302127494,0.0,0.0,0.004540717926601322,0.018118575904819974,0.0,0.00721255075840669,0.0,0.40345657371444416,0.4148511747787194,0.001339589180632472,0.0,0.0,0.0,1.0,0.0020851360524824576,0.0,0.9885920579274088,1.0,1.0,0.02143838585677753,1.0,0.0,0.0,0.0020341423274283636,0.007001494803213267,0.0031981346286592844,smurf,0.9855057467494237,0.005015898484781716,0.0,0.0017654119890867833,0.01082135554615739,0.012828874752117289,0.009203466151705005,0.0053647329966739965,0.006323356617146239,0.0024586867449467647,0.0,0.00319403553035547,0.0,0.0,0.01126666223604891,0.005266132852853058,0.0008792445632994892,0.01329969001183836,1.0,0.0,0.0,0.0,0.007500057167917871,0.0,0.008382683796987755,0.0,0.0,0.005436832164119005,0.00983383758521084,0.0,0.0,0.012544082365131201,0.005401129748897917,0.0,0.0,0.0,0.02119806595854025,0.01893337618233219,0.0,0.009179717265302728,0.00798486086957383,0.037721925647955304,0.003646147801081468,0.007020736105835455,0.011052571723636877,0.013197742781143718,0.014131515978221904,0.0,0.0,0.006038966856061584,0.013669781935809018,0.011885842854732393,0.010009244504985923,0.006462642761335567,0.0,0.0,0.0,0.004475553451405457,0.0,0.01127901709108452,0.0,0.0,0.009197609614852883,0.00022737488912924099,0.012896164851876266,0.0,0.005185155653514692,0.0009877181015484997,0.0,0.0,0.00500531152419065,0.0,0.013781780153115914,0.018248330226567758,0.0,0.019196907463678612,0.0,0.0,0.0,0.0,0.0,0.007590880418475239,0.994903372921698,0.006672780063707917,1,smurf,DoS
0.007180832453079342,0.0,0.0,0.022331428861625754,0.0,0.004723881124538127,0.022239502712255523,0.008438792201567416,1.0,0.0,0.0,0.0,0.022957531910694558,0.002326924961835108,0.0,0.0,0.0,0.004457343303416453,0.010231035025653893,0.0,0.031216725093445603,0.0,0.0014552578776185576,0.0,0.0,0.9949415859504597,0.0,0.16744110308125004,0.1350865572696263,0.993919723793746,0.9980231582543573,0.0,0.029841618131727025,0.053398099124698305,0.0,0.0,0.0,0.0,normal,0.0052311484847972845,1.0,0.019072764925197917,0.0,0.0016174213361618125,0.021054413251473742,0.0,0.0,0.008344392303692095,0.0,0.0,0.0,0.0,0.0,0.01078376784404132,0.0,0.0,0.0,0.0,0.0,0.0,0.0,0.0,0.0,0.003012999911664825,0.00021250596394290435,0.0036732757345986806,1.0,0.005150457183700599,0.0016927689985313408,0.004168547323681765,0.0,0.0,0.0033216275144904413,0.0,0.0,0.0,0.0005701050599471028,0.0,0.0,0.0,0.018617394466548472,0.004381198907329791,0.0,0.002503524060499148,0.0,0.0,0.002414568317520941,0.0,0.0,0.023485252588807574,0.0,0.0,0.0007722599172890345,0.0,0.0067375382134190285,0.0,0.0,0.0,0.0,0.0029957226421466355,0.0,0.0,0.0,0.008552435804757216,0.010674097679502384,0.0,0.010480834006854723,0.0,0.0,0.0,4.720285258400356e-06,0.0,0.0,0.009422971790793789,0.012918667104490796,0.0,0.007337656449654736,0.007549172408743662,0.0,0.0008487487048494645,0.01608667557973416,0.9920660948057648,0.0,0,normal,Normal
0.013750825615693131,0.004663726601398978,0.0002406903478474818,0.0013387125100923706,0.0,0.0,0.0,0.010114415692660703,0.01416733854357119,0.0,0.0,0.004162216780664333,0.0,0.0,0.0049576377924223465,0.0,0.0,0.0,0.0,1.0,0.013127197366586497,0.0414908098291656,0.00014579582200491525,0.9462012733604107,0.9913534458250998,0.00901603574134211,1.0,0.008612078705906266,0.996167695732382,0.0,0.0,1.0,0.0,0.0,0.05324197229444638,0.009183769282222755,0.9553403380751314,0.99001524828359,saint,0.0,1.0,0.0,0.0025816433251701384,0.0,0.015752207942822935,0.0,0.0,0.014378840607044616,0.007655929212136694,0.011262533375920125,0.0,0.016837594437469457,0.00124572804080412,0.0,0.004108754759672121,0.0,0.0,0.0,0.022837635417877086,0.0,0.0,0.0,0.0,0.0,0.0,0.005449781590144182,0.0,0.015699422033046747,0.0,9.669028908502473e-05,0.002849834489526912,0.0,0.006674452771104999,0.007501526671275778,0.00346892744152329,0.0,0.0,0.0,0.002352972458054813,0.007415971327067417,0.0020399887815704966,0.014251431464808104,0.0,0.0,0.0,0.010462129005903499,0.0,0.0,0.0034556395495898883,0.0,0.0054281218016059745,0.9995212987488392,0.0,0.0,0.020032457985089756,0.0008874937549369711,0.0,0.0,0.0,0.0,0.0,0.007599688928586247,0.0,0.022874629186926114,0.005343794827542979,0.004911902868444125,0.0,0.0,0.00325466431813698,0.0014984313602989432,0.007053088787633046,0.003470037972085308,0.0,1.0,0.0,0.006347394878501385,0.0,0.0,0.0015119852218188165,0.0,0.012033159281081944,0.0,0.0,1,saint,Probe
0.0,0.0007904092291727721,0.0,8.294653396889448e-05,0.0,0.008440503583428268,0.006169133150725437,0.014888263877652495,0.0008564906210608818,0.0,0.004921554238708126,0.0,0.011206685456026495,0.0,0.008490016364195446,0.0,0.004763328005081987,0.01033880633200865,0.0,0.057093925427022435,0.006125676476926587,0.0,0.0,0.0028330020501624643,0.0036975889684124326,0.029701055656459235,0.9327595389708211,0.014541085198204356,0.9863627648642886,0.011190194606765083,0.009427216705306576,0.5226339543877526,0.949846672030096,0.003207409892037339,0.002201449103295097,0.007787907268471993,0.03709003813701557,0.007512600981728614,satan,0.0030190223422336872,0.0,1.0,0.0,0.0,0.004573870147004662,0.014665266430072765,0.0,0.0,0.0,0.0,0.001958838930527858,0.0,0.0,0.0,0.0,0.0,0.008982823869152827,0.0,0.0,0.006522418161117803,0.0,0.008073866546938358,0.013053869784959236,0.0,0.0,0.0015765800200005981,0.02493792387600575,0.005936358335139488,0.0,0.0012700520340686108,0.0003387924201881112,0.0030472465396915683,0.0,0.0025448236439422935,0.00942563137425001,0.0,0.012468835764554095,0.0,0.011548170675188048,0.0,0.0,0.0,0.0,0.0013144260739084103,0.0032824029481256286,0.004669256820105657,1.0,0.005490205414493476,0.008648090803986614,0.0,0.0,0.00485469894408018,0.0,0.011841003038485301,0.0007087605349064617,0.004192448856998285,0.014970021988289844,0.010910243467315785,0.0037939501798536506,0.0,0.012706994292462165,0.0,0.004591957662016983,0.0,0.0,0.0,0.012019986709291074,0.006425358611829602,0.0,0.0026994385333300192,0.0018123527937086244,0.005712133917812716,0.0,0.022952034300138143,0.0,0.002722693145042718,0.0,0.0,0.0,0.0037269497142568605,0.0008869907873297292,0.9880166602182905,0.008872679668608944,1,satan,Probe
0.0,0.0,0.0,0.010159793439822937,0.003431652502946247,0.004692286105029987,0.0,0.005281340086615868,0.0,0.012889918008715173,0.0,0.0010773765698649637,0.005388189665257108,0.0,0.0077193144674155365,0.0,0.011149050694934787,0.006431329387818726,0.0,0.0,0.009948255800696089,0.015169052972378215,0.013188083675744396,0.010025558143826926,0.010500328424457337,1.0,0.0030561790702264948,0.017621673257116183,0.12788147428403462,0.14818203655780693,0.986681588301359,0.05293319309750377,0.04380043175783961,0.0159145241063801,0.0,0.0,0.006947909331659011,0.0,normal,0.0,0.0004353404404299522,0.9988547772181213,0.003360065884395694,0.0,0.009669245365907629,0.0,0.0,0.0,0.0,0.013335546412998302,0.007383435944618622,0.004950042198122681,0.0,0.0,0.013291922107076047,0.0,0.0,0.009366984808628007,0.0,0.0,0.006714067294658538,0.00018779800033848627,0.0,0.0,0.0,0.0,0.0,0.007999465503686787,0.0,0.011351629185133215,0.0,6.692067341592692e-05,0.003258859744118087,0.010184125158290562,0.0,0.0,0.024179905136409344,0.0,0.0,0.0,0.0,0.00540368851953022,0.0,0.0,0.0019368729975266822,0.0,0.0,0.0,0.0,0.0017773496468131017,0.011437204982914626,0.9977893540870914,0.0,0.001310850142008088,0.00021383338110959833,0.0,0.0,0.0,0.0076646296968085476,0.008618803267399696,0.008557212449353754,0.0007202161643983908,0.0,0.0,0.0002049129941827883,0.003603090343953844,0.0,0.006696072778588767,0.004004532431995398,0.0,0.0012128150791973521,0.013763896957729616,0.0014668070412015815,0.0,0.00039941128557101704,0.018343461284623278,0.005640735916595049,0.007854583766000008,0.0,0.007570168280168543,0.0,1.0,0.0,0,normal,Normal
0.005863952975737445,0.013564339993331825,0.00037863225329855813,0.0,8.230147007083235e-05,0.006712945791860476,0.015814660957216536,0.007351651246354985,0.0032639249051784882,0.019576357830514087,0.0,0.01823178002441609,0.0,0.014008163505752645,0.0,0.012731260852515578,0.008939521204459512,0.0,0.0,0.5819519280206692,0.02680718166460263,0.0,0.0,1.0,0.9984708693108213,0.0025771343193442256,0.0717007360571876,0.0,0.9962883675469528,0.0,0.011377434632909654,0.06325623078000422,0.004288671853324304,0.0,0.0,0.01421672993208792,0.9975160018953219,0.9740174419274029,neptune,0.00815362078761446,0.9847796138306977,0.0,0.0,0.0,0.009097946186683794,0.0,0.0,0.030207570830097535,0.004581661052301019,0.005980526947698751,0.0,0.010043622687863638,0.009712218650096686,0.00038446941491743957,0.0,0.004842221818524915,0.0,0.0,0.0,0.0,0.0,0.0,0.0,0.015421073314669685,0.004102685691668184,0.00976247808984009,0.00597664108901078,0.012258228998841464,0.0,0.0008514793261534352,0.0,0.012522236460003775,0.009812713278446468,0.0,0.00440079299694382,0.0,0.005007694687234777,0.0,0.0,0.0010026376279019752,0.011675285255401027,0.0,0.010074969846580966,0.0,1.0,0.0,0.0,0.0,0.0,0.01505487628922291,0.006017496881572172,0.008493745232729418,0.0,0.0,0.0,0.0020305097510513294,0.010278816835144111,0.006518129410109698,0.013133655119767648,0.011100477399332984,0.006238093869454154,0.0,0.0,0.0,0.00014673945287609413,0.0,0.004414199138706271,0.0011185625816140627,0.0,0.0,0.0,0.008744647089452584,0.0033450756913647006,0.0,1.0,0.0,0.0,0.00936718664835357,0.005404974341234495,0.0,0.0,0.0,0.0,1,neptune,DoS
0.0008183027853572745,0.0,0.0,0.0,0.0,0.008701529132665349,0.0016275357503820888,0.0,0.013601968420787492,0.011751120309221104,0.0,0.0,0.0,0.008552465654336568,0.011195352814398157,0.0,0.007545118885147714,0.0026513683479237305,0.0,0.16166568964705982,0.038034291026517605,0.0,0.0,0.017510779091704374,0.0,0.17987970571424797,0.591135823044435,0.0,1.0,0.04646838990366798,0.05533441574421602,0.8619360929406323,0.38582551360845174,0.013479894459769938,0.08398263247004925,0.0,0.5041095274633587,0.0007639703428305143,normal,0.0015604637425844052,0.0,1.0,0.011960403393772166,0.0,0.0004131164635339551,0.007982097195470222,0.0,0.00481971334496636,0.0,0.016680598545416397,0.005884649584209398,0.0,0.005274480767905173,0.010189866112222947,0.9917851900349036,0.0,0.00875383980509087,0.002432089557442106,0.0,0.0,0.007187379072529875,0.013653212879518699,0.0044227540869583035,0.0,0.0,0.01643099948904117,0.0,0.0,0.0,0.0,0.0,0.00031991389617383285,0.009521764538801266,0.0,0.0,0.0009869767562459386,0.006459680489989717,0.006260810715707673,0.011682235431539496,0.0,0.0,0.0,0.0036293475833272604,0.0,0.0,0.009053450910106335,3.830131787179504e-05,0.0004940484058599896,0.01109022699909921,0.0,0.0,0.0,0.0,0.0074863564650920365,0.004358927034993591,0.00013102484820981273,0.0,0.007514962093552714,0.0,0.003539014166891117,0.0,0.0,0.0,0.0,0.0019831049453281667,0.0026813579437215194,0.0009095357331207182,0.0024540451478811142,0.0,0.0,0.0,0.0,0.002250998924770117,0.011594360632076155,0.006564012963962338,0.0,0.0027917030132280896,0.0012924327310100926,0.0,0.010328871991841062,0.0049597728755342236,1.0,0.007412805303566259,0,normal,Normal
0.0,9.76399310425711e-05,0.0,0.01414235527950975,0.0,0.0,0.0,0.0,0.010203209418977219,0.0,0.003372867713295012,0.0,0.013150854228697382,0.0019473526959318313,0.008788265694560555,0.0,0.0027458293638500148,0.002205683405923202,0.0,0.20984636213430566,0.0,0.0004393435237798115,0.0,0.0,0.0,0.00396934176259836,0.9349133717984488,0.0,0.9784170069491586,0.025286203631783334,0.016998048454116125,0.653816907340231,0.9891810138220896,0.0,0.0,0.026953967715144262,0.0,0.0013754349599528627,satan,0.0,0.004107752934424155,1.0,0.0,0.010560971425100598,0.0,0.0,0.00926181363887792,0.0,0.0,0.00853910963473605,0.006933074309234764,0.004094945722355545,0.0,0.0,0.010599209445408325,0.0,0.0,0.012552490045144742,0.019006199979703358,0.01071339092105601,0.0,0.01801737061248305,0.012982861091313467,0.011100227847490526,0.0,0.0,0.0021733109645538503,0.0,0.011929411171177294,0.0,0.008733291357616989,0.0,0.0066244448564576385,0.0,0.0,0.0,0.004005776800158548,0.0,0.0031410477542190207,0.005784516727996616,0.007182024196593405,0.0,0.01575711608649072,0.002009029155826745,0.01069089880699056,0.004153821033014662,0.0,0.0,0.0,0.0001742622765566577,0.0,0.9885367859212804,0.0,0.016584884088696416,0.0,0.0,0.0,0.005862211072812132,0.0,0.004175116131848521,0.01624521136508313,0.011184795075718514,0.0,0.007724706257772835,0.0006867369191262792,0.0,0.003800099922648813,0.0,0.014120019577070096,0.008492789731183083,0.005413511521525103,0.0022236974328661415,0.001394343185834589,0.01037532198994231,0.0015879794885771679,0.010605105061181362,0.0,0.0,0.002157152110440948,0.0,0.0,1.0,0.0,1,satan,Probe
0.056081293413231335,0.019405829359075796,0.0,9.864383712001832e-05,0.0,0.00073215586216961,0.0,0.0008876760653568487,0.9998577969394682,0.014571178693206914,0.007555194715465655,0.0,0.004667120804066878,0.009750111912850726,0.0,0.0,0.018651239254140865,0.009456007358013833,0.0,0.008097928950624328,0.030149808310184944,0.0,0.0,1.0,1.0,1.0,0.0,0.0,1.0,0.9411972227933934,0.9112859849395523,0.0037595316336122998,0.0,0.0,0.01366939168485877,0.0075409696908542755,0.18268125480617092,0.19110852484902213,apache2,0.002641353082023074,0.9839282469108054,0.0,0.0013325303154625415,0.008970791272074438,0.0,0.007175012155124369,0.007660187860604131,0.0,0.0,0.0027050280212093654,0.0,0.0,0.0,0.0,0.0,0.0,0.0,0.0019067961731985183,0.0,0.0016035102426426833,0.0,0.015733460071617706,0.012625535067630193,0.002287836939752913,0.004245411493139178,0.0031987435319403164,1.0,0.017909995636609267,0.0,0.012308813669385044,0.0,0.0,0.006355906793699005,0.0,0.009441085454189714,0.014460611694166571,0.0013830076308656803,0.0,0.0017323430679528635,0.000112122651159286,0.0044794362946852665,0.003575799795070902,0.011010274917002225,0.0,0.0,0.0,0.0,0.006823262122786994,0.0,0.007216427586448578,0.0,0.007868828594135825,0.014776203302229191,0.0,0.0,0.015881050157729667,0.0,0.0,0.009845144639585943,0.004241333173711425,0.007371363492078981,0.0,0.0027256547211093403,0.009232399201462366,0.0015610750167573374,0.0016518508312028716,0.0,0.0037966468250873503,0.0,0.0,0.0,0.0,0.0,0.01281336744016356,0.0,0.0,1.0,0.010733469684681918,0.008589157527081084,0.0,0.011224368633041878,0.015249785256801169,0.0,1,apache2,DoS
0.0018801259886984212,0.0,0.01048761047904432,0.0,0.0036063412137699634,0.0015434415348983515,0.0,0.0,0.9999829155398655,0.0,0.011825163921879461,8.901412805613588e-05,0.0188153994640245,0.0,0.001334181904975468,0.015417608306879107,0.00438264184272071,0.01149591902138072,0.0,0.0,0.013364716610288613,0.0,0.0,0.0,0.00686487041741872,1.0,0.0,0.01727346126120328,1.0,0.4795952675452432,0.48269610129583795,0.14563456751253967,0.011947560914888926,0.0,0.0011635552362011295,0.0,0.4941706099605142,0.0009482470612828479,mailbomb,0.004728561037159034,1.0,0.0,0.0,0.015294860259016208,0.0,0.001822774688415556,0.0,0.005270740558199907,0.0,0.007402588162746053,0.02253262949587039,0.0002046236209202461,0.0005006222009032798,0.0,0.01961804957754523,0.0069298024403179614,0.0,0.0,0.00043817696242805975,0.009636063148912076,0.0,0.0,0.00866762272234211,0.0,0.004738302238560656,0.0,0.0,0.0,0.0,0.0,0.0006546694285527795,0.0,0.0,9.093035839987094e-05,0.0,0.016542467345542107,0.006329064948721018,0.010223726812760379,0.0,0.01722649546798195,0.0008984463463794819,0.0,0.006396756352360961,0.0,0.0,0.0,0.0014379527265017938,0.02121676384023519,0.0,0.015244263632231081,0.0,0.0,0.0,0.0,0.0034655693813520545,0.0,1.0,0.01032750874537867,0.0,0.0,0.0,0.0,0.0097184679913365,0.0027253814281936535,0.013729479876195041,0.001490328790397283,0.0,0.01783782669243933,0.0008487193447608264,0.0,0.0,0.0,0.0,0.0,0.0008847312653985716,0.010288395904640604,0.0,0.0013431782136055156,0.009635700394109681,0.014175490946290144,0.002124540154518679,1.0,0.0,1,mailbomb,DoS
0.0,0.0,0.0,0.018339757413577067,0.0,0.0032696719514915197,0.0010707749402715206,0.0,0.9970330199675259,0.0,0.014619538257617535,0.0,0.0,0.007585121453414325,0.0,0.0035185029149882663,0.0,0.0,0.0,0.00921478090903106,0.005748853927318851,0.002532033094904803,0.0,0.0,0.0,0.9980249760943578,0.005589004357376657,0.0,0.4293157225217716,1.0,1.0,0.0053291973319436695,0.007410935954052178,0.0031155491856871553,0.02406961975333242,0.003247999697841119,0.0,0.0013196004682329407,normal,0.010391007534900834,0.9987912236722198,0.005281807407426572,0.0,0.0,0.0,0.0,0.0,0.0,0.015567484336812588,0.005469255090682786,0.0,0.002874538784322515,0.0,0.0,0.00618312116206593,0.012903428985374384,0.0,0.0,0.0,0.0,0.0,0.0,0.002267438562754597,0.0,0.005702551438807908,0.0,0.9975554281188492,0.005163559286697828,0.0,0.006400291970653663,0.0,0.0030009925006184235,0.0,0.0,0.0,0.0,0.0,0.0005925033010797331,0.013202866906891528,0.0027357251373489357,0.004392365821758958,0.0005883616084085088,0.008919505367766685,0.0026142557665085374,0.017484108373525972,0.0,0.0,0.0,0.0,0.0,0.0,0.00020100243959952175,0.006552600173413667,0.008947614815605466,0.0,0.0,0.0,0.0,0.008399797395485612,0.0,0.00025488176327679224,0.0,0.0,0.018991256555547738,0.01902344476385901,0.0,0.0092366486921514,0.0,0.0,0.0,0.0,0.0032328606223852607,0.0,0.00427468828521718,0.004051078806832032,0.007943941863051772,0.0,0.002512034936419394,0.0028762488187409996,0.0,0.0,0.9954179060220796,0.007978494801321848,0,normal,Normal
0.041546911686617054,0.0,0.0,0.0030839080884052634,0.0023978239490227934,0.005670941034626154,0.01153716569633714,0.008895490520368782,1.0,0.0011726936286590623,0.0,0.01123244391489233,0.005611593899118319,0.0,0.0,0.0,0.0,0.0,0.0,0.014135384946744236,0.0021911317197744074,0.006097764852357855,0.0,1.0,1.0,1.0,0.0,0.0,1.0,0.9522506111256929,0.964470699651031,0.020389896273541104,0.007082282466648507,0.0,0.028147433929404622,0.0020848980068640215,0.3344675834657038,0.35505149484988224,apache2,0.0,0.991699571264252,0.0,0.011978589426677174,0.004992246507327169,0.0,0.004154688818706853,0.0,0.01609728792174626,0.0,0.016626419200195648,0.000648277174810574,0.0,0.0,0.0,0.008614900314398457,0.000547215013969605,0.010104199150277878,0.0,0.01908933351886798,0.0,0.0,0.0007655003223467426,0.0,0.0,0.0,0.016861641772084945,1.0,0.009841409712046867,0.005998616558686671,0.004856036465732247,0.0,0.0,0.009152022771405378,0.0,0.016829320388652928,0.0,0.0,0.025853384350888402,0.002968728218907988,0.003932954395511598,0.0004390801106552088,0.0,0.023385763687377867,0.0,0.007194109182322264,0.0,0.0,0.007620189837741949,0.0008171628818982932,0.0,0.0,0.009270898335364503,0.0,0.0,0.0033500552872334946,0.0,0.0120317432994604,0.0,0.00398994808654151,0.0,0.0,0.0,0.0020229207448623845,0.00852436206489787,0.006326335016930234,0.012792767474973096,0.0,0.010646890527046654,0.007023672041958306,0.0,0.0,0.0,0.0022717191987024483,0.009413756423354902,0.0014742743389735112,0.003231653094343066,1.0,0.007803233605944252,0.0,0.0,0.0,0.00822677450147976,0.01641872617418759,1,apache2,DoS
0.057164197859542784,0.0,0.0,0.0,0.0,0.0,0.014910811428010005,0.0034627637593005224,0.9994903284068188,0.008527450309471302,0.0018691194064696767,0.008324514047935721,0.0,0.0037955118390099202,0.014505830196400627,0.0,0.0,0.0,0.0,0.01802703321443916,0.003495468255774393,0.0,0.0,0.9892023064975171,1.0,0.9952695264525152,0.0032473160695612323,0.0,0.9953508236403302,0.9282267427234177,0.9289771174286776,0.020471002114176455,0.0,0.010131056881572549,0.003472269690025624,0.0,0.16679957472633938,0.16451645569680465,apache2,0.0,0.9953089517120376,0.008469780688636849,0.006134959713494045,0.0,0.0,0.010825550552499308,0.0,0.00395753756737955,0.008393637052726404,0.0,0.0,0.0,0.013037574900006607,0.0,0.0,0.0,0.01552811783287062,0.0,0.004088195771672896,0.0,0.0,0.0,0.0,0.003370306595290069,0.0,0.0,1.0,0.0,0.0,0.0,0.0,0.003041110046055207,0.0,0.0,0.0,0.005851229229660415,0.0,0.01037894505512309,0.0,0.0,0.005632264511177353,0.0018549680567317088,0.0,0.01892373021008097,0.0025169069326427505,0.014584213277823643,0.013656308684554135,0.006440276615716702,0.0,0.0,0.0,0.0059015307094765395,0.0,0.01028023227328365,0.003541613785412622,0.0035094946733860363,0.0,0.0,0.0,0.008808129695479963,0.0,0.0,0.0,0.005510891275114779,0.0005771144128669121,0.0,0.020860354270800602,0.0,0.0,0.0036957586088689418,0.0007753262850165192,0.0,0.0,0.005111251193751945,0.0027121577441269287,0.0,0.9772409364470787,0.025402865880853765,0.0,0.0,0.0,0.0,0.0,1,apache2,DoS
0.0,0.00960930383866699,0.0,0.007886314642509811,0.0,0.0,0.0,0.006808705398955558,1.0,0.0,0.0064658026438011666,0.0,0.016931546133174605,0.02196522583141333,0.0,0.0,0.014566041300227234,0.0,0.009877278364447321,0.018955835002390897,0.0076888353396522835,0.0077904414012795065,0.0,0.0036141271129657387,0.003907428446512774,0.9861126265942707,0.0049384704469683785,0.0,0.19079822036491104,0.20429388423701178,0.9963782812811437,0.015455783501603338,0.004963471546820289,0.006910064151527646,0.0,0.004368832534250293,0.0,0.0,normal,0.00476653827068423,1.0,0.003733113290634927,0.0014807072651127002,0.0,0.006814651571865525,0.01751455782957493,0.0,0.0,0.01647704604168801,0.00413522933147331,0.0007120709609333284,0.0,0.004752814119284898,0.004595171732219378,0.0,0.0,0.008300303406767776,0.0,0.0,0.0,0.0,0.00629640992724808,0.004170624960172041,0.009487747005771255,0.0,0.0,1.0,0.005716223698184855,0.0,0.0,0.011825510027623833,0.0,0.01101514001335061,0.0073641207947274,0.0014636792245163797,0.0,0.0,0.0,0.0,0.01459135429767744,0.009513855498738191,0.018766522733774903,0.0066672637448306924,0.007554858040337338,0.0041579788965406825,0.0010753148042094297,0.0,0.0,0.004656785940868299,0.0019355941598902912,0.005723664712773797,0.0,0.0,0.013213307841773589,0.012605412375155787,0.0,0.006373460226167,0.0014917437473399215,0.0,0.0014280668770968023,0.011341179538630917,0.0027381885278992884,0.0,0.0,0.0,0.0,0.00134094731529845,0.0,0.00834873971579973,0.0,0.0,0.0,0.009453568848496994,0.0016140323920055925,0.0,0.0,0.0,0.009689883147526177,0.005728272894636334,0.014906431323515362,0.0,0.997583892948704,0.0,0,normal,Normal
0.0,0.011872632518154918,0.0,0.010712447789829667,0.0,0.0,0.011864639257447818,0.0,0.0,0.0,0.0,0.0,0.0,0.0,0.0,0.005833495589209282,0.0,0.002702808684358059,0.004561396474568927,0.9927978926190573,0.9879085440535046,0.000430708667806068,0.015634580314604157,0.0022489630329509906,0.0,0.9986872354396508,0.0,0.0,1.0,0.9971273512095999,0.9934899056028916,0.002016774267273719,0.8400442653904537,0.0,0.0025836156852541425,0.0028003347582909884,0.0,0.0,normal,0.004740721881803176,0.005343990658172211,1.0,0.0,0.0,0.006200112700913595,0.018763041099240412,0.003108428237840813,0.0,0.0,0.0,0.004212773172160496,0.0,0.0,0.0,0.0,0.0,0.0007113422560169027,0.008214875458592672,0.020324509379034163,0.0,0.0,0.020266165845181636,0.002278686446305244,0.013190344348674778,0.0,0.0,0.004706678334975354,0.0,0.0,0.005876608638071723,0.0,0.002074182642600048,0.0,0.006399820080415366,0.0,0.006603544870439971,0.01137634077646061,0.0027979326274640715,0.0,0.004232574072996331,0.006089724695907487,0.006786855347416767,0.0,0.0,0.0006514602414137217,0.019073802238014744,0.0,0.0,0.0,0.0,0.0,1.0,0.0,0.0062459571137727515,0.007815440060496429,0.004800743741484474,0.002957077862933251,0.004356918703555216,0.0,0.0,0.008763119451681319,0.0066953912928776615,0.014040990486234885,0.0017428302832402914,0.012538615052192682,0.0,0.0,0.013127251035520107,0.0,0.0,0.003912106373303424,0.003269711561354939,0.0044397245887698,0.0072662566871861765,0.0,0.0,0.0,0.0066821231269841574,0.0,0.0,0.0,0.9967097450881756,0.0,0,normal,Normal
0.0,0.005092999286628459,0.0,0.0,0.003538255014760243,0.008308909638103636,0.0,0.017941429181795247,0.0007820082939848469,0.015699302503835572,0.015613329813140165,0.0,0.0,0.006191779150902517,0.0,0.0,0.0067385993126447144,0.00527633178370876,0.011737855821929592,0.21913710458722985,0.0301307243684168,0.0007896418556388127,0.0,1.0,0.9946028155402556,0.06161242019697311,0.06107587102449809,0.0,1.0,0.017636244626131475,0.039294284981244106,0.05961862393834533,0.012968046282436637,0.00623393000662538,0.0036193155530451476,0.002552859707268218,0.9949289199804844,1.0,neptune,0.014851785325672856,1.0,0.0,0.0035851915704569488,0.0,0.0,0.0,0.0,0.0,0.004740171401815026,0.0008378927128409857,0.0,0.0,0.025082419958944155,0.004547715701898497,0.008183586437427665,0.010292783264974261,0.0,0.0,0.017179252014788655,0.001519977858580466,0.00526278099909623,0.011390383009428571,0.011603701424365714,0.0,0.004551046331585379,0.0,0.004750635906012969,0.0,0.010944742466030697,0.0,0.002120193532489,0.0035242215085714667,0.0002735518593447375,0.0,0.0,0.0,0.0,0.0,0.0019101380337312453,0.0,0.0012105201437712417,0.003233928858866147,0.0,0.0,0.002683139264657774,0.005712043951140962,0.0057768680391545105,0.005222111592490464,0.0,0.006457406617994899,0.0018988792573582415,0.9994982729346549,0.029632114305019802,0.0,0.0,0.0,0.0012708883125222025,6.832276286601375e-05,0.012779391441048291,0.0,0.012093658617769776,0.0,0.0,0.0,0.003010923068924033,0.0,0.0,0.0066230783307989725,0.0,0.0,0.011532570435358405,0.0,0.002904335309079222,1.0,0.0,0.0,0.0,0.0,0.0,0.0,0.0,0.0,0.0,1,neptune,DoS
0.0,0.00913186477428411,0.006737809299473309,0.006369207148688232,0.0,0.008892673031699229,0.0,0.0010463404684790236,1.0,0.01777730320241529,0.008144656471445038,0.0,0.0,0.0034264449866004886,0.00899343290897446,0.0,0.01141745539943265,0.01812193651423286,0.0,0.013173556521958486,0.009943367862604725,0.0,0.0,0.0,0.013118515466924115,0.9946364306746678,0.005723197999526745,0.40093993468034334,0.10156089208325494,0.9933483468554714,1.0,0.00928460479883879,0.0430470138055266,0.0666760498335881,0.0,0.0,0.009802139027822216,0.00747009929260209,normal,0.0,1.0,0.0,0.0100468125208712,0.0,0.001861686297972626,0.0,0.0,0.013881472361264453,0.006159708511953279,0.0062619177243760675,0.0,0.01611190614517589,0.0032087197554403956,0.0,0.00048256599327916385,0.010324887434671193,0.0,0.0,0.0,0.010039420194226201,0.0,0.003566518002527811,0.0,0.0,0.0,0.0,1.0,0.0,0.026204929152703654,0.0,0.002572351596422215,0.0,0.01902807878547977,0.0,0.01638241179531691,0.0,0.010960020019706694,0.0030581400637277305,0.006344045209192216,0.0019219025795177774,0.011585332852191956,0.00946631132535154,0.0,0.0,0.0,0.0,0.0,0.0,0.0,0.001087459763724403,0.0,0.009255430181166703,0.0,0.0072639436926952876,0.0038194971102110654,0.007430029588357681,0.0,0.005338596268230982,0.0,0.00022849299536840741,0.0022803131091420413,0.002156659740657578,0.004980816678945354,0.010395531190427054,0.0,0.0,0.0,0.0,0.0,0.0,0.0,0.00660133784153565,0.0,0.016468217134393923,0.0,0.004593461456761275,0.0,0.0,0.0,0.005455418206610752,0.016348348845615014,0.9871330397953569,0.000491047801612111,0,normal,Normal
0.004914994492772319,0.0,0.0009621796877188424,0.0,0.008361679427339631,0.006355217261959219,0.0,0.0006537200750378148,1.0,0.0,0.0,0.0,0.0,0.005604629690010893,0.0,0.018292182214249244,0.0,0.005646016224955537,0.0,0.010636416126913916,0.009830857182707285,0.00752424678172575,0.0,0.002303450138565035,0.0,1.0,0.0003629650288520533,0.0,0.4326022200192772,0.9822654222476048,0.9950284398718159,0.0008469498391389943,0.003167575318441267,0.013482089221018033,0.0,0.005943592164965142,0.0,0.016733762499934572,normal,0.016690395403907595,1.0,0.0,0.0,0.005661406070290511,0.0,0.003477872672333893,0.010247020110204029,0.011034892927206745,0.0,0.0,0.0,0.004471882970507502,0.0,0.007201217455978642,0.0,0.0053148211148694195,0.01631557735959096,0.010203277734943538,0.0010510529060392274,0.0008429148345101166,0.0,0.008550529306306986,0.0,0.001806334262013559,3.84843149601513e-05,0.00046993294234843263,0.9952744692476599,0.0058765289720732776,0.0,0.0,0.0,0.00531471986400193,0.003023003165918476,0.0,0.009063472627469276,0.0,0.0,0.0,0.0,0.0,0.009851606010211685,0.007417093095512264,0.009147638717471226,0.0,0.0024878909967270815,0.0,0.004088066719322178,0.0025588416274885135,0.0,0.0,0.0007324268564906257,0.012095121626725377,0.0,0.002201098534841395,0.0,0.0011169127251053417,0.0,0.0,0.0011065599273859246,0.0,0.0,0.017341029527304114,0.0,0.0,0.0031757319959269015,0.0,0.00956803827261623,0.011558535752145896,0.008633064745583759,0.013944729571112932,0.0,0.0024774540006141468,0.007675372518391053,0.0068688078782521336,0.0038017233005244655,0.011128692741537027,0.0040469631957036015,0.010402389378595465,0.0,0.016874008378298295,0.0,0.995728686132568,0.0,0,normal,Normal
0.0,0.0,0.0,0.001879219696570352,0.0,0.0,0.0012843356590604713,0.0,5.2148127780481755e-05,0.0,0.0,0.0,0.00239352055687553,0.0,0.025164206281758243,0.0022062861048486376,0.0,0.025356118298512843,0.008239327712699246,0.48882684625464246,0.03940194828931966,0.016691178009368854,0.008468769807937806,0.992139255219968,1.0,0.058973577313339624,0.04372802551494233,0.017047946992089297,1.0,0.06478610348390731,0.05710061208240124,0.05360998406970161,0.0,0.006854816746466629,0.0,0.0,0.9953296630566237,0.9943441821483328,neptune,0.007784078000210847,1.0,0.0,0.002307430102554366,0.0,0.0,0.0,1.0,0.0011648274322342673,0.0,0.0,0.0,0.0,0.0,0.0,0.0,0.0,0.0,0.006021689086239564,0.017149824670472557,0.010477891298642896,0.007958906981708942,0.00668862740418058,0.015967050367730887,0.0,0.0,0.0,0.0,0.016156155909698842,0.0,0.0028478029336976994,0.010542842582622959,0.0034700693132448807,0.011343574595048995,0.008340567222667697,0.0,0.011356172980978746,0.0,0.005148557416942177,0.0035699502628161756,0.0,0.017397709911740337,0.0071183329182287905,0.0,0.0003325037616970329,0.0,0.0,0.03055807229470467,0.0,0.009667664706341636,0.0,0.0132433960781276,0.0007345656001589573,0.011969378962986736,0.0,0.001589329681485649,0.0,0.028704731768021456,0.019777536550619666,0.0,0.0,0.0,0.0,0.017094141563553506,0.007271111570445137,0.007966537548799352,0.0,0.0,0.0019237282468926558,0.011041638804941087,0.004358371977114732,0.008463710376367627,0.0028403194445108756,0.002696636531539281,1.0,0.004515993862193295,0.00274819802528605,0.0,0.0026022729816595103,0.01110066621152068,0.0,0.0,0.0065110635392992425,0.0,1,neptune,DoS
0.004204787814682996,0.0,0.005995228565759656,0.0,0.01283040165083669,0.003589236290293204,0.0,0.0,0.005383428870222541,0.0,0.0193527236083999,0.0,0.01246700705991618,0.001702834265525426,0.0,0.0,0.0021795281369650426,0.0,0.0,0.3248089370067833,0.30719728216601083,0.0,0.004939469482402857,0.012807164045404685,0.0,0.9998631179111591,0.0,0.002350025187798557,1.0,1.0,0.9978184874770739,0.0,0.01718085155614927,0.007817628236798643,0.0,0.013348907742643627,0.0,0.02044068144359361,normal,0.004794241394093735,0.0,1.0,0.0030330468187599845,0.0,0.0,0.000629882495615934,0.0,0.0,0.0,0.0,0.012499526210703351,0.0,0.00604146268078184,0.0,1.0,0.000348650692896218,0.006759608284911133,0.021391149274950682,0.0008804576177375588,0.0,0.0,0.0,0.006845772144967743,0.0015413223205980112,0.0,0.0,0.0009445339943690076,0.0,0.016734909463781186,0.0,0.0052239415504769186,0.0,0.0080170678136417,0.0,0.005735296183340403,0.012679059526306468,0.00021000235109389147,0.002615846938536039,0.0,0.0,0.004458175057632643,0.0,0.007238684999997117,0.0013402379049215732,0.00934376292020638,0.0,0.0,0.0,0.011139302816551813,0.00011478907542232445,0.0,0.0,0.0,0.02013076995117121,0.0,0.0031284434236933632,0.0012527083750019225,0.0,0.010533702631576887,0.0007263602737887453,0.0014316708184999435,0.0,0.01683543267635444,0.003385427301493686,0.005526073804407367,0.0,0.010180344745285053,0.0009951721243811548,0.0,0.0,0.0,0.0,0.0,0.00698681150340643,0.007336086383107463,0.0,0.008062859738590942,0.0,0.0,0.0,0.0022949268159004454,1.0,0.004800738943249959,0,normal,Normal
0.0,0.009389147976570459,0.0,0.008689965461129686,0.0,0.0,0.0,0.0,0.9820926046770454,0.008610648440260145,0.0,0.001179223219227402,0.011284122181618015,0.0,0.0,0.0,0.0,0.0,0.00181037119295786,0.012740649774112926,0.0,0.0014824604244938592,0.0,0.0,0.023098202401904203,0.9984205432509494,0.0,0.002535225465273259,1.0,1.0,1.0,0.010062971546640835,0.006494894911715791,0.01841186150859635,0.0033059289744936664,0.0,0.0,0.0,normal,0.0,0.9903628476525015,0.02260863357830095,0.0,0.005164400365585705,0.009819794907438808,0.011960817065721652,0.005492711674314218,0.013301905907832921,0.0,0.007637106922449023,0.00939005407790273,0.0,0.0,0.0,0.0,0.0029135684062884795,0.0,0.001573071307770597,0.0,0.0,0.004643915557301177,0.0,0.007090766324296274,0.0,0.0,0.0,0.9928285664839036,0.010801730830575253,0.0,0.010355206834097814,0.0,0.0,0.019410113914495607,0.0036367256898789365,0.020619194571381744,0.001312103275774498,0.010684583205586995,0.007279542350777105,0.008987229931030231,0.0,0.0,0.003285572938930077,0.0,0.0,0.0049351395151451755,0.0,0.007018571209465339,0.0034728790135230936,0.004743001722222789,0.008400047116662897,0.0,0.019321300586175705,0.0,0.0,0.007285742438925267,0.001070435432914067,0.0,0.014246332516014999,0.006822208696758195,0.0,0.013253620839236865,0.0,0.0,0.0,0.00542390827929213,0.0,0.01588940478143394,0.000389031156012665,0.01105318192930234,0.004815866473142962,0.005499181985547781,0.004370961927699283,0.013205472539563265,0.0,0.0,0.0,0.002184742638367295,0.0,0.007713132217255843,0.0,0.013532455208754025,1.0,0.011635916286714006,0,normal,Normal
0.0,0.0,0.0,0.0,0.0,0.0,0.0,0.0,0.9849190533084458,0.0007414527758043105,0.0,0.00380805853763559,0.000333859024049964,0.0,0.0,0.0,0.002924271102805079,0.010400948559002145,0.009705550798738105,0.01525533215540296,0.01662820460206846,0.0,0.0,0.004377982889465736,0.0,1.0,0.0,3.3063115369725416e-05,0.2589001859776925,1.0,1.0,0.0,0.004123355428053151,0.0324094474604543,0.005086666788725351,0.0,0.0,0.014934187921631044,normal,0.007574271873833698,1.0,0.0,0.0059711573527469475,0.0,0.0,0.013862767861932647,0.0,0.007955719288869406,0.0,0.0,0.0012506808771377534,0.0,0.006516212231467303,0.003664092450050885,0.002112680590820538,0.0,0.0,0.01581652515983655,0.009818695768576033,0.0196313099500366,0.0,0.003873698082925851,0.0,0.0,0.0,0.006350152340751262,1.0,0.0,0.0,0.014669689429694108,0.008784750520401778,0.0061974289234969695,0.0,0.0,0.007990019165582266,0.0,0.00014057484016425858,0.0,0.0,0.0,0.0053903535223095945,0.0,0.0,0.008394494405627,0.0016455826235325904,0.0,0.012225636409931738,0.004375937340276129,0.0014624288736759335,0.011271137704036658,0.0,0.02292490051834899,0.025300726664933482,0.003909393745486988,0.0,0.01661453476240878,0.0,0.0,0.0,0.0,0.0013961204090079578,0.019731523378557395,0.0,0.0047458835277541175,0.011059985045902984,0.015988745525990705,0.011402686449269147,0.0,0.0023351969074681365,0.0,0.006219683218320841,0.003242792939002878,0.012413667789017955,0.0035649766206907146,0.009647818287578384,0.0,0.011364851214538783,0.00368555371954735,0.0034475938940821613,0.0018742566088216092,0.005594245972432726,0.9928335430159217,0.0011606802957520232,0,normal,Normal
0.0,0.0006423268779393999,0.014189661455087483,0.0,0.009912898979271598,0.0,0.0,0.0,0.9917441742312874,0.015816843638906425,0.010713803243354665,0.0,0.005906092867799223,0.0028964776515566903,0.0,0.0,0.0,0.0,0.006313619480610966,0.023651046654492334,0.018411227522529935,0.004144617301760412,0.0,0.012951951989648028,0.0036855578442300525,0.9997579145359529,0.0007132605834346132,0.4061548797070864,0.27641011228354034,0.9951480132509178,0.9947442238606231,0.0,0.009245957821338531,0.025840842196350272,0.0030625674903341396,0.0,0.01715425207071079,0.0,normal,0.0,0.9945311598392665,0.007856272010095092,0.002922935962432133,0.0,0.010327463083077318,0.02117259561976008,0.0,0.007725518618028352,0.0,0.006533094032928275,0.0,0.0,0.00791538715334218,0.0,0.0,0.01623567890501103,0.0011546560719852244,0.0037656590623938897,0.0016446039615620237,0.006221516000591901,0.0,0.0,0.0,0.0,0.0,0.02921616845993489,0.9869781929609275,0.010408310115662605,0.009288471932579472,0.0,0.0037864835198546227,0.03064711139396534,0.0008922240913182138,0.0,0.02015422098674058,0.0,0.006737429882400047,0.0,0.018822676909174045,0.0,0.0,0.00399412460166304,0.0,0.0,0.0,0.0,0.0,0.0003673212443329621,0.0,0.0,0.0,0.0,0.006651697976355286,0.010340498829771554,0.0,0.02021503253584441,0.0,0.0,0.0,0.0,0.0,0.0,0.0009151375801894201,0.0021229618579827296,0.010440558026489617,0.0,0.0,0.00442477471372787,0.011237576084945727,0.0,0.007659373087150301,0.010078954068755516,0.0,0.0,0.0,0.008568057001608327,0.0009525506370707596,0.0037936845038949313,0.0,0.008179603976893794,0.0,0.9881600628576896,0.0,0,normal,Normal
0.0,0.0,0.0,0.0,0.014559207885859068,0.0,0.0,0.0,0.00463817162537704,0.0,0.0022809639760743286,0.0,0.0,0.001312387918082014,0.0,0.0005890674269829398,0.0,0.0,0.0,0.0017878769690668713,0.1139767733250518,0.0,0.0031344676689326985,0.006001380574792411,0.0,0.9917133509096369,0.0,0.9933767657108188,0.009257569200662534,0.4120328243534749,1.0,0.006269651078553788,0.9853027358446808,0.2622565135284558,0.0,0.0,0.0,0.012460302207457186,saint,0.9826983866080516,0.001854361208081444,0.0025546421561613735,0.0,0.004786717233543381,0.016625221971295318,0.011699368640325076,0.0,0.0,0.004733288976714643,0.005205603311021179,0.014399467334760267,0.01580832606320693,0.0,6.08550512193567e-05,0.0,0.02258090751197699,0.9910146744589207,0.019802228928636638,0.00043941859350130383,0.002955804371174594,0.004888029264964666,0.0,0.0,0.0,0.0,0.0,0.014674894654902643,0.015309983814568356,0.014444682791717461,0.0,0.0014555268431727779,0.0037026321697251076,0.0,0.00508043537253261,0.0,0.01883564208762661,0.02637832887557169,0.013079615548360582,0.0010228793224401386,0.01911851941747987,0.018407241504801705,0.005571390412877601,0.01653540327615707,0.01420719413711474,0.0,0.0,0.009338277421781933,0.0061074362275382425,0.0,0.0,0.000746439195868382,0.0,0.0,0.0,0.0,0.0,0.0025652549657967684,0.0037866983948626792,0.0,0.0,0.0,0.0,0.0,0.010992351013430341,0.0,0.0,0.004834819128765771,0.0,0.001312887748642402,0.0,0.00561257708787372,0.0,0.0,0.0,0.001916793337871105,0.0,0.0,0.0,0.0,1.5113966668318773e-05,0.0,0.9996979600183359,0.0049554259587117015,1,saint,Probe
0.0,0.0,0.0,0.011243154102918677,0.015020847631176708,0.0032570660974069773,0.0054432727547433345,0.021843397277812322,0.01518629248313031,0.0,0.0,0.0012603111622098001,0.0,0.0,0.012466686047833636,0.005234746476399778,0.00022847004102481664,0.004755400042293722,0.0,0.4285614948496566,0.017077594805797038,1.0,1.0,0.0,0.0036949164596643304,0.014978549620763965,0.07070472312005993,0.006832062736415665,0.9995421512490772,0.009383541129954638,0.0344337382056062,0.08983130623426032,3.234276078777899e-05,0.0,1.0,0.9995073614798322,0.0,0.0,neptune,0.0,1.0,0.0,0.0,0.01615158182985334,0.00378457804752006,0.0,0.0,0.016821115416364357,0.0,0.0,0.00587939661924648,0.0,0.0,0.009216731438592791,0.000983351625534992,0.0006785119252441424,0.0,0.002918371197102275,0.0066001423422402065,0.00785004574042334,7.367833589421844e-05,0.0,0.010520060398426345,0.012442008079263494,0.004301545012672366,0.004712147831912833,0.006765430484345484,0.0,0.0023985941405238616,0.0,0.0,0.0,0.00911053630529432,0.002657282840516964,0.0,0.0,0.0,0.015751867927409523,0.0,0.0,0.0,0.0045309506593444486,0.0,0.0,0.005250632262682706,0.0,0.0,0.001429390523615218,0.0,0.005392332557535995,0.0,1.0,0.009493772253904516,0.0,0.002901953510939297,0.0030245004059369063,0.0,0.009332461599163362,0.0,0.01589585888737041,0.0,0.008146237145273712,0.0,0.0,0.00467713267312713,0.002752252194595121,0.0012367047020068066,0.000998454222790406,0.0031455859947616994,0.0045803954836626465,0.0031632975870420285,0.0,0.011314975291555321,0.0,0.0,0.0,0.0027692398949751024,0.9978299802661044,0.0,0.010681414260769573,0.0,0.012141903574355677,0.0,1,neptune,DoS
0.0,0.0,0.0038147239573317533,0.00455136785601749,0.020736983842870985,0.011803203371204026,0.009317857572890824,0.006636609199318933,0.0,0.0058191312169872745,0.007330912775403146,0.0,0.013952509144190925,0.006758939055619508,0.009633977991396255,0.00921842924690152,0.0,0.009114673338241437,0.0,0.34215469014567335,0.0032250611840060634,0.0,0.0,0.9904940302163348,0.9943680752970752,0.024403483433086293,0.06757950232991441,0.0,0.9890310338722998,0.02170489223645133,0.010789020307528535,0.06414024866435299,0.010648138907603412,0.0,0.0,0.01766325835716637,1.0,1.0,neptune,0.0,1.0,0.015705071029247494,0.00042202787777485037,0.004869599483626492,0.01181791587524058,0.015335038958476082,0.0,0.0,0.009057680053087087,0.007957212556499359,0.006658358168029449,0.0,0.0,0.010552855068168979,0.0,1.0,0.016007236807153043,0.0,0.009000000756847199,0.0,0.0,0.00027312491572911853,0.0,0.00457535752094766,0.0064676689663530915,0.0,0.013094004239167125,0.0,0.004670783762623807,0.017762434675309354,0.0,0.0,0.0,0.0,0.0,0.0,0.003070169104090637,0.004259363527690612,0.0009357538317203975,0.0,0.0,0.0,0.0,0.003931032250505503,0.003420657986047317,0.021047981890442876,0.0,0.012589469733061942,0.0,0.02131054825432488,0.0,0.0011530765350495902,0.007231994233982207,0.0011648476268008004,0.005497816456378052,0.0016652176779580982,0.0,0.0,0.0,0.0,0.0,0.0,0.0,0.014796321911575155,0.005969785078683696,0.0,0.013177502561202217,0.0,0.002092313247860816,0.018191950429951115,0.0,0.0,0.0,0.011484416361124974,0.9818690180308833,0.010248646825043626,0.006654453753947919,0.017705089256512527,0.0,0.0,0.008425247379436849,0.0,0.0,1,neptune,DoS
0.0,0.014367114759237043,0.0,0.0,0.0,0.0,0.0,0.0,0.0,0.007592098952748507,0.0,0.0016439182814782438,0.0,0.0035519916772936908,0.0,0.0013561771198200832,0.0125768573032036,0.0,0.005589931295423465,0.0,0.0,0.0,0.014960751106417591,0.9867621595809779,1.0,0.9820106285830775,0.00013580085704710667,0.0,1.0,0.003446587599300896,0.007498135329293485,0.8512657050064132,0.8427764162937045,0.008500059535336535,0.0010637801388744758,0.012561493406296068,0.8931789370665394,1.0,portsweep,0.0,1.0,0.0,0.0,0.0,0.0,0.0,0.0,0.024615516288390267,0.0,0.0,0.0,0.010876036030515237,0.0,0.0,0.010032023160257794,0.013051127048888668,0.0,0.0001654781545125108,0.0052035033904270205,0.00021841781285164845,0.007466833749943855,0.00510203077057985,0.0,0.006595013141151385,0.0,0.016015702556481527,0.0,0.0,0.0,0.0,0.0,0.0,0.005570593963644457,0.0,0.0030956732239650025,0.0,0.0032894961163782944,0.01228846246745726,0.008373093989841734,0.0,0.0,0.0010023547275636198,0.0008126647882701688,0.0025959040844036846,0.0013410871961533647,0.012826854111046433,0.012272338898998387,0.00036339241008763066,0.0,0.0,0.009462736935152677,0.9876881396437541,0.0,0.0,0.010748393276482748,0.0,0.008194961368337007,0.0,0.0037991727674220968,0.0,0.0058291910113777495,0.008867001601787463,0.0072890989628716435,0.0,0.004902565196933575,0.013934786377625834,0.0,0.007243520362519663,0.0,0.006708930610390698,0.0,0.0,0.0,0.013002806594873151,0.0,0.0,0.9984972290323557,0.0047268364301541865,0.004532531547173841,0.0,0.0,0.0,0.014698440034887109,1,portsweep,Probe
0.0006367513574698214,0.0,0.0,0.0,0.0,0.0,0.0,0.007510314784858151,1.0,0.006909175212239113,0.0018816331014477473,0.010404725597241841,0.0028339790452715096,0.0050188637993983575,0.0,0.00813910586676715,0.0,0.0,0.0,0.002344668493187434,0.0,0.0,0.001690777912145128,0.0,0.003047401320840804,0.9900179404810251,0.0098165299387329,0.41096193201791126,0.0668978571643477,0.99393356567269,0.9918534855967115,0.02805032561314834,0.07311579118473649,0.058112618871400123,0.0,0.005251268819451332,0.01050867022455296,0.00018387863735024477,normal,0.0,0.982053011514342,0.0035549916510429526,0.005495204672051251,0.003233523051679345,0.0,0.017110529058319782,0.002635460277238207,0.015971691372095583,0.014340768714746868,0.0,0.0,0.0,0.0,0.01361547482654538,0.0019892080352234384,0.0,0.008695255186765638,0.0,0.0,0.011567794472913798,0.011258611623155276,0.017795305081411014,0.010309830416419268,0.0,0.014258808724209314,0.0036539539523445103,0.9982674513483698,0.0,0.006918768724563419,0.014679616233340924,0.0006014364687949614,0.013981492059093771,0.0013002814147816714,0.0020288007167734733,0.0,0.012360662627468853,3.9738679459773335e-05,0.0,0.008543614372802724,0.0,0.0003949245551628339,0.0014696062407988143,0.015880043111110864,0.0,0.009420703586371043,0.019901424761871164,0.006743896032512995,0.0,0.0,0.015332068072791478,0.0013883872449516374,0.001508527019059199,0.0,0.008389776705519485,9.124297189678945e-05,0.0,0.0013427413152488099,0.0,0.00855106622183532,0.007350060458036125,0.0,0.0,0.015032865532056593,0.0017249273791991974,0.0023874589664570336,0.0200853873340552,0.0014295735312750174,0.00610029386226325,0.0,0.0,0.0,0.0,0.0,0.0,0.0,0.0,0.004639355624988498,0.0,0.0,0.00506744506100783,0.0,0.9945011435600728,0.01364185443721494,0,normal,Normal
0.0011306963958954432,0.0,0.009831318655467894,0.0,0.0,0.0009165465396328236,0.048447671606390505,0.014036052485096878,0.9989479423591797,0.011767829677654093,1.0,0.005161240426584109,0.004800128685208223,0.0028386578859992983,0.0,0.03613439239392914,0.011889791509982183,0.011660326108613592,0.0,0.008015491029158373,0.0,0.012035727882414844,0.0,0.0,0.006083968547296675,0.9935171798784328,0.0,0.0,1.0,0.0,0.0185253157578264,0.0679808480946379,0.004704174597157571,0.007091045027743698,0.9917196820969599,0.02494129858675563,0.002166639926728372,0.005484158730344233,buffer_overflow,0.0030486049572468737,1.0,0.0,0.0,0.011029530291092571,0.0,0.014507987950701769,0.0019739264623643113,0.0032861144704852104,0.0035898716297972063,0.0,0.0,0.002942897096824082,0.0,0.0,0.0,0.0,0.007311755473133294,0.006144619180651864,2.6160525660452456e-05,0.0169970686120745,0.006212704467947257,0.013887677164066114,0.0,0.0,0.02023839687719469,0.0,0.0,0.006695077467483377,0.006747293068137012,0.012425593289526068,0.0,0.0,0.0007006640317024414,0.014609513914387431,0.0029996789345009857,0.005788798303229461,0.0,0.009119129624074707,0.0075870881750333494,0.006478007692258152,0.008664853373337403,0.017182996244059025,0.004026497665830741,0.004746792553691948,0.0,0.014047312820171541,0.0,0.0025317684665330602,0.0,0.015259843998062917,0.0,0.0,0.0,0.0081426239920218,0.00603211348444098,0.0,0.0,0.0007096151002435968,0.0,0.0,0.00824755873497673,0.0,0.9849025074181699,0.0,0.0,0.0009223318547278802,0.004608829562933674,0.018026368510040604,0.02305071817966983,0.0,0.0,0.0,0.0,0.0,0.0003110737329967032,0.004037971732497019,0.012254570870288842,0.0,0.0223700089330211,0.004101904393389254,0.0,1.0,0.0,1,buffer_overflow,U2R
0.0,0.0,0.0,0.02633282856943965,0.0,0.0,0.008130915739921479,0.01274517744838327,0.005364831750628297,0.0,0.0,0.0,0.0,0.0,0.0,0.0,0.0,0.002061037633864279,0.00459904026780975,0.004848217240392508,0.0,0.9990322719384416,0.9940411962000612,0.004628869982118894,0.0,1.0,0.01023839148494318,1.0,0.19287766481595783,0.3342378029290069,0.3468858295380782,0.05440775213258456,0.022817463480028135,0.027172240330426436,1.0,0.9869890603413581,0.016678707513436017,0.0,mscan,0.0011483238842744607,0.9962952067811843,0.011819326926522771,0.0018412691932965031,0.013147706727264168,0.009250975963599696,0.013052903723395896,0.0008257283409638491,0.017746161739024643,0.0,0.01293779666244616,0.0,0.0,0.0,0.015731090867666525,0.002392704852539827,0.020670329047196838,0.0005499710285743905,0.0007069163284024341,0.011479164158834555,0.0,0.008746589080484765,0.0,0.006452762648243175,0.012029494144397261,0.0,0.003005961002316282,0.00548617418704566,0.007035833333579493,0.0,0.0,1.0,0.0,0.006354282860656319,0.0,0.0,0.004478764844635139,0.007911373364969826,0.002795444866473742,0.008846773304748654,0.0023588838912231578,0.009187197800978816,0.014628335955077551,0.012634812265439362,0.0,0.002625516327827053,0.0,0.009108415358253753,0.0,0.0,0.0,0.0,0.006931047788262016,0.006328273325975171,0.0,0.010461394758027499,0.0,0.0,0.005427076941633368,0.0,0.0,0.0,0.0,0.008636656693698508,0.005974581493775698,0.0,0.02399650587395912,0.0,0.0,0.0038579041186654153,0.0,0.0,0.0062401036940999,0.0,0.007500458360565347,0.007022281121474598,0.0,0.0,0.9937875478167476,0.010521953691909447,0.012069604947108126,0.0,0.007018340672433262,0.0,1,mscan,Probe
0.0,0.008094139214795938,0.0,0.011554401670705457,0.0,0.010125354124979304,0.0,0.0,0.0,0.0,0.0,0.0,0.0,0.0074094965705113714,0.01583103935946285,0.0,0.006027829160131138,0.0,0.0,1.0,1.0,0.0,0.0,0.0020521702591310303,0.0,0.9899016041930375,0.0005935587531142969,0.0,1.0,1.0,0.9919403008135568,0.0,0.9517985627575108,0.0025017740650555747,0.0,0.0,0.0026583996082149143,0.0,normal,0.0,0.0,1.0,0.0,0.0,0.0,0.0029142994305154297,0.0,0.0,0.0013977269429687978,0.005583918823506752,0.0004648535829978025,0.002823971978615619,0.0,0.0,0.0,0.0,0.0,0.0019357811488157398,0.023111196924812723,0.0,0.0,0.008354929101461617,0.00015939723560625521,0.0,0.005281861283201818,0.0,0.014043648108233655,0.0,0.008654336309966924,0.010562791751156098,0.01182935212886966,0.009232559539011536,0.0050704532332148345,0.0,0.0,0.019944924317198548,0.00656987528188124,0.0,0.006903036852907984,0.0,0.0005806398881793944,0.009874095088163727,0.007040645346576144,0.004441583651385523,0.0,0.001531607221807703,0.00934304637673071,0.0,0.02036515004110604,0.0,0.001356794736584197,0.9707337361043266,0.007707237527091082,0.0,0.0,0.006707979579721265,0.0,0.0,0.00516304691904308,0.009055312969810091,0.0,0.012223396389036563,0.0,0.006195080630277861,0.01810256002038629,0.0,0.0,0.0028572370323141105,0.001751720130535287,0.0,0.004692185856473565,0.009657323870306747,0.001988431835247409,0.01657802186125755,0.0,0.004318529064520409,0.0027711542059839175,0.006730538531022456,0.0,0.0,0.0019985163693211155,0.9997319888220968,0.006533993107143629,0,normal,Normal
0.0,0.0,0.0,0.0006109329711425388,0.001585411285591255,0.0,0.0,0.0,0.003917139890840341,0.0,0.0,0.0,0.0019381609628641334,0.018706929911556886,0.0,0.015398965837458294,0.011584651968852734,0.0,0.0003750865764528432,0.0,0.0648427495184224,0.0,0.013345787806922286,0.0,0.0,0.9901896467061352,0.0,0.9924798320232974,0.019351267470135592,0.5755748309937085,0.9978479342067385,0.0,0.9952706099051364,0.2533198627483124,0.0,0.0,0.019078629001097858,0.0,saint,0.9975236347552426,0.00854125262349178,0.0,0.007922937707439506,0.0,0.0,0.0,0.0,0.0006714476741173421,0.0,0.0,0.0011540498550257356,0.0,0.0,0.002211616509082449,0.004542245330655031,0.0059825427286249976,0.9931101928759715,0.018379790638903475,0.0,0.0,0.013370253354649675,0.0,0.0,0.019854524954801073,0.016631138978126153,0.0012967060148496852,0.0072002739978579665,0.0,0.005775913464758853,0.0,0.015847148741066623,0.0,0.0,0.007118451547130221,0.0,0.0,0.012205268816212539,0.0,0.007359856135009573,0.0,0.0,0.0,0.007811603173390421,0.011023977773281289,0.0,0.0,0.0,0.0,0.020744775036551647,0.0,0.0,0.0,0.014472243329792321,0.0,0.0,0.0,0.004894747537546184,0.0,0.012429179710745633,0.0,0.0,0.0,0.0,0.0037076838628031152,0.0,0.0,4.2748247806108286e-05,0.0,0.0,0.008210120324097521,0.008393726566613153,0.0015307224114788384,0.0,0.0009219344394624205,0.0,0.0,0.0,0.0014589446770153182,0.006520991396271705,0.00966940696003999,0.0,0.9994329061545044,0.0,1,saint,Probe
0.006025444697657396,0.01630187690557755,0.0,0.0,0.0015699440286749795,0.0,0.012824709662770281,0.016915189082211922,0.006516550974765493,0.005229998024006731,0.006552310295688456,0.0,0.006776694694527871,0.0,0.005622023383262853,0.0,0.008772698463631757,0.0023234410096934304,0.010017737176905126,0.9993910824340477,0.002179385996587981,0.08420978189595782,0.004994283527777678,0.9095708057597857,0.9881407158997273,0.0,0.9970735982561588,0.0,0.9995007511894478,0.0,0.016610239345650285,1.0,0.0,0.0,0.0030347108938998495,0.0,1.0,0.9890140109102606,satan,0.014199820797435458,1.0,0.01469954131865432,0.0,0.008659729715353934,0.0,0.0,0.015285968452194067,0.0,0.002105318071366748,0.009032354310558972,0.0,0.0,0.00800452783517841,0.002918631170241855,0.011518119139488777,0.011516919383061333,0.0,0.0,0.01447995451833677,0.0,0.0,0.001344221148039709,7.498914343040741e-05,0.008236355740336303,0.0,0.0,0.021800460636572788,0.0,0.0032509179581271465,0.0,0.0,0.0,0.0,0.0,0.003447564848517117,0.009320369822664699,0.0,0.0,0.0013882805611040397,0.010752135062141384,0.0010489189997277023,0.0029352643457504837,0.008962320486339664,0.012727116787965086,0.012307812652187571,0.004203428874703288,0.9908835017631189,0.0013875581524220582,0.0,0.0,0.014292760823461478,0.0,0.009595931736312225,0.0028883216152338783,0.0,0.0011094622233619807,0.001570156958881726,0.0,0.009083560916168658,0.0,0.0,0.0022515591355732954,0.00450465784635213,0.004637042896598175,0.0,0.0,0.0,0.006082711994501072,0.0043334692110333795,0.008985580689146323,0.0,0.004697168097575606,0.0,0.9935182422582752,0.011845532081773746,0.006442993767107821,0.0,0.004474662242758322,0.0,0.018309725506101243,0.012870871347644754,0.0,0.016854138049781135,1,satan,Probe
0.004302225956840642,0.015088399169049636,0.0,0.0,0.0,0.0,0.0,0.0,0.0033741526560755377,0.006521837469318972,0.0022783514961495065,0.0,0.007767358096753253,0.007904902518738922,0.00045489508232844124,0.0,0.01713890411447785,0.0,0.0,0.46558194420571025,0.4526206903735372,0.017895811539707384,0.0,0.00226607345900592,0.0,1.0,0.006514256987619109,0.007079111969379005,1.0,1.0,0.9861371095808643,0.011399755929333795,0.010406324182553052,0.0,0.0,0.0,0.00021608638021088474,0.0024600797902536785,normal,0.0013681727583431686,0.0,0.9927435602600119,0.0007879372083606897,0.0017621773364484628,0.016955312428167814,0.00626250680331986,0.001983456950031981,0.0,0.0011400409318565374,0.011717788150079384,0.001252176860018084,0.02065488670773947,0.018053500123506688,0.006806776331960774,0.9996839375350173,0.005069616007205355,0.0,0.0,0.0,0.0,0.0,0.0,0.0,0.020055827992319867,0.0,0.0,0.007568045802628112,0.0006181637632838322,0.016792635737269298,6.685369460734002e-05,0.008124191641841843,0.0016530992833487272,0.023731875815301454,0.0016309850749002082,0.0,0.015347490368794821,0.0080186559678579,0.003748017261648687,0.0,0.0,0.0020806708138205576,0.010534185373047811,0.0,0.0262363280933711,0.020895141822675437,0.010772509019308941,0.0,0.0037992079656770116,0.02352953632485134,0.0,0.0005856455519616484,0.014039989935894804,0.0,0.0,0.0,0.01879208855558539,0.00409503602146603,0.015877877007721947,0.0,0.00240424199756177,0.005975266688804652,0.008048601915513865,0.0,0.0007397211145487058,0.01018883420034499,0.0,0.0002511895688985461,0.0,0.001116684562507137,0.0,0.006876876516203295,0.010117222422751166,0.0,0.0012293777883487982,0.0,0.0,0.00028828761122356663,0.007686478282099579,0.010200172118110836,0.0020443033465875884,0.0,0.9961309349542623,0.0,0,normal,Normal
0.0037504570335963505,0.02466980396915462,0.016508579554157028,0.004526910620621531,0.00366952643855686,0.0,0.0,0.010926303044990175,1.0,0.006983713759080091,0.0,0.0,0.0,0.02086010929460822,0.006669750652958735,0.010326858743442729,0.0,0.006163646912718485,0.0,0.021412757159381735,0.02808598220549542,0.0037526158887170005,0.009549444640805189,0.0,0.004815332820308297,1.0,0.013556730144907865,0.2072128341603589,0.996315765717285,0.9909390860160735,1.0,0.00851670639107564,0.0,0.0,0.008943965402486563,0.007791985301399796,0.01188342823805256,0.0,normal,0.0,1.0,0.0038525613901355927,0.007061460049003379,0.021811935159024905,0.0,0.013123669760864922,0.00962722479533187,0.00640122061449088,0.0,0.0,0.0,0.0,0.006433076710378284,0.00021366087065786125,0.0,0.004254944581019328,0.005084779812611841,0.01305409544496457,0.006963759444692002,0.0,0.0,0.0,0.011519493667956975,0.010599524717011777,0.0,0.0,1.0,0.0016060215190202862,0.0,0.007374014300340225,0.003765788719739392,0.0,0.0,0.0,0.012434762917828746,0.0,0.004967580356978994,0.02617537311904945,0.0,0.00020916225091519762,0.011345506019919191,0.008024567824953812,0.0,0.0,0.002549806133702184,0.0,0.0,0.0024378440922910973,0.013249219859014581,0.0031231525628109165,0.0111688624157939,0.012276807026638026,0.0,0.008258511142123766,0.0014034409288315906,0.0018916034746656865,0.0,0.01938142210378013,0.017718831960889227,0.0007513501458376311,0.007416240997452871,0.010481482069927425,0.01218033887996371,0.008026922843664777,0.0,0.004130139687013844,0.0010608253849794093,0.0,0.0,0.012621320590195809,0.0,0.006803885572382959,0.0,0.0,0.0,0.02282821355341377,0.00011931458774359278,0.0,0.0,0.0,0.0,0.994868984143477,0.0,0,normal,Normal
0.0075963940560022395,0.015352316106492656,0.0008302859794571565,0.0,0.0,0.004303632577254906,0.0012717280064843803,0.0,1.0,0.003044463366268025,0.0,0.00227987014367701,0.0,0.0,0.0,0.012676586599727717,0.0,0.0008322716581133456,0.02049343803494527,0.0019034945813456658,0.023338545611404596,0.0,0.0,0.0,0.0,1.0,0.0,0.1716136181227936,0.0,1.0,1.0,0.0,0.9833084911879043,0.06498953651790591,0.010218046471013254,0.0024908273603361846,0.0066269089915846555,0.011155029982142538,normal,0.005849893789555868,0.9943007118454672,0.0003826905959609306,0.0,0.003277220928686991,0.01163363201304653,0.007632054936276202,0.0,0.0,0.0,0.00012656027793470157,0.008856960179002222,0.0014809147111921632,0.016868597088578123,0.0,0.0,0.0029040368808038127,0.0,0.002813698188029948,0.0,0.0,0.024131495839769652,0.0,0.003651846972852634,0.0,0.0,0.0,0.9965192788631174,0.017642420495280264,0.0,0.0,0.0,0.011526894770678154,0.0,0.0,0.0,0.016920482844971014,0.01018188465696513,0.0,0.0,0.0,0.010826548101779255,0.0,0.008883812410794898,0.008458569184901309,0.013849359506182442,0.005884706474090172,0.0,0.0,0.0,0.0,0.010743377043627251,0.002241376943786607,0.0,0.0,0.0,0.0,0.0,0.004522557921883713,0.010229262764407523,0.0,0.001721234375696117,0.0,0.004792426940162881,0.0,0.0,0.0007325357250875978,0.0,0.004100493144976017,0.011394395922931726,0.0,0.0,0.0,0.0,0.006582031672582242,0.0035988583049420676,0.0061659767667938715,0.008689381559812956,0.0,0.008971403981696323,0.0,0.007090600706527377,1.0,0.0,0,normal,Normal
0.014592237571893367,0.0,0.004144768731823621,0.022742411802176978,0.00564920390470111,0.0,0.01390136284471236,0.0,0.9824458992035833,0.005484621919241244,0.0,0.0014013739167478814,0.0,0.0,0.004602507740823388,6.659756892349188e-05,0.0,0.0,0.025806562925099256,0.005237208855214186,0.004111303195863451,0.0,0.0026967424962654257,0.004883709824968843,0.0,1.0,0.0,0.0,0.08499045062794928,0.0,0.08313381018311787,0.22441866703863428,0.05115214704615748,0.0,0.0,0.0018432132177517747,0.008983939157460832,0.011394868612596809,guess_passwd,0.0,1.0,0.008490652742542468,0.0,0.0,0.0,0.009574694141384869,0.0,0.00416575284406624,0.0,0.0,0.0,0.0,0.0,0.006863165113034037,0.0009973043344945155,0.004987311388718487,0.00868022508478051,0.0038701508338419384,0.004957027383131334,0.0060822465639397165,0.0037372680971370876,0.004292386604808425,0.0,0.0,0.018841275342775746,0.010042048943508726,0.0,0.012035715195000464,0.0,0.0,0.004999993400785087,0.01637015955484119,0.010460335849797012,0.0,0.0236027521956811,0.024308596142758085,0.005785729716545124,0.005214733195299365,0.0,0.030604930277151686,0.015862516312759582,0.003818395521268989,0.0,0.0034063408257734512,0.0,0.007042567123601712,0.0,0.0,0.0,1.0,0.02248039568812235,0.0,0.01587759538288625,0.014503854837532556,0.0,0.0,0.0,0.010078474300426911,0.0,0.005904193192967671,0.0,0.008934953281591365,0.015894647389520813,0.01876968113739699,0.024737575329765615,0.0,0.0,0.013759154608889339,0.012809647170841003,0.011757453634370488,0.005453805955286042,0.003945334352977918,0.02097116987897483,0.0,0.0011076430146947037,0.01200938351131595,0.0,0.0,0.0046639989177318965,0.0,0.0,0.9769217851166847,0.0,1,guess_passwd,R2L
0.0,0.018894427339800006,0.0,0.0,0.006463558101387953,0.002000629781809212,0.0,0.0,0.9847450143630484,0.00032918858398052513,0.0,0.007933647747057808,0.0,0.004605384124364163,0.0,0.0,0.0,0.0,0.0,0.018870348246270718,0.016637800695295343,0.0011951698789547968,0.0,0.0,0.0,1.0,0.008733244592758432,0.0,0.29742100901735835,1.0,1.0,0.0,0.0021235138452210065,0.04245410304009277,0.0,0.009698357316553703,0.006161815929816758,0.015221768843420164,normal,0.0,1.0,0.015445667611503565,0.0,0.020832844035211334,0.0024208040133807305,7.771195742521565e-05,0.0,0.0,0.0,0.0028893350382704274,0.0,0.01866822827748918,0.0,0.010548588642308745,0.0,0.0,0.0,0.00562426393351387,0.01562148168847513,0.0022088703202968905,0.0023576018306754216,0.0,0.0,0.0,0.002781975468342006,0.0007817720191690873,1.0,0.0,0.009052050693246215,0.0,0.01315266723382629,0.0,0.0,0.0013516628152008589,0.005563838017099344,0.0,0.007198480777751651,0.0007755586622536911,0.005716557058499338,0.0006892188307703942,0.0,0.0,0.0,0.010719610134621436,0.0,0.015194350572572778,0.007386940613720097,0.0,0.0,0.005721704064211697,0.004849499175657948,0.0,0.018237834916426904,0.0023456752337561635,0.0,0.0032259842808228657,0.0,0.0,0.01199101943340019,0.00010598611669841498,0.009596422959821915,0.0,0.015037430549228712,0.0,0.0,0.0014229939123097547,0.0,0.0045967447068716765,0.0,0.002225387293687888,0.0,0.0,0.006404358366521118,0.0,0.00138728191625379,0.0,0.007706143681165006,0.00010821703364854064,0.010795229264883962,0.0,0.005750578353592052,1.0,0.0,0,normal,Normal
0.0,0.0065755387658379075,0.0,0.007666052368473333,0.010810420870039009,0.0,0.0,0.0,0.011746037962441717,0.009024488641248378,0.01209432156578114,0.0,0.0,0.0,0.00843372927461569,0.0,0.013634699911868367,0.0,0.008980175671133963,0.4571575798139728,0.009018804739000496,1.0,1.0,0.003548355820174514,0.0,0.010471334301856976,0.06199329211350437,0.0,0.991886510942492,0.007544971813599482,0.010139397084810282,0.06221516610134175,0.0,0.0,1.0,1.0,0.0,0.015347479847925343,neptune,0.0,0.9993915670603408,0.0,0.0,0.0,0.0,0.0010779885380967056,0.009299172030096644,0.01950752564790417,0.0,0.0,0.0,0.013720776168500837,0.0,0.0,0.0018910668896807137,0.01706097598168323,0.0,0.00976803312136966,0.002294805631712243,0.01800228186698234,0.0018773886157067794,0.01760979201777877,0.0,0.0,0.0,0.0,0.005965484701298885,0.0,0.0,0.0,0.0,0.002769312862699425,0.007490558280479977,0.0,0.004404444267049528,0.0,0.0,0.0,0.007536387314888929,0.006061146168398593,0.0,0.0,0.019949900270450325,0.0050839771793395275,0.006174795017093825,0.008518947018393602,0.0,0.009038543861711996,0.010562141709074706,0.0,0.0015650386587168306,1.0,0.003638505240486677,0.0,0.006714664964344604,0.0,0.0,0.0037302129140255706,0.017556288890852766,0.0127260765827807,0.011176762034161767,0.011915109394433406,0.0,0.008272896752788415,0.01149814533110132,0.0022481226516344473,0.0,0.003094814016657392,0.0,0.011257542988374973,0.005267162641953981,0.0,0.0,0.004702218077217536,0.002938097017985641,0.0,0.0,0.9923943309272788,0.02363201454150857,0.0040937072567179345,0.0,0.0,0.003771188157993741,1,neptune,DoS
0.0,0.007796937251706845,0.0023080244518401227,0.009507317183211211,0.005143609539300014,0.0038484560157763478,0.0054465468216488315,0.0043187278948063545,0.017754198482596045,0.014905159656994188,0.019602330310340473,0.0,0.0,0.0,0.012021633682506035,0.0030077107549599746,0.005530249142315128,0.013283683144660625,0.0,0.2907347445302625,0.0,0.9943223347011185,0.9903267016090557,0.0,0.0,0.024887530410511446,0.10926803880245771,0.00017613159743474647,1.0,0.00112737322666062,0.013647078218251573,0.08528257611873949,0.0,0.0,1.0,0.9912248682360428,0.015215628057048571,0.0,neptune,0.01640500198608775,0.9865310637449578,0.003091597482693602,0.017071279367277373,0.009091758122943513,0.0,0.009423157795046676,0.0,0.0,0.009673712527554423,0.0,0.0,0.004052236470344961,0.006221749315558809,0.0,0.009815627064586248,0.0,0.011536315322195996,0.0035355181216476677,0.0,0.0,0.003282072469615833,0.0031848920304288282,0.007636250654336219,0.0,0.0018855939883806179,0.0,0.0,0.0,0.0013828780254619452,0.0,0.0,0.0,0.0,0.005865887789016037,0.005527828376376158,0.0020105697078680114,0.009393338385060089,0.005232500655240497,0.0,0.0,0.0,0.0,0.011163667960528242,0.00678506248255493,0.0,0.0,0.0049128281639660406,0.0008725687078975868,0.0,0.020395977478725895,0.0,0.9895086137000925,0.013723847095497184,0.0,0.0,0.0,0.0030251304990814467,0.0,0.0049498509706615915,0.00161030249132607,0.0,0.0,0.009164484213320466,0.0,0.0060351153540204976,0.016657909777942976,0.0,0.0,0.005788387811166399,0.011596505684766157,0.009488708941757702,0.0,0.009046675679672905,0.0,0.0,0.0017465933944368428,0.0,1.0,0.0016421755383208916,0.0,0.0,0.0032282449219509265,0.0,1,neptune,DoS
0.009507595957517646,0.0,0.0006557196569152299,0.0061614439464153185,0.0,0.000602305408260436,0.0,0.0,0.9871030195076268,0.006190212636267113,0.0,0.0,8.005126351834496e-05,0.0,0.0,0.005098668629965586,0.0,0.0017069562125657995,0.010929024404082902,0.019709168038626632,0.022110529092713282,0.0,0.0025961916955446972,0.0,0.0048240291983564785,1.0,0.025808902746347118,0.17371936600334356,0.15450548500520422,0.9957477531104584,0.98444833011268,0.002023241791944699,0.03422964913211987,0.02756989460755066,0.0,0.0,0.0,0.0,normal,0.0,1.0,0.0046036687201370064,0.0,0.0,0.0,0.008127208996637962,0.009333756632857093,0.0,0.0,0.0003290078681082203,0.008329351407439439,0.0,0.0,0.0,0.00814290347550053,0.0,0.0,0.01015298274145668,0.0,0.0009190700879102772,0.00048796432262767384,0.01438957655764445,0.017789809961971683,0.002937391301714506,0.0,0.006817668138797849,1.0,0.0,0.015481848575953137,0.0,0.0017287432727134103,0.007696769455582406,0.01621208436414985,0.0015040889803536015,0.0,0.010170105683892924,0.0033940412972249517,0.015456847899210861,0.006263337387315844,0.013965318060552484,0.0,0.001823288088913792,0.0,0.0,0.003945826854384667,0.0143577821918473,0.0011889282868639498,0.004214437224906936,0.0,0.0,0.003124105677175767,0.009191129462355441,0.0,0.0,0.0,0.016937339612905947,0.00914853574936698,0.015761009867000776,0.006456531353378451,0.0,0.0,0.0,0.0,0.009127237532583083,0.0,0.006182481869342642,0.0,0.0,0.0,0.0038228149841784066,0.0,0.007350891711155487,0.0015340395708688319,0.005671688356071942,0.0,0.0028322065993186523,0.01708562646254004,0.0,0.005709984145160809,0.002692156681341889,0.0,1.0,0.0,0,normal,Normal
0.17027974383052022,0.0005926121115681599,0.0,0.0,0.0021565232965941685,0.0,0.0,0.0,0.0,0.0,0.0,0.0,0.0062935498753004405,0.0,0.0,0.0,0.0014735969906445035,0.009269380443895095,0.003702608341885003,0.0,0.0,0.005532091188042494,0.0,0.010232981789517311,0.007912388528096862,1.0,0.0,0.0034185057465522784,0.9902342146638667,0.6921577994089037,0.6843155467986296,0.02705377806492837,0.00201551919671764,0.0,0.45963782407868026,0.42976911861893535,0.008924808229966693,0.008512413456700034,processtable,0.012978189287219237,0.9800674676274781,0.006952852974905403,0.0,0.004055810998330795,0.0,0.0024476470904122973,0.0,0.009168765821454919,0.0,0.0,0.0014878431180941373,0.0,0.0,0.010024885490561576,0.007878826831454378,0.0,0.0007915686617440982,0.0,0.0,0.0,0.0,0.0033979435096500726,0.0,0.01138373737312843,0.0,0.003054513583070111,0.0,0.0,0.0,0.01035458884819834,0.0,0.0066092885223312525,0.017480607557971123,0.0,0.0,0.0,0.0029003501937634145,0.0,0.0028689777573091676,0.0,0.0009427888298254333,0.0,0.0030371664114015396,0.0,0.0,0.006062257268513598,0.004037226185852666,0.0028099708784498057,0.0,0.0,0.0,0.003004082678439671,0.0,0.007877232842147907,0.006615841077528342,0.0,0.0,0.0,0.0,0.00822388802928304,0.0,0.01703034381807171,1.0,0.004496310341415341,0.0,0.001747620828670464,0.015165951171378141,0.0,0.007571559872426997,0.0,0.0,0.0008036651473474231,0.005108170313436867,0.017642730150064123,0.0,0.003021144307650615,0.0,0.0,0.006032356332471599,0.0,0.0,0.9982192970065463,0.0,1,processtable,DoS
0.0068834427759225285,0.0009460906515378892,0.017522507660983355,0.005625230223606749,0.00675941348842043,0.012968157514888862,0.003611265181327802,0.0,0.0,0.007411149472135597,0.01766735800004404,0.0,0.00726438774678135,0.011164072309226404,0.0,0.009890268238153926,0.003283382722809956,0.0020889139463364102,0.0,0.019061084990174556,0.00560035571288872,0.0074022409113693975,0.0,1.0,1.0,0.9874049697536051,0.003660324689493645,0.9900718880164964,0.0241483991721686,0.21294016280257685,0.1250184095876371,0.7225150342523056,0.14108168971134286,0.07141428075984436,0.0,0.003933876460285843,0.5823470506705647,1.0,mscan,0.0,1.0,0.0,0.0015810952654025832,0.0,0.005603900979839046,0.015753984006182928,0.013869854759228866,0.0,0.003274454246677018,0.0034579913248244556,0.004575989423265337,0.0,0.004622229247650333,0.0,0.009734821071084965,0.0,0.009112844725920038,0.0,0.0,0.0060637462256335544,0.0,0.007667930652847824,0.00022788466760369206,0.014334520155846858,0.011987201572826954,0.014649894868645895,0.0,0.018038760223599976,0.0,0.00013412216508635913,0.0,0.0,0.0,0.0,0.0,0.0,0.004394057513188089,0.0,0.0,0.0,0.00012808006560334386,0.006706302924125802,0.015283961336823233,0.01595694373414141,0.0,0.0,0.007646888476511234,0.0070296769870007245,0.011454597958946038,0.0,0.0,0.011944782564915274,0.0027834422369208455,0.0,0.0075760580660395324,0.009342840449847916,0.013646645032081397,0.004590840051358382,0.0,0.998529280386053,0.008222746248851746,0.018296412230318932,0.0,0.000756105211940293,0.0001824024315979076,0.0,0.016962760758656704,0.005751356496640217,0.011008074674030073,0.0,0.017300274208605505,0.0,0.0,1.0,0.00954429205835439,0.01757832070050091,0.0,0.0,0.0016104330366979692,0.01241453249322591,0.0,0.008176614232660182,0.0004633230998200849,1,mscan,Probe
0.0,0.002586296641169331,0.0,0.009659558584669957,0.0,0.0,0.0,0.0016982192038249733,1.0,0.0,0.0013064968900379143,0.0,0.010811831265671574,0.0,0.005562626279120655,0.0054696920976384815,0.0048800005046161915,0.006011838562295976,0.0034119220742944113,0.04415437104090216,0.03042731919383503,0.0,0.0005217982108527045,0.0,0.013456067648472885,0.9907294306886827,0.0,0.0017824356533252036,0.205965104955456,0.9245653975153117,1.0,0.0,0.03667601093421158,0.021366378983283706,0.0,0.0,0.002624977089223991,0.007721657239401445,normal,0.0036246929368734387,0.9995001368473222,0.006023236899805991,0.0024330389424300158,0.0,0.0004180072505383787,0.0,0.0,0.0,0.0,0.0,0.0,0.0,0.0,0.0006693081252148201,0.0,0.0,0.010963919141871456,0.027977295056403857,0.0,0.004703402535214807,0.0,0.020804299200208747,0.006173124880588507,0.0,0.008899021414300332,0.01814920008004636,1.0,0.0,0.0,0.006410340443122748,0.0,0.0,0.0,0.008097618329720611,0.0,0.0,0.0,0.006922279100464851,0.0,0.00832893730606295,0.006196960643192743,0.0,0.0,0.0,0.025555746022461835,0.0015524491254444806,0.0,0.0,0.00030165306179193884,0.0,0.0,0.0,0.00441058662724515,0.0,0.007882606449395283,0.0,0.002464100148532507,0.000920812938765933,0.002360990740938022,0.0,0.014094748334713835,0.003474928556797236,0.001291114703095655,0.0,0.0,0.009720314248902026,0.0,0.018235343786767454,0.0,0.0065755905926847885,0.0095856665734516,0.0,0.0,0.008922364233189522,0.0,0.00010844461056867967,0.0038525494082924877,0.005042853476031942,0.003046184631306723,0.007196547870512212,0.0010787022054020144,0.9980101319968575,0.0006106122144336853,0,normal,Normal
0.0,0.0,0.0,0.0,0.0,0.005627692772254972,0.0,0.0,0.0023798582882818445,0.0,0.0,0.02597861885208293,0.00472934085997153,0.0,0.012963251616137822,0.0,0.008662353785212613,0.010436025875478403,0.0,0.7496631245965383,0.0,0.0671063461798161,0.0,0.915070455213707,0.985911547650609,0.0002361390688799004,1.0,0.01624660749140807,1.0,0.009013651637789501,0.0,0.9878115995506414,0.00047093486189710355,0.010581293199541488,0.04237083116046382,0.0,0.9494910708275952,1.0,satan,0.004241153117615191,0.9987577117561202,0.0,0.0,0.0,0.008211611808227434,0.0,0.008810051186142262,0.0,0.007544896745119424,0.0,0.01514343140372537,0.0,0.006652246309960467,0.006983963674490004,0.009503633908300769,0.0,0.005156232363681453,0.00042059102913485756,0.0,0.0,0.0,0.004174116187158349,0.018242099653355878,0.009921426613166525,0.017132734750906806,0.0,0.0,0.0,0.0033632613797887423,0.030295852992052286,0.007430467053128019,0.0,0.0,0.0,0.007867500594179885,0.9983969651389988,0.002421394477841682,0.0022207959976353942,0.017676461934545112,0.0,0.0,0.0,0.0,0.0,0.0,0.004154456154232038,0.0,0.008091864054215832,0.0013356174648107735,0.004733379213886811,0.0,0.00842511361965509,0.0,0.005456189745533999,0.008199213633920257,0.0,0.0174901927474286,0.0,0.0005751268117753271,0.0055521800117628575,0.0,0.0033465438898419575,0.0,0.001511418714870811,0.0,0.004188492838257793,0.0,0.0,0.0022717416141943,0.0,0.0,0.011845176222033092,0.0,0.9917333809125245,0.0,0.009129952808919409,0.0,0.009465629205979747,0.004316880027837186,0.009830501238039012,0.0031623701242788987,0.010181448298890316,0.0,1,satan,Probe
0.017086371876163745,0.002274633995139252,0.0,0.0,0.0,0.0,0.02324332071124499,0.0068266706179450735,0.9892715083817161,0.006924372495597306,0.0,0.002123778874607006,0.0,0.0020960103776586554,0.0,0.0014130963453876098,0.0,0.0,0.02072230963415905,0.006608818943598265,0.002051754672145892,0.013349031192027521,0.010187701407486099,0.010307754828054549,0.0,1.0,0.007286884702910759,0.4981931157844324,1.0,0.9979219613948526,1.0,0.027142959432953105,0.0,0.011228904057035366,0.0,0.0,0.08599962689353663,0.06957914036559928,back,0.0,1.0,0.0,0.0,0.006064890040974855,0.0003224727800335456,0.00019209280310421433,0.0,0.0032224345702672116,0.0,0.00691005636304433,0.0,0.0,0.0,0.005513378884280885,0.0,0.0001463507853879095,0.0,0.0,0.0,0.01094259072939088,0.0,0.0,0.0009814693061664295,0.0020401153051189305,0.0,0.007103386896403192,1.0,0.011772991342561628,0.0022785263562451544,0.005513027176160562,0.0029559414728615547,0.0,0.0,0.0,0.0006935781381050265,0.01034937607401532,0.0,0.003909175355278036,0.0,0.0,0.0,0.01361384311715029,0.0,0.0,0.01394881305732343,0.00631195369972646,0.0,0.01564992652154037,0.014308798376541679,0.0,0.015474267340419637,0.009802856781762915,0.0026075490067467323,0.0,0.009865222071497407,0.0,0.0,0.0,0.016797048364793267,0.0,0.008565110167940943,0.0005916072299621946,0.009268721478958127,0.0,0.0,0.0014509006516578962,0.0,0.0,0.0,0.018821860714763498,0.0,0.014523041158567552,0.0,0.010890231881098496,0.0,0.0,0.004771693812794763,0.01423387880456676,0.0,0.014301665975643035,0.0,1.0,0.0,1,back,DoS
0.0009726071785656243,0.0,0.0,0.0,0.0,0.0,0.0,0.0,0.9993881420637983,0.0,0.0,0.0,0.006682910457898386,0.0,0.0,0.0,0.006102606477003638,0.0018926393807035269,0.00944517891615555,0.0,0.05241068435463855,0.00015657061687903825,0.0,0.01158403280322308,0.0025938902313706598,1.0,0.0,0.1593654063042817,0.10324337171615808,0.9882428354714761,0.9907423625283338,0.0,0.030994476626863252,0.08792281272715873,0.03156604748058681,0.0,0.0,0.0,normal,0.0,0.9919444920387629,0.0,0.0038751394306261507,0.0,0.001493940878016011,0.0,0.0008103678478874173,0.0,0.0,0.0008979028108853322,0.0020210961780061016,0.01078972718771798,0.0,0.009529247776377711,0.023833133419234733,0.0,0.012087850022801702,0.0,0.00193306317634985,0.00689256904936567,0.01982297539246574,0.006460693639139817,0.0,0.003354804870017602,0.0,0.003982828449962593,0.9857010238955058,0.0,0.0,0.0,0.0,0.0,0.003165733492644951,0.012109649760568605,0.002304756886013221,0.00533858381726913,0.0010309429561473598,0.008148705875455497,0.01714255105409947,0.0,0.0,0.0048310271034439495,0.0,0.009079131238000674,0.0,0.0029021500165392965,0.021218147804876093,0.0,0.006649479543885913,0.0,0.0,0.0014309343746615702,0.0,0.026930506953871853,0.0,0.0,0.0038945123494065763,0.0036455211114810515,0.0,0.014969729775873235,0.017701751586413902,0.0,0.00797816591407651,0.019984593415872557,0.009805958788309263,0.003000227190577537,0.0,0.0,0.006339445175766297,0.0,0.0,0.008151245599764875,0.004590445615675749,0.016530275820837752,0.0011491789205276461,0.0,0.017527107085967292,0.0,0.013097785417173166,0.019550807943692034,0.0,0.9898365174541935,0.0,0,normal,Normal
0.008772628862501564,0.0,0.0,0.0,0.0035327382762424275,0.0,0.0,0.0,0.9942060733998264,0.0,0.007180444641335849,0.0,0.0,0.0066625026313681095,0.0003040085966700251,0.0020014064700933916,0.0,0.010468007895824812,0.0,0.016478659628157304,0.011402827280865033,0.0,0.0,0.0,0.0,0.9961656133171064,0.0,0.0,1.0,0.9334053125033642,0.9096084398625003,0.08978228714189448,0.0,0.0,0.0,0.006585979315305586,0.06366569219295388,0.002438285357396465,mailbomb,0.004355427309620123,1.0,0.003971431687402755,0.0,0.008149729498406559,0.004990997382944394,0.005482682591963733,0.0005905378968510824,0.014526732857000433,0.0,0.0005122307047704816,0.0,0.0,0.01079288025472089,0.0007816806954167356,0.0,0.0,0.006722608361043003,0.0,0.0039709675041721924,0.004396940813353381,0.00048503078803195096,0.0,0.0023653422058723924,0.0,0.0030471178789063047,0.0,0.0,0.0,0.0,0.0,0.0,0.008004060748764388,0.0,0.007843133451550952,0.01792256406933415,0.0026145719512445076,0.01485854253030206,0.0,0.02603996238588987,0.004237757825441886,0.0025559575781646743,0.0,0.0117195032599031,0.011689170268816513,0.00992097728116716,0.0,0.013592072016366294,0.0016966391142627475,0.0,0.007629217650892392,0.0,0.0,0.0,0.008146423984828594,0.0007848069926499412,0.0053442755730432456,1.0,0.01210005705319597,0.0027044356547439845,0.001403862222719524,0.0,0.0,0.01265530005615874,0.0,0.0008132299598647698,0.013533767518682903,0.011989798140924846,0.0,0.0,0.017993881398447913,0.017565714738555532,0.0,0.0,0.0,0.009655437423272252,0.0,0.0,0.002599135176725271,0.0,0.0,0.0,0.9818743291204481,0.0013193756608947432,1,mailbomb,DoS
0.0033532879151250113,0.0,0.000870924524684816,0.014233970414370278,0.0,0.0,0.00849793251659301,0.009714954086820318,0.024185234700547845,0.0,0.0,0.011932884311218672,0.009679291446694594,0.00575952956309036,0.0,0.00519323106059424,0.0,0.0034266468164777736,0.0,0.25631937930999815,0.05208362990145354,0.9968811749474876,0.9941637032217511,0.0,0.003198289695317769,0.13658121070830315,0.06229458246324563,0.01080525694574658,1.0,0.06316256849330465,0.07213179388901131,0.048092627496467116,0.0,0.01566526498002734,1.0,0.9997039680202154,0.0,0.0,neptune,0.0,0.9921319153554851,0.011461017748009901,0.003484055748464415,0.0,0.0,0.006389036341407782,0.0,0.012622753774282418,0.006483348824732465,0.004099864145724717,0.0,0.008511270347495438,0.0,0.0,0.006761078216633943,0.0,0.0,0.0,0.0,0.0033688755453962355,0.0016390758623479127,0.0,0.0,0.0,0.0,0.0002570251162064317,0.011896995764710297,0.0,0.0,0.0064527766787993495,0.0,0.0008128935332278323,0.0,0.006870618126411399,0.00422913148896899,0.0,0.0034211141128882186,0.0,0.0,0.009689884810734987,0.0,0.0,0.0,0.0014137265565568758,0.0024278219902835216,0.0,0.010693526686653356,0.0,0.0032635213744954205,0.0,0.0023068703568507373,0.0,0.022765510053591915,0.0,0.01880742425538319,0.0,0.0,0.0,0.0,0.0012429969737980644,0.010861723649982872,0.0,0.0,0.0,0.0,0.0,0.0068202472875785935,0.0,0.0,0.9799141416304789,0.0,0.0034033930172915235,0.005170428426485497,0.009921789914352363,0.002707157739918895,0.0,0.012905824368486607,1.0,0.00851571072920818,0.014019188991496923,0.0031269909170276024,0.011207789809301883,0.0,1,neptune,DoS
0.0,0.017070299682058938,0.0,0.01539522076216792,0.0,0.0,0.0,0.0,0.0010795952389682374,0.001792119894724783,0.004173933312351822,0.008863975132732195,0.0,0.01196624391169336,0.010414558142893205,0.0,0.0,0.013202302567887892,0.0,0.00779577560466537,0.005648624061342675,0.02077087381049048,0.0,0.002662879007169008,0.0,1.0,0.0,0.0,0.1427980875921011,0.033283444255262695,0.13656801444060349,0.08421569767006895,0.11912450741749168,0.016236076039390868,0.0,0.0,0.008397383065062908,0.0,normal,0.0,0.996804280313355,0.0,0.004291016235949027,0.0,0.0003408909390992244,0.0027848803554331686,0.0,0.016035697046537362,0.0,0.0,0.0,0.0,0.0023303735804584965,0.007935652683040204,0.0,0.006156438607307913,0.0,0.0010370449751787862,0.007569844686915369,0.0,0.0021295834034641904,0.0,1.0,0.0,0.003822114664853733,0.0,0.005378456491156567,0.007959211476842155,0.004375040537446508,0.0,0.0,0.01583462770946466,0.014542694793441682,0.01672815428598584,0.0014188377975759238,0.006549022228734153,0.0,0.00826825713182475,0.0,0.0,0.0,0.0,0.0,0.01180336091513063,0.0,0.0012305880877209992,0.0,0.021568054152760908,0.0,0.011333541784468212,0.0,0.0,0.0,0.0,0.0,0.0,0.0,0.004155795171048608,0.0007863682890190107,0.033207210186469174,0.001765772759358978,0.0,0.003991135904684249,0.0,0.0,0.0036336294815622334,0.0036524032508243815,0.0,0.0,0.0,0.0010074994356699665,0.004048477082734514,0.014102312843094657,0.017150323223256828,0.0,0.0,0.0,0.0,0.011031893904599943,0.0,0.0,1.0,0.004970019755443024,0,normal,Normal
0.0,0.009051027969664593,0.000728053687653933,0.0038885768195839453,0.0,0.006574159434708688,0.003209200290040403,0.0,0.9999717321704561,0.0,0.007808468701474748,0.00808651553989557,0.009099236902535744,0.005282623430834568,0.0185128471502017,0.007916030295842782,0.0,0.0,0.0,0.00790695747834186,0.003093344618989308,0.0,0.0,0.003763748231454382,0.0,1.0,0.004099836099130207,0.03181713906612326,0.2246953313171355,0.9973914027254013,1.0,0.00022458434750802017,0.02251801216839817,0.06086120951604309,0.0,0.0,0.003010688385911524,0.0,normal,0.014679862794623293,0.9967998516724805,0.0,0.0,0.0026417289802852283,0.0,0.010135766133080959,0.0016338166707030191,0.0024775274720311327,0.016760882889119793,0.013190621217539366,0.0,0.0,0.006391338423642757,0.01088540455809908,0.0005141703760359273,0.0,0.0,0.004622773632373179,0.004091206873607083,0.011936333970604411,0.0025135111284381065,0.0011056949770100368,0.0,0.0,0.0,0.00016202224772252495,1.0,0.005972306241862216,0.0,0.0,0.0,0.009117540793545292,0.0,0.0034640608229031607,0.0028020807258460336,0.019044855757088492,0.0,0.012499613448192124,0.0,0.01786944243118608,0.017192567792632837,0.016100112171201178,0.01579423736221317,0.0,0.0,0.0,0.0,0.0,0.0,0.007086996079825998,0.0007597743005278729,0.0,0.008550402443583712,0.0,0.0,0.00532306739114277,0.009126409930122538,0.0,0.0,0.0017765300976640198,0.007270306861784187,0.0037473972418321133,0.0,0.0,0.0,0.0,0.002289788470955427,0.017824331683843102,0.0,0.01366076212137345,0.0,0.0,0.009304380145002525,0.0018362811254222248,0.00020142083664625535,0.007899654263414338,0.0,0.017720040811470134,0.005640347984215666,0.0,0.0,0.9791030941395841,0.011439128328998897,0,normal,Normal
0.0009855182798692577,0.0,0.0,0.0163913806968355,0.0,0.012097907391005752,0.009644718350321203,0.0,0.0,0.016198262715157976,0.0,0.00717489824340693,0.0,0.0,0.0,0.013743211598458966,0.0,0.007380516567694525,0.0,0.41205077408707597,0.04692792004285486,0.0,0.012654837747788559,0.9959520690642354,1.0,0.0717301972195436,0.06566305074425849,0.0,1.0,0.07899507062797517,0.08861099518287002,0.07042263210170113,0.0,0.016287132164441217,0.009829749393589137,0.0,0.9976834427984613,1.0,neptune,0.0,1.0,0.0,0.016223513692101052,0.0,0.012288924872594028,0.0,0.0,0.0,0.006281634440152025,1.0,0.0,0.014812274778966128,0.0,0.0,0.0016167866468203619,0.006949714457723907,0.0,0.013244539618233025,0.01119701663537918,0.0,0.0,0.0,0.0,0.0012348889784041324,0.015171225431226669,0.0033062165556895784,0.010250287185318434,0.0,0.01391393482980179,0.01858625046025489,0.0016062676307599588,0.0,0.0,0.002960632386879135,0.0,0.0030715562476379306,0.002090146655128092,0.018108461077903554,0.00019416541255903616,0.0010103762105689842,0.0,0.0,0.0,0.0,0.0,0.007099764486309256,0.0,0.0,0.0,0.0014829736988516981,0.0027286724107758913,0.0,0.005373794907959444,0.0,0.007366460931810957,0.0,0.01173556580591671,0.0,0.0,0.00269791173747921,0.0,0.0,0.0013249731472416465,0.0,0.0006492547719356827,0.004411352541887364,0.0,0.0,0.01201213456681189,0.002225194169056127,0.006762211587266145,0.0,0.0,0.9889839395569808,0.0022393726286715947,0.013160351718766018,0.0,0.0,0.014188219270798321,0.0,0.0,0.0,0.0,1,neptune,DoS
0.0,0.01104975517662514,0.0055529865538939596,0.011146619233018833,0.005777974679780646,0.002506040471756527,0.0,0.006090861525929219,0.9959139049587457,0.0,0.0,0.0,0.0,0.011053523548493361,0.0,0.0005110782416882965,0.0,0.0015468002229551611,0.0,0.02888179583064855,0.013030009948790089,0.0206846219249763,0.009000518967144358,0.0,0.008534820063168247,1.0,0.0,0.0033143540649419947,0.02787915219243487,1.0,0.9930043933309658,0.0,0.07971078429134745,0.0388779430883568,0.001917233875242124,0.0009307801676278863,0.0,0.0029973273048872003,normal,0.0035449756149372757,1.0,0.017958467702622053,0.0,0.009294945957679329,0.00750073847396642,0.01138518230340312,0.007776074229705785,0.0,0.0,0.0071820480686894325,0.0032772844854795525,0.014015541108125716,0.011646613892069646,0.0018024169062943096,0.0,0.0,0.004892934986321991,0.0,0.007172579461874062,0.007302164903859602,0.0021149345318010934,0.012614999699028255,0.008061216263244013,0.009304978030795724,0.004733847120864779,0.0,0.9767996999236148,0.003899442410281032,0.0,0.0,0.024979598706742122,0.005338353628833106,0.0,0.0,0.0,0.02099967525055194,0.007897160471668534,0.0,0.0,0.003473137061416754,0.00513803425219142,0.014086380573604349,0.0,0.0,0.0,0.0,0.0017695235763630825,0.0,0.002205134007020717,0.0015195624020459897,0.0,0.0,0.0,0.0,0.009968945979437649,0.0003236756609685983,0.017947128365377915,0.0,0.008430166273494008,0.011224314830141692,0.0,0.0015910014488285415,0.0,0.0,0.019834851822737806,0.0,0.01727034355586943,0.0,0.0,0.0,0.0,0.0,0.0,0.0,0.002516667112406439,0.0,0.0,0.0,0.0,0.014170700668192824,0.0,0.9996193126044272,0.001342433243330544,0,normal,Normal
0.0,0.0,0.0038990117592500075,0.0,0.0,0.0,0.004452587964969577,0.0,0.9892110418856904,0.0035664360830240534,0.003499536177217326,0.0,0.005063459957557532,0.012211212629392357,0.0,0.009054561564999486,0.0,0.0,0.0,0.03409572884621026,0.00920508876912805,0.004578783035673136,0.0010483127809272142,0.0,0.0,1.0,0.0,0.006797197341661437,0.15855280544355044,0.9911496685673101,1.0,0.0,0.02234174408722967,0.04137379659798018,0.010209117020501226,0.01206541264985013,0.0008979783571579285,0.0,normal,0.0,1.0,0.0,0.0,0.010880736338585262,0.0,0.01614548833370274,0.02654540531222525,0.0060333303041800205,0.0020690004611163544,0.010442876680790419,0.0,0.007550627013575463,0.0,0.003392656854464562,0.0,0.0,0.0,0.009146904626441639,0.0,0.003980074122617241,0.0,0.0,0.0,0.0,0.003096021742279373,0.01157255976742428,1.0,0.0034675492527027636,0.0,0.0,0.0,0.0,0.0,0.013453960308013609,0.0015877089301527389,0.0,0.007926800769985197,0.0,0.0,0.0,0.0,0.0,0.0,0.0,0.0007271964353914554,0.0,0.0019820232308676846,0.003631227064288065,0.0,0.017682059624774312,0.0015843521185612258,0.0,0.0,0.0,0.006879930667177667,0.005163910707887523,0.0,0.0,0.0,0.0,0.0,0.0,0.0,0.0,0.01194969299591331,0.0,0.003385727481749426,0.0,0.0,0.0,0.010543174361789968,0.0,0.0,0.0,0.0,0.003603535204731039,0.0,0.021118449628615636,0.0,0.004437977651164439,0.0,0.9997950121201638,0.012282087379559131,0,normal,Normal
0.0,0.0027765182285812845,0.0,0.002359508018509868,0.0,0.008681740242988742,0.0,0.0,0.00475916909768582,0.002198154023251117,0.011690216464600738,0.01628130861780693,0.012180176017035305,0.0,0.0027531908118060507,0.0,0.01526432476508854,0.0,0.0,0.9550404867188547,0.0017662106998501798,0.06354290245775256,0.006282218266954397,0.9644914382296603,1.0,0.0,0.9998782856832555,0.0,1.0,0.002034209790044307,0.0032860635306266846,1.0,0.0012219689535032413,0.004817708575572321,0.05512928335975912,0.0,0.9442680847976999,1.0,satan,0.0,1.0,0.005504139011433433,0.011069907975303486,0.0,0.0,0.0,0.00475758056011091,0.0,0.0026424442162605866,0.005159912797987558,0.0,0.0,0.001029212052159172,0.0,0.0,0.0042873916011181195,0.0,0.0,0.0050669155270327325,0.007365701479085027,0.0031983956260454765,0.00542276512341692,0.0,0.004683197989499338,0.0006715060634864549,0.004334180163705654,0.005127201011829964,0.0,0.0006146532547021828,0.0,0.003857610744697318,0.0,0.0,0.0,0.019446764043835763,0.0,0.006075770993727575,0.012350998211006261,0.005850151667046821,0.0054210774676547845,0.0,0.0,0.0,0.03450550243012176,0.0,0.0,1.0,0.011149447664770796,0.0015251361344212062,0.01047436255259512,0.0,0.0,0.0,0.0,0.0,0.0,0.0007585890722945463,0.0,0.0015533503984820685,0.0,0.011110654444557087,0.0,0.009306346314341886,0.027572404735465295,0.0,0.0011984403973719197,0.005126075051359905,0.013230873564858654,0.003232986481800305,0.0,0.0009720309275510831,0.0011782510543821545,0.006175276919552036,0.9949218165886479,0.0,0.012966323561892954,0.0,0.0,0.0,0.0,0.009061951448435999,0.0,0.0,1,satan,Probe
0.00757452274102614,0.001254228906226375,0.006406907912802215,0.008121876550871302,0.014232128957164159,0.005829162594397158,0.0,0.006330689242050927,0.9998738254759364,0.0,0.0002007281599263121,0.0,0.00013062932770783377,0.008072219975575255,0.0,0.0,0.0,0.005529851416487479,0.01796773198358264,0.012004576033206253,0.015360951539502902,0.009423785624211837,0.005993898116359379,0.01104670784641653,0.0,1.0,0.0,0.019817894586213552,1.0,0.9939332724034468,0.9955063011855559,0.0,0.0,0.0038185085621801696,0.0,0.006671026250793267,0.003797991426238259,0.009794553782321696,normal,0.010243892307852262,1.0,0.0,0.007326068044223992,0.0,0.0,0.007200753274225278,0.0,0.0008004503544496893,0.0,0.0,0.0,0.012592810578015675,0.0,0.0,0.0,0.01361995282496798,0.0,0.009848532499932448,0.01037159088267988,0.004318530920730565,0.004389502544302203,0.0,0.007933609823274061,0.001962577154597401,0.0,0.003601550209625471,1.0,0.018257417293179617,0.009484026788547009,0.0,0.0,0.0,0.007473940220998787,0.009421648631677658,0.0,0.0,0.0,0.011811025279594283,0.0,0.0,0.0,0.002273559304235655,0.0,0.0,0.0033451195962304514,0.0,0.016142307969179825,0.0,0.0,0.010281305509565101,0.0031442239479977335,0.0,0.011443284633624264,0.008125220382562744,0.004801849119869348,0.0,0.0,0.00023004309676673864,0.0,0.0,0.0,0.021181503409630417,0.006246899675881036,0.0,0.005495298028069636,0.0008689292014663848,0.0,0.0,0.0008956411105157195,0.0,0.0,0.0,0.0,0.0,0.004105762380831484,0.0,0.0,0.013661404801574389,0.0,0.0,0.0,0.994815310626747,0.008555101681573285,0,normal,Normal
0.0,0.00365336132866047,0.0024582270097295964,0.0,0.0,0.0,0.0026143669083954235,0.0035570357262288137,0.0,0.0,0.002353708471883276,0.00413567511212751,0.0,7.104265441063205e-05,0.0,0.0,0.013477130506898636,0.0,0.0,0.46399143178129504,0.004745227823721663,0.005249131327096478,0.0,0.9976302488117857,0.9932304940844726,0.0001355876074483741,0.07149633485604207,0.005861887819578637,0.9982632850011341,0.020045191031666416,0.01695319932649653,0.10093942050074578,0.014210179687847345,0.0,0.027112788316512263,0.004457273274232455,0.9858532424434404,1.0,neptune,0.003708552010620613,0.9822640615415217,0.004502722981959939,0.010065303916533423,0.0,0.0,0.0,0.0,0.0030932289092118308,0.01068423847182346,1.0,0.0,0.0,0.001265124771281534,0.0,0.0015809964352145947,0.0028102102272378094,0.0,0.0,0.010450290891194576,0.0,0.0012235990092520725,0.0033013997004749246,0.0,0.007382079302150547,0.0,0.0,0.0,0.0,0.0,0.011973926400451536,0.0,0.01353879371993168,0.00025022056364553644,0.0031926020408305973,0.0,0.0,0.0,0.0,0.0,0.0037798519695283308,0.0,0.0,0.0,0.0,0.0,0.0,0.0,0.01348582496271768,0.0,0.008927024908923985,0.0,0.0,0.0,0.0,0.0,0.00838121003694408,0.0032184140678660454,0.011533463482126563,0.002783054400599073,0.010875148399654474,0.010208764914842188,0.0,0.0016241324681246234,0.018462897289595406,0.012626136301582528,0.006792806677470026,0.0013766720717394779,0.0,0.008447619050303506,0.01135185976315908,0.016128924663862267,0.007930079258472188,0.009676499243816113,1.0,0.0,0.0,0.0,0.004333644721841894,0.0,0.013446866476123845,0.00914907330751308,0.016147600920251266,0.004035445464000106,1,neptune,DoS
0.012377014489226004,0.0,0.0021087948877780032,0.010201724154953004,0.002918580425791635,0.0,0.009397003679264174,0.0,1.0,0.006012736621899732,0.004329705897905674,0.009669463504168826,0.0,0.0,0.007101049344344158,0.019879759402718914,0.0,0.007358143608388506,0.0,0.0,0.014228209262152522,0.0,0.001006438585645956,0.006744717562463885,0.007327043995563145,1.0,0.0,0.6752750389847357,0.15968792648286118,1.0,1.0,0.008591843098793408,0.02176186207425472,0.004891968187762465,0.0,0.007850780392728081,0.012904131953652991,0.0,normal,0.01679749808263028,0.9855987378760271,0.0,0.007923051433568699,0.0,0.0049990156437951915,0.007673953615587801,0.0,0.005368475264067505,0.0,0.005242108353774085,0.0,0.006019151155909364,0.003978150950635961,0.011337882013063016,0.02535041054279063,0.0,0.0,0.0,0.0,0.002438099417476735,0.0,0.0,0.008047514760550805,0.0047882556316077435,0.014344072873196303,0.006658987821587397,0.9947913295383042,0.0,0.0040102772459108945,0.0,0.0,0.0033036262293529546,0.020451326962015393,0.0006482648513766033,0.008607363089890857,0.013356044517411377,0.0,0.012608506821500559,0.0,0.004476808567009935,0.0,0.0003588492049482321,0.010548788132477345,0.0,0.0,0.003394490093068925,0.0,0.0,0.0,0.0,0.0049832999663329165,0.0,0.0,0.0,0.00012173351927542458,0.006624937253903775,0.0,0.0,0.0,0.005165042811866868,0.0,0.006620186020606536,0.025158616273828285,0.008503386356654784,0.0014328152346360923,0.006521124096678754,0.0016693815401637095,0.0,0.009623023240044335,0.0,0.012034057411076066,0.0016700844900803694,0.00832323619867147,0.0,0.008073106051478148,0.002492832539195047,0.014735110717423356,0.0,0.011628857467249207,0.010549489677464724,0.0,0.9946193497728111,0.005682266391738541,0,normal,Normal
0.0,0.0,0.0,0.0,0.0,0.0,0.013513709305571229,0.0,0.9896841195095825,0.0,0.0,0.0022208234317838975,0.0,0.004904155775074858,0.006081483373249814,0.11627726439305879,0.0,0.0,0.01741833311488546,0.0,0.0075984456859408325,0.0,0.0,0.0015507062615016454,0.00023161970166023013,0.9987968920342196,0.011691511723090069,0.007514618233872794,1.0,0.9434407580079474,0.9519407064106195,0.010990905873895332,0.0,0.00992553584512473,0.0011415326700487153,0.0050709372589768965,0.0019060054480390316,0.0,normal,0.0,1.0,0.0,0.01134251015315719,0.0,0.0,0.0,0.012817125470411377,0.008266097232190892,0.012190066690026993,0.0,0.0,0.00039867319611516615,0.0,0.0,0.0,0.03569882635129255,0.004925085527631651,0.00020021074810547027,0.0,0.0,0.0,0.02382341277110539,0.007560685159968483,0.0,0.0,0.026658029722081703,0.9851690093006056,0.0,0.0,0.0,0.0,0.008789233605279709,0.0,0.007851568433174668,0.0,0.0,0.0,0.007109487428278837,0.0,0.0037926898940853523,0.010484892086239903,0.005652227608523457,0.01717940436237144,0.0,0.0,0.0,0.0,0.0,0.012047597635023171,0.00013206945592983622,0.0,0.0,0.015060742376812977,0.0016664038305072022,0.01702202248430968,0.0,0.0,0.0,0.012694619418657205,0.0,0.0021621814939340013,0.00961192605039218,0.0,0.0,0.008895487606729502,0.0,0.005400488992933543,0.0,0.005109663604340039,0.01211666360195224,0.019777742095308505,0.00011655720092393996,0.0023696235743133546,0.0,0.0002892555209004277,0.01054743549807907,0.01272355202476068,0.00986269368456528,0.0,0.012617331806647645,0.009309988079103527,0.9932252942559465,0.0061519093094538095,0,normal,Normal
0.0,0.009703746912400656,0.020675610613447862,0.0022910326806134876,0.004235803347299,0.0018923131017219489,0.0,0.0,1.0,0.01620081484070503,0.0,0.0,0.004180204448503872,0.007237200978588848,0.0,0.0,0.006613785586521194,0.013157568209707404,0.0,0.01966139878990067,0.013295862413473001,0.0011557279906144326,0.0,0.002795379037908885,0.0,1.0,0.0,0.0,0.019380208346448678,0.9937818514104391,1.0,0.0,0.17081029477013052,0.0890066126892442,0.0,0.0,0.0,0.016251218783640584,normal,0.000967433385464149,1.0,0.0,0.010475410934396842,0.01732793067766703,0.0,0.01038464321115925,0.00283468753676524,0.0032371235896865988,0.0,0.0022124289164593557,0.0,0.0,0.008100213609676478,0.013520293707596555,0.0,0.0,0.0,0.0,0.0,0.02182164418406903,0.012735385673213737,0.0,0.0,0.0,0.0,0.0,0.9919815880153132,0.0,0.014493708628585575,0.005243647932141867,0.0,0.011024861569880395,0.0,0.007836403871917134,0.0014788948978720856,0.004708841809695259,0.004649953414928765,0.016910541005752344,0.0,0.008549961050753932,0.0,0.0,0.0019203523577340654,0.0,0.021184686990890815,0.0,0.009314401333372519,0.011291181737297007,0.005788761321890764,0.005173810692577611,0.0,0.0,0.006146894827605684,0.018721555545234185,0.0,0.0,0.004478684146086033,0.0,0.002152473544004793,0.0030381595083435143,0.0,0.025042310963951916,0.0,0.0022186541368933365,0.0014473159494656806,0.0,0.0,0.0,0.0,0.0,0.0038372514702243498,0.004584618467479626,0.016564661006452933,0.0,0.0,0.0,0.0,0.008970073028755158,0.0,0.0020700687653975682,0.0007719249983850631,0.9804310553474435,0.009660741411563638,0,normal,Normal
0.0,0.0,0.0077867669509102885,0.0,0.00855337893254365,0.00884152625399422,0.0,0.0,0.0015704717495770995,0.003084153515106354,0.006995814138576421,0.0,0.01528164586166922,0.0,0.002461091865820845,0.010530825435492773,0.0021091289802246814,0.0,0.0,1.0,1.0,0.023917342721083867,0.0015379546567596473,0.0,0.008698953711241006,1.0,0.0,0.0,0.9990105321435203,0.9880491939597897,1.0,0.00011788051579673351,0.8535720534538606,0.0,0.0,0.0,0.0029210005863939603,0.013382236787886068,normal,0.0,0.0,0.9902086589041097,0.0,0.0,0.014505796907695693,0.014303999340223437,0.0,0.0,0.0,0.006127410286525102,0.010537208522351264,0.0,0.0,0.0,0.0008153872405601602,0.0,0.0,0.013572305691402362,0.0,0.0,0.008349068683392998,0.00020247830515145754,0.006064931421011627,0.0,0.00587069038103063,0.004519071782814135,0.001256501813169807,0.009791980634872296,0.0004548890418339532,0.0,0.0,0.00062079978780752,0.0,0.014624682898224167,0.0,0.0,0.014495223062442573,0.005730542539399562,0.0,0.004078309073392493,0.009223149256740214,0.0,0.0,0.0,0.0,0.0,0.011828328383829698,0.0,0.0,0.013411018797367835,0.007636368592338885,1.0,0.0,0.0,0.0,0.0,0.01869872251469624,0.004403798412272074,0.0,0.0,0.006958547912302981,0.0,0.0,0.0,0.0,0.0,0.009745572166986512,0.008103767589808311,0.0,0.0,0.0,0.0,0.005208077810526037,0.0,0.008137528629437731,0.0,0.016412454804779306,0.0,0.0,0.0033437157240310857,0.0,0.9946122936590303,0.0,0,normal,Normal
0.0,0.0,0.0,0.0008614979080719361,0.0,0.006389169393496428,0.013291748490685002,0.0,0.0060209672962137,0.0,0.006015712778444915,0.004113279995983157,0.01699019061342705,0.014765294176774874,0.0,0.0,0.0,0.0,0.0,0.21218320343791738,0.017420803003140743,0.011515392365893693,0.028847554897437677,1.0,1.0,0.06590618465448049,0.09043449865787422,0.0,1.0,0.007194909220802757,0.021957288471189045,0.08677166103299294,0.002244034385694472,0.0,0.000859189839990825,0.008029791157811167,0.9961839037866653,1.0,neptune,0.002171293551764745,0.9818501539013375,0.0,0.013131908879504633,0.0026533822173206763,0.0,0.010517990376100565,0.0,0.013184368145142341,0.0036487390790845755,0.0,0.000543109398689411,0.002573372974966276,0.0,0.0,0.0,0.0,0.0,0.005273904277525259,0.012110848119788012,0.0,0.0,0.0,0.0006056996888397784,0.0,0.0036364706040125207,0.0011163895522947947,0.004816569415877406,0.0,0.000897048589619912,0.0,0.0002727901078531877,0.0,0.0,0.00877246468481104,0.0,0.005800205007494521,0.0,0.0,0.0,0.004996329153368305,0.0,0.006341749243936738,0.0,0.0,0.0,0.0,0.014325185845575347,0.0,0.0,0.0,0.011952671728229397,0.0,0.0,0.0,0.0,0.0,0.010862388815078203,0.013529606628774733,0.0002305207142901996,0.0109047891670868,0.0035667528676624465,0.0,0.003293521531303279,0.007055330679088333,0.0,0.01184562296674036,0.0,0.0177675367238242,0.9815418794310112,0.0020005580529348843,0.0,0.01313162912088535,0.0,0.03143683188260461,0.9946137957837268,0.006379651768500368,0.0035602868320602278,0.0005089853275127853,0.0,0.0,0.0,0.0,0.004687249252539968,1,neptune,DoS
0.0,0.0,0.0,0.005935555854249819,0.0,0.0,0.0,0.0,0.0,0.0,0.0,0.0,0.006577992692737343,0.0,0.0,0.0,0.0,0.0034962798776703857,0.001704697916651823,0.007326073226334072,0.023914886158116357,0.9936351394595128,0.9991246364683753,0.0015578674393845846,0.0,0.9950674995551086,0.0,1.0,0.5104101900925742,0.336260572555063,0.3439261687791337,0.037092095338892524,0.02301133924390501,0.0003902079776232012,0.9917191089220543,0.9887166036224315,0.010844079423887877,0.0,mscan,0.0,1.0,0.007564788688613356,0.0,0.0007465474320606408,0.007552646657634692,0.0,0.005140073435428332,0.0,0.0,0.010411282357669258,0.0,0.0,0.0,0.0,0.0,0.002863358039227094,0.01086995700679652,0.015305607963682823,0.0113886954589262,0.0,0.010739619576105816,0.0,0.0,0.0,0.0063194286897796225,0.0,0.0,0.0,0.0036533306576145186,0.0,0.010382295242799525,0.010246607331452018,0.0,0.0,0.003718354631821667,0.0011458846890910327,0.0,0.003481554117935869,0.010717228563987402,0.0,0.005122418441520587,0.0,0.004940809585929652,0.002383200268597448,0.001527416229605955,0.0,0.0,0.0,0.011931832893827883,1.0,0.005775375285375475,0.003982816959175881,0.00472876227653517,0.002580014458350099,0.0,0.0,0.006350105473303961,0.0,0.004207723158601114,0.0,0.0,0.0,0.0032771266054356795,0.010411169150904332,0.0,0.0,0.012455957621696084,0.012374706214011391,0.002379040028830353,0.004447848212575195,0.0,0.0,0.021897963190391907,0.0,0.012872133697020323,0.0005441812418132146,0.0,1.0,0.0,0.0010435311313052966,0.009849731030635349,0.0,0.013771028380259969,1,mscan,Probe
0.0,0.000982934438454757,0.01086524937814156,0.0,0.0,0.017058648714163224,0.0,0.0,0.0167167552484846,0.0,0.006817961758511061,0.0,0.0,0.0,0.0,0.0,0.0006454823096346806,0.0,0.0,0.0,0.0021961423900208454,1.0,1.0,0.0030833288266449888,0.0,0.9975473291017446,0.0,0.0,1.0,0.49101040212998326,0.4878623381478296,0.033883540487624396,0.0009327822469571432,0.0,0.16675429361052527,0.3483326753598577,0.10302410899943654,0.11531415364879405,processtable,0.0,1.0,0.008967909079085266,0.014529925755577424,0.0028496120866967458,0.007364564499676657,0.0,0.0,0.0,0.0008489950493419675,0.008624566136274287,0.0,0.0,0.004377946402875181,0.008219962340421168,0.0035520713781400236,0.0,0.007501250014856158,0.0,0.0,0.008184988982319355,0.0,0.0045868991143409674,0.0,0.0,0.0008167808221731127,0.005115646893980114,0.0035724381927535707,0.0,0.0007092939483359908,0.0,0.018056988485674993,0.0,0.01785302483185738,0.006865541958453996,0.0,0.015370182942593503,0.0,0.0,0.0,0.0,0.0007498197936632745,0.0,0.006254061912078946,0.0015077051761153359,0.0,0.0,0.004007786410514746,0.014461915625871617,0.0,0.0,0.0,0.0003004233578176219,0.012407363777537298,0.006213493322732586,0.0,0.0,0.0022271592529894543,0.0014939585229476076,0.00917536656722711,0.0,0.0,0.0,1.0,0.0008395868915262845,0.006260081484485189,0.0,0.01593526388015574,0.0,0.017801095648399563,0.012210880655293055,0.0,0.009099202853614598,0.0,0.0017625339520120475,0.0,0.0,0.0,0.0,0.0,0.012693839814839864,0.9945420078231628,0.0,0.0,1,processtable,DoS
0.0,0.014160848709967621,0.00545170268474298,0.0,0.0,0.0056025899743415136,0.0005154314817519615,0.0,0.0013418371122128022,0.0,0.014145438079956128,0.0,0.0,0.0028472228171190373,0.0,0.0,0.00859704778671375,0.0,0.0,0.44861837899849694,0.03262722677096649,0.0,0.0,1.0,0.9936480572061641,0.06159041587463559,0.05975918054196853,0.0,1.0,0.05274271814364617,0.04402071565770912,0.05354007938946965,0.0,0.0,0.0,0.02686731258310901,1.0,0.9829766453400811,neptune,0.0,0.9704477542707204,0.014576753071279805,0.0,1.0125997039224687e-05,0.0,0.020391965353398333,0.0,0.0031814013668259784,0.0,0.007214261356309393,0.0,0.0,0.0,0.013493321607804065,0.001922883112351771,0.0008349633123911748,0.0,0.0,0.009045825772064068,0.007145149569802924,0.0,0.0,0.0059820735002499206,0.0,0.0,0.0,0.027409180736994936,0.009980838747186312,0.01712738567578258,0.016811146600080325,0.003779012195527433,0.002331411394850312,0.0,0.0,0.013371860076522446,0.0,0.0,0.0,0.009738911483639028,0.006806829092665297,0.0,0.01384929139348771,0.0,0.0,0.008030160666529017,0.0,0.01738942820232943,0.003319003169419106,0.00869533642877895,0.0,0.0,1.0,0.0,0.0,0.0034430665185137058,0.0015923800682849556,0.008738908455982243,0.0,0.0,1.732660110757988e-05,0.0070268037127277075,0.004390502258612449,0.0,0.0,0.0,0.004284194941422775,0.0,0.0,0.0,0.0,0.0,0.0,0.0,1.0,0.005367760055257314,0.0,0.030405631432513226,0.0,0.0,0.0,0.006059870172069904,0.0,0.006098941259176193,1,neptune,DoS
0.04538743700892153,0.0,0.02173713239503678,0.001574090028116211,0.0,0.0,0.0001311792593144775,0.006941454777931243,0.9881756965608071,0.0009734445865172137,0.004905804614832911,0.001901946269537559,0.01341305071406877,0.022694869717525355,0.0,0.0,0.0,0.0,0.0017231247085565484,0.026063983669219193,0.016302037325389606,0.0,0.004277161779588274,1.0,0.9929974136408583,1.0,0.0,0.0,1.0,0.9525344197444978,0.9493589523940128,0.02817020734865687,0.0,0.0,0.023697233232818152,0.023329382969859386,0.32955604298152774,0.36939295417726453,apache2,0.018621178422569277,1.0,0.008330641029940822,0.0,0.0,0.0,0.0,0.0,0.017029841602562226,0.0,0.0,0.0,0.0,0.0,0.00037564695357187775,0.004649325869615858,0.0,0.011426591988654752,0.0027761538775057334,0.012857506417861184,0.0,0.021716178689628288,0.0,0.00020751402827895088,0.010337208502169841,0.0,0.0,0.988653029463733,0.010074098391348296,0.0,0.0,0.0,0.0,0.0,0.017975151901814927,0.012572993470586451,0.01714479433697294,0.0,0.0,0.0,0.002688526009304694,0.009175026606734542,0.007777773736357544,0.005434679321404239,0.0027259421196765,0.0,0.0,0.0,0.02792793638959973,0.007948910790406848,0.0,0.0005720680013973174,0.014059893057667893,0.0,0.0,0.006677832067753774,0.011113280368391239,0.0,0.0,0.0001422919065212072,0.0,0.004878518239787945,0.0,0.0,0.005129848052450676,0.010087677612133401,0.0,0.0,0.0007252669337071594,0.0,0.01805125181739122,0.0030474719308167444,0.0,0.0,0.0,0.006963079217185296,0.013045748874505912,1.0,0.0015544607316548727,0.01642550520779267,0.0,0.00716634703911767,0.01686404466901821,7.537514139990908e-05,1,apache2,DoS
0.007745243933101605,0.006308418698136327,0.0,0.0,0.018625928175664167,0.008671953868169206,0.02450130393900524,0.00810458001979533,0.9848322885739688,0.014851699921833016,0.004592321296523553,0.0,0.0,0.0,4.591332495656662e-05,0.012559225864774292,0.0,0.01971164319642218,0.0,0.009829329298577405,0.06566604593722883,0.0,0.013907290896123553,0.0,0.0027674912450606206,0.9786316387714626,0.0,0.10003146028886083,0.9870226313021635,1.0,1.0,0.0,0.0,0.0,0.010124483907993495,0.009036279322013292,0.04566546559606176,0.05190507831955561,back,0.0,0.9903004460578625,0.0,0.0,0.0,0.007450556249342301,0.0016574697138137954,0.008812524583998955,0.0,0.0031963320662637827,0.00899898018960238,0.0,0.0,0.0037964677491996663,0.021570528151776666,0.0,0.0,0.0,0.0,0.0,0.0,0.0,0.008851276942669888,0.0,0.006502659542632135,0.016887675181360508,0.0,1.0,0.0006693642344853765,0.0044164217974447355,0.00406932911515668,0.0,0.000867229105070848,0.0,0.004912405498270492,0.0,0.011561536528556784,0.0025459285476453625,0.0026542600159823867,0.005635701600949882,0.0,0.0007004895831172405,0.0,0.0035573957252500975,0.007261765852103056,0.005701711848573324,0.0,0.0027299264899756544,0.0032612548177561674,0.020935542393024597,0.0,0.0,0.023429984945033316,0.0016912558920094795,0.004382585729898767,0.0,0.009254749754011067,0.0,0.0020543358257641055,0.000822591951691661,0.0010111663576058525,0.0,0.0017755318993219196,0.0021795915911666194,0.0,0.012525668684705732,0.01645503648034482,0.0021947794641003775,0.0,0.0,0.004088654591120955,0.004457550323219892,0.004394825492235682,8.015384645849629e-05,0.023814696480471173,0.003527899299055451,0.0,0.0,0.0,0.0,0.0,0.0008409640874141604,1.0,0.00458014282496605,1,back,DoS
0.023832494811115296,0.009372068881343468,0.0,0.00017920678538985144,0.0,0.013615242765961266,0.0,0.018124407547759933,0.9919267212087135,0.004395206186878141,0.0,0.008256796535100214,0.0,0.0,0.0,0.0,0.004924779554634458,0.0,0.00579003983914667,0.012462545393039133,0.039757406612931576,0.012338644848994917,0.0,0.0023705640948932173,0.007082228187002335,1.0,0.0,0.13727190751794366,0.7661841484370695,1.0,0.9847347075914066,0.009587854452966846,0.005751441130179023,0.005182051416970034,0.027662997373473774,0.008226367715858213,0.0,0.007355591873952409,normal,0.012949472861893787,0.9813949673308231,0.0,0.0,0.0012914250269821367,0.0055274142141743384,0.0,0.0020908541342974348,0.012007011606554891,0.010005188659375202,0.0037908114071415065,0.0025521903676141602,0.0,0.009988740811492603,0.008492474699952181,0.008080639503694977,0.0030640874791233296,0.016443821235914077,0.0,0.011199547066790447,0.0014399373421154708,0.0054874849344651155,0.0,0.0,0.0,0.0,0.0,0.9902057014554998,0.002688556082679058,0.017012299431009653,0.0,0.01131434134901119,0.0,0.005122979262355542,0.0,0.0,0.00541489948209918,0.0016972052300857374,0.007634916552051987,0.0025575413428112364,0.0,0.0,0.002558881484343082,0.0,0.010850138793751534,0.008121907255909585,0.011342359924927483,0.0,0.0,0.0,0.0,0.0,0.0,0.0,0.002953565690691088,0.0,0.0,0.0,0.011610430948123923,0.0024945235272273974,0.0,0.0,0.0,0.001386914544723092,0.0,0.0,0.0,0.0,0.00015954497007053246,0.0,0.0,0.018326146208214263,0.017519072005020717,0.005544474338486957,0.016904951304574225,0.009148395645245468,0.009891201139462845,0.0,0.006879827270436004,0.0,0.0067413960815493655,0.0,1.0,0.0,0,normal,Normal
0.0,0.005030216944198786,0.0,0.000560637298513526,0.0,0.0,0.0,0.0,0.0007391533350324435,0.0,0.0028867054762012545,0.001263066475372803,0.0,2.2198872645052895e-05,0.009098607002487002,0.01646216592269882,0.0,0.01558630179687534,0.007703744531097169,0.450086039025157,0.012374216384696981,0.006168519684384404,0.019436105804014395,0.9940992531355745,1.0,0.012317714879233055,0.06684449223154185,0.004135961435322842,1.0,0.016885687682681505,0.02283749629285573,0.06367457971788057,0.006365735120391231,0.0,0.0025543666820374597,0.0,1.0,1.0,neptune,0.013400391675431774,0.999823281581037,0.0,0.000930462962761441,0.0016783409147901151,0.014040882164552024,0.0,0.0,0.0018469385901810384,0.002043268555802275,0.0,0.008526856305935198,0.0003728799580558224,0.0,0.005663630622233596,0.00311818450220445,0.0,0.0,0.0045469953612523,0.0,0.0,0.0,0.01655030025464917,0.010179829813309855,0.0,0.010484846554329462,0.005995327862079572,0.0,0.003462817587014337,0.0,0.010215418830923029,0.0,0.0,0.005700661041667392,0.0,0.01061678186050266,0.0,0.012416863565636191,0.0,0.005483938770693731,0.011441778832188505,0.011645727272081068,0.0,0.009944441778316252,0.0,0.003590033034413869,0.02345699378872886,0.0,7.929214168960483e-06,0.0009845105671259149,0.017568732559826727,0.0,1.0,0.007719745002045731,0.004031957287104898,0.0,0.0,0.003413047110403989,0.0,0.006463425384537219,0.0076497094715424555,0.0,0.0,0.008701256769759578,0.007407190426969691,0.0014812614810814845,0.0,0.008401356194961983,0.0,0.0012736933133246416,0.0,0.0,0.0012349842893929432,0.0,0.9988277179223313,0.0,0.02106087347440471,0.007239859120351631,0.002178460831203518,0.0,0.0011063480387011374,0.021252332406123193,0.00030880347126440144,0.0,1,neptune,DoS
0.008032069106103774,0.0,0.02164293671609569,0.0,0.0,0.008364360184847118,0.0,0.020827757283622225,0.011734734018556483,0.0,0.001794488910147586,0.0005206497229190835,0.0,0.0,0.005840231757940057,0.0,0.02187763286104614,0.0,0.0,1.0,0.011430540656953841,0.07191998423809932,0.015878790438699095,0.9160047099374242,0.9815055111186827,0.0,0.9898484664076062,0.011041251450724092,1.0,0.0,0.0,1.0,0.0,0.02589406480645611,0.011538964656394418,0.00504390378681869,0.9458840629047126,0.9995311166772105,satan,0.002470765855716187,1.0,0.0,0.003845300570225718,0.012528728024971663,0.004305301290511856,0.0,0.006364113055095565,0.006789778512809673,0.0,0.0,0.0,0.014448419580878924,0.0,0.0,0.0,0.01836323065340886,0.0,0.0,0.0,0.0017390099924361332,0.001623660773669856,0.0,0.0,0.0,0.0,0.0033880266431536026,0.014101487485365936,0.0,0.003989096264218475,0.0,0.0015642815934389942,0.0,0.0,0.007057519186785222,0.014161427741743313,0.0,0.0,0.0,0.0,0.0,0.00032878924476605667,0.0,0.0,0.0,0.0,0.0,0.0,0.0,0.0,0.026251085840186456,0.011857502539370767,0.9838937523721,0.007891415343121272,0.0,0.012966273575082149,0.0,0.0,0.0,0.004171641045844595,0.0,0.0,0.0,0.0,0.0,0.0,0.004413925178693258,0.007103498656482183,0.0,0.0,0.0,0.016270324153251196,0.009303690878024868,0.002496251245240915,1.0,0.0041054379462639266,0.014680233762732253,0.0,0.0,0.002012707859136298,0.005978560790384312,0.0,0.003496667890026426,0.0,1,satan,Probe
0.0,0.019155445701002003,0.0,0.01327659429841151,0.0,0.003385933300987936,0.0,0.0,1.0,0.0,0.016463697643695513,0.0,0.011699731329439808,0.0,0.0,0.0,0.0043536986102611615,0.0019119884738007114,0.001885604711400298,0.0,0.0,0.0,0.0053612899835362325,0.0,0.0026931586775199995,1.0,0.0,0.0,0.9901386282419996,0.40739616707637333,0.38536334581240433,0.1311232619673774,0.0,0.01076165029814864,0.00026521634586967673,0.0015014733632650005,0.5932921232099737,0.0027477663316427016,mailbomb,0.005211755628403312,0.988877262644145,0.012797643755624455,0.021187761247059712,0.0018770823060845802,0.0,0.0,0.014065809979081237,0.013743783971364868,0.0,0.010985001962845102,0.0,0.0,0.0,0.0025297771345561475,0.0,0.0,0.0,0.0,0.0,0.005708891853239352,0.005692983582660286,0.0,0.0,0.010701479522374468,0.012820466365499182,0.0,0.0,0.020549349852431353,0.009355736875123548,0.0002809373493543848,0.0,0.0030243762622008024,0.0,0.004080925934413921,0.007703985397648017,0.0,0.0,0.0,0.0,0.0,0.0,0.0,0.0,0.0,0.0009903562072936995,0.0,0.0038283825029231887,0.0,0.0,0.0051873934789847965,0.002487703338713264,0.014602261577220246,0.0,0.0076663199543280745,0.0015576193687511122,0.0058645805470701005,0.9889871338343333,0.0054430307845449565,0.0,0.0,0.015577684749973031,0.010719631772273705,0.0,0.0064088403107145555,0.005957863328491613,0.0,0.009785052973434492,0.016060007081807444,0.0,0.0,0.0,0.0,0.0,0.00370470384872549,0.007267028444719003,0.0,0.002029461898306343,0.00983663863068911,0.003711405914690457,0.0024689407565815892,0.004042250333564297,0.9966963965434648,0.001470707334946018,1,mailbomb,DoS
0.01354023705304427,0.0,0.0,4.692166652499327e-05,0.021526123386807875,0.0,0.005931384781547052,0.010337715761166577,0.0,0.0,0.026526019931362183,0.0,0.009525860855303046,0.0026791031135480208,0.0,0.003231934697946728,0.0,0.0007208171484634659,0.0,0.42536009102541594,0.05231522354281605,0.0001669964506233948,0.0,1.0,1.0,0.07428750901876653,0.034623363957149864,0.004761881103715711,1.0,0.07035383044953818,0.05797093854845047,0.040655340111435054,0.0,0.0011434871064251299,0.0,0.01220545446570551,0.9927151364743982,1.0,neptune,0.0,0.9984267613415088,0.0,0.01643830766705993,0.0,0.014291760791567272,0.0064675739862192026,0.005096186619070697,0.0,0.007283646602319689,0.006512016010059272,0.0,0.0,0.004911436793793384,0.0003822739869302006,0.0,0.0033590902517637118,0.0,0.0,0.009846327421460832,0.006207060145105081,0.0,0.0,0.0,0.0,0.012186317373775776,0.014068950329733496,0.0,0.004525161211343838,0.0,0.019938221830017155,0.0,0.0,0.0,0.0017011766793307477,0.00035672028500909297,0.0,0.0,0.0,0.0,0.0,0.013762623789930291,0.003705210592034083,0.0,0.0,0.0,0.0,0.0,0.0,0.0023657881034024673,0.01358249579489908,0.011852990336126893,0.010429920924784276,0.0,0.0,0.0,0.0,0.005483331985117786,0.006579764833147153,0.0,0.0,0.0,0.02328231197618064,0.0,0.0,0.0,0.0,0.004813958428020676,0.006106323284777908,0.0,0.0,0.0,1.0,0.0,0.9842721880179696,0.0,0.012933781797454648,0.0007220238302658278,0.0,0.0,0.0020688333314723808,0.0,0.003941481760520626,0.0,1,neptune,DoS
0.004682979933410587,0.0,0.0,0.014836455686200591,0.0010862679095797732,0.0,0.016560205187090112,0.0,0.01140826299740888,0.0,0.014619637563785757,0.0,0.0,0.002397497636587411,0.006393467395084534,0.006582740544478091,0.01440754303889046,0.0,0.016723878606004907,0.20434547062337946,0.024401073670821533,0.0,0.0,1.0,1.0,0.11836220744774356,0.06731733240104622,0.006914259403303734,1.0,0.0522316670627586,0.029388841867574574,0.05229515481433745,0.0,0.0,0.010366003274025376,0.0,1.0,1.0,neptune,0.01210506528357223,0.9821955609924142,0.0,0.015012273049150902,0.0,0.0,0.002601125659470409,0.0,0.00308376830735377,0.0,0.002136746624843793,0.0,0.0129328103981486,0.0,0.0010951593264985579,0.009753077432386166,0.0,0.009014775253601882,0.0,0.01579020054414386,0.0,0.0,0.0010744622541660252,0.02404669850229143,0.014268641975473867,0.0015297614716266446,0.0021339582097663103,0.017498986012200894,0.0,0.005858714017109278,0.0,0.0,0.0029756616854464163,0.0,0.0,0.0,0.01153091232736752,0.016878555285534978,0.0008939578746167182,0.0033822047057948026,0.0,0.0,0.008628702155871104,0.0,0.9973565073037334,0.0,0.015814046242279882,0.0,0.0,0.0,0.0,0.002543846634375151,0.0006111405378981826,0.012294809214546632,0.00581736472927766,0.011444785006607365,0.001826079695498421,0.0,0.0020186325474939554,0.002833082770369223,0.0,0.0,0.016606280825718005,0.0,0.0019276052158374688,0.006450224793744082,0.00019283862538402272,0.006196633770456343,0.0,0.0040238862659837124,0.0,0.011420997226943954,0.0,0.002493645129336443,0.992183866257384,0.008334243415350023,0.0,0.02696914795077509,0.0,0.0048523011412743376,0.008003413332250492,0.0,0.006292233596308974,0.00753658442175975,1,neptune,DoS
0.0,0.016349675391093325,0.0,0.0,0.0,0.0,0.0,0.0,1.0,0.0,0.0003743268298061059,0.0007921754721372082,0.004100756083658372,0.0,0.008406118493732217,0.0038611687442782682,0.0,0.0,0.009954327928071712,0.0,0.005178722805380363,0.0,0.0,0.0,0.011187317835488392,1.0,0.0021180095945513215,0.004999084906809064,0.22009365798740346,0.9736965943455533,0.9839428275009765,0.0,0.009632317929522875,0.015602248901611005,0.012125832904937479,0.0,0.0,0.015308294440997574,normal,0.0,1.0,0.0,0.013565105551824518,0.0,0.007874345106891736,0.0022864897687890923,0.009290537681551919,0.00439432156279934,0.0,0.0,0.0,0.015823333158610304,0.0,0.005432574313967967,0.0,0.0,0.0,0.005967292031721669,0.0,0.0,0.0,0.011032789990126522,0.0,0.0032640216777071957,0.0,0.0,0.9929711828739992,0.0,0.0009813441657221223,0.0,0.0,0.003756008851078144,0.0018320601680069924,0.005165066728056132,0.002910164221872412,0.0,0.009012620496549094,0.0,0.0,0.0,0.02328918274411061,0.0,0.0,0.018405306410625374,0.0,0.007896552401647144,0.007384439057761047,0.0,0.0,0.0012878118411913733,0.0,0.0,0.0,0.0,0.01642602849996928,0.006117349249490779,0.0,0.0,0.005328934433730601,0.0027040307510073115,0.017810924952558288,0.0,0.0052480068162176164,0.0,0.0,0.0,0.004482336314181048,0.0026862825599755684,0.008945258780613356,0.00561008891492673,0.01793121316027865,0.0,0.0,0.0,0.0012781222376489806,0.0,0.0,0.0,0.0,0.0,0.002496230466275766,0.9987979617236978,0.0016428063706572296,0,normal,Normal
0.0061876495029316745,0.00957960215195719,0.0,0.0041153198976359925,0.010713378483084264,0.0,0.0,0.0,0.0,0.006803816390485911,0.0,0.026524669726013334,0.0,0.000859641407552865,0.008982853598448255,0.015056172783638574,0.006420918401297013,0.003377240319740145,0.001851928740246101,0.28074970523024795,0.009291291505691164,0.010733996073484398,0.005612205368921623,0.9787830925386608,0.9988845785013145,0.05514326593881568,0.05524029561159627,0.0,0.9825445448767867,0.039419529484649,0.023216216677570713,0.0686615531370409,0.0023436365456973507,0.0,0.006047036916635057,0.0,1.0,0.992371516991513,neptune,0.0,1.0,0.0012478696601603504,0.0,0.0,0.0,0.008667576763625019,4.689090082721749e-05,0.0,0.0,0.0,0.0,0.006233602151841916,0.013184617416885454,0.0,0.016563857607266967,0.0,0.009962884950612956,0.0,0.0013829806369862105,0.0,0.008246690032908345,0.008427612677697115,0.0,0.010612109510256163,0.005166154966892623,0.0,0.009307382110551356,0.008715891438546263,0.005525114115145655,0.0,0.0,0.0,0.0,0.011944371164329861,0.0,0.01570499890650208,0.0,0.0,0.013427115387188434,0.0017631998283200675,0.0030601151094196777,0.01287243114463965,0.0,0.018115944473394187,0.0,0.0,0.016436897278044513,0.0005188699353923956,0.0,0.0,0.0,0.9899261550622533,0.008216296863510308,0.0018262886147939108,0.0,0.0,0.004807516299688212,0.0,0.009295490414633989,0.018896500007486036,0.001376997578165923,0.008286771438949327,0.0,0.010220934970777614,0.0,0.0,0.011490918684225682,0.00028696925494688563,0.0,0.0,0.0,0.01156384072412119,0.0013538832800599366,0.9876398671941546,0.0,0.003036566579001581,0.0,0.0,0.0,0.0,0.0,0.0,0.0,1,neptune,DoS
0.002736563692660184,0.0,0.0,0.01101473307465118,0.0,0.0,0.015052956673832048,0.0,0.0,0.0040058096180974724,0.0,0.0,0.0,0.005287231888529187,0.0,0.012121698174960796,0.0,0.005970802544633158,0.0,0.431297949499828,0.0007859675148947981,0.9960412727977468,0.972409788552045,0.010748619550629777,0.008539854964887003,0.021010515715814734,0.06258958137872711,0.0,1.0,0.024420391592297967,0.030880762968270185,0.07849525206018383,0.001229364211588477,0.0,1.0,1.0,0.0,0.0,neptune,0.0,1.0,0.0,0.0,0.005851213231306793,0.0,0.0035294907767911693,0.00038022173136540794,0.005758273033314815,0.0077132309308169614,0.013381763767283391,0.01869886660026816,0.0,0.0,0.0,0.016738467799106836,0.005507234682838191,0.005949886460924904,0.01252329999698017,0.0,0.010678533373872033,0.0,0.006949673358866889,0.0,0.003219971653756153,0.0,0.0,0.00798880124646707,0.00979517309845797,0.007961552775509423,0.0,0.006157804295759636,0.0009802132225974359,0.0,0.0,0.0,0.0007888330497210966,0.0,0.0,0.0036047946957348436,0.0,0.017038411703202236,0.0,0.0,0.0,0.0005502430779648933,0.0,0.0,0.0011664971062391055,0.004040259691203564,0.0,0.0,1.0,0.0,0.016718035322878216,0.0,0.005865852433083905,0.011658600692533178,0.0,0.0,6.021540971680398e-05,0.0,0.0,0.0,0.0035983338524076826,0.0,0.0,0.008643467704543174,0.013948278463968424,0.0,0.008351741238522219,0.0006981271549834087,0.015733487619627562,0.0,0.0,0.006366697539358368,0.008732891025658957,0.0,0.9910644660305203,0.0,0.0033492425149217594,0.01961233583509593,0.0,0.0,1,neptune,DoS
0.0,0.0,0.0,0.0,0.0,0.0,0.007656592034014121,0.011844979579297957,0.9811974145042055,0.0,0.006089967689440521,0.0,0.0,0.0,0.0029424411826167126,0.004806337424456716,0.02786167204695243,0.0,0.006439775109410647,0.0,0.0,0.0,0.0,0.013487832125597817,0.020557859642326242,1.0,0.0019903877329491954,0.011723577491772632,0.7787078644475679,1.0,0.9928009385055535,0.002864547218454466,0.01713850778358773,0.02170428087376252,0.0015338981921591919,0.008626025158818752,0.01572121247528722,0.006893697263108699,normal,0.0,0.9837702571190496,0.0,0.0,0.004654380585933346,0.0,0.008007867419562689,0.018910911547333504,0.002907391993258605,0.0,0.0,0.018925637326675303,0.016160267867636337,0.0,0.0,0.0,0.0,0.0010903663667269704,0.0,0.016135699394184414,0.00881949280543085,0.0,0.006552851919370854,0.002609259774198438,0.0,0.0005986087635176689,0.012297232251395205,0.9939410163997676,0.0046574272579531185,0.0,0.0037146345889480788,0.0,0.0,0.0,0.0,0.0,0.0,0.0,0.0,0.0,0.009579243091634305,0.0,0.005356996945866936,0.010163903333202778,0.0,0.003059668072325032,0.0022997931270322637,0.007208039245853793,0.0,0.0011159168288526586,0.006295183601364924,0.015209909921055767,0.002664184551871206,0.017562186675653995,0.0,0.0,0.0,0.006559407783781319,0.0,0.0,0.0008189313806562436,0.016030201560975402,0.0006414995728974166,0.0,0.0016680131119433006,0.009099165411276902,0.018784742582781344,0.0,0.0,0.0,0.0,0.010755897360717304,0.0009949735308683457,0.0,0.0033438513568609,0.006218506336849735,0.0,0.0,0.008953221839165663,0.0072943026579972495,0.00013035447437133112,0.0,1.0,0.0,0,normal,Normal
0.0,0.0,0.018370892250789098,0.0,0.007370494565490402,0.004936614935702737,0.0,0.0,0.9939442864438353,0.017954796946416832,0.0,0.0,0.005082815490673726,0.0011496827450431276,0.0005838125643375395,0.016558367896207397,0.007057544093369267,0.012471686802839324,0.0,0.028002046649645222,0.03383438202038849,0.0030795245006084333,0.0007452180483411197,0.002643142379449131,0.0,1.0,0.0027322805017641967,0.3779202700224405,0.2818816226329984,0.9888127719441044,0.9942476251631485,0.0007554031213155783,0.0,0.0283929299853899,0.011389069341131427,0.007229094934344072,0.0,0.0,normal,0.0038124381897666326,1.0,0.0,0.010318696573423445,0.0061018283143693145,0.011612234374509232,0.0,0.0171983395091584,0.0024615246700653874,0.0,0.00256394159004459,0.0066201064713152374,0.007533192714042068,0.0,0.01441931227051227,0.0,0.010070012126400033,0.0,0.0036612676555097157,0.0033847430286874126,0.0,0.0,0.016585153763427115,0.010763724690642322,0.00694412591503467,0.00017575211450720048,0.002478998767216964,1.0,0.0,0.0,0.0,0.0,0.0,0.0008176644118104526,0.004302871232668374,0.0,0.0,0.0007212443734326691,0.013362715653407107,0.0,0.004283427644586347,0.0,0.012285580609552678,0.00438706365330888,0.0,0.010466681174910918,0.0,0.0,0.0,0.0,0.0,0.0,0.0,0.0010640508655255327,0.0,6.9972705549286e-05,0.00974637576579759,0.007905973578890658,0.014402081482098697,0.004525886912491379,0.0,0.0036710342221044114,0.0,0.0023815288017365,0.029967013170330202,0.0,0.0,0.0021288370592266663,0.0,0.0,0.0,0.0,0.0,0.0,0.01627452807036492,0.0,0.0,0.0,0.0,0.011469081987504955,0.005962254328152326,0.0,0.9981598920426107,0.0,0,normal,Normal
0.0,0.026906996724427007,0.0004677977584360629,0.012294633269582278,0.0,0.0027022026743061833,0.013036962211922585,0.0,0.9927923727179754,0.013599990080133628,0.013609634800836457,0.004042764180695341,0.0,0.0,0.0,0.0012187034658305577,0.008555057700131595,0.009643299367418258,0.014201518480222839,0.03896776672397293,0.04031593847317434,0.0,0.0016892891561352955,0.0039448483937152435,0.012822593594265883,0.9895107026541518,0.003227681371897679,0.0036944182888485988,0.8331180602480585,0.9949442470032289,1.0,0.003432759281165547,0.0028883126276368176,0.010338621369567978,0.0,0.0018496462292419708,0.0,0.0,normal,0.0,1.0,0.0,0.014814304792806796,0.013181992991066038,0.0019031036899355232,0.010337711608625986,0.012122285148326806,0.0,0.0,0.0,0.0,0.0019598509681307413,0.0,0.0007162757346857792,0.004740108365809958,0.0,0.010242013223737327,0.005801743907869845,0.02762111342904615,0.00707485657042208,0.0,0.0,0.0,0.0,0.0,0.0,0.9986334536986509,0.0,0.0,0.0,0.0,0.014797945061965596,0.0,0.007627055875924091,0.0,0.015772124505917758,0.006776010948468877,0.019397494534989897,0.0,0.0,0.0,0.015723546971535645,0.0034504523829684947,0.0038371030961955378,0.012993043703400495,0.004192079616706853,0.0,0.0,0.012164628683167483,0.0,0.009917606791373532,0.0,0.0,0.009242478628824245,0.001866152143567159,0.010367880796556737,0.0,0.009647883097832505,0.0003342824142215518,0.0,0.0,0.0,0.0,0.0,0.0030100138588912096,0.004006106478545758,0.012184496434768035,0.011689346315632194,0.0,0.01618080047802094,0.0,0.0,0.01830595417811361,0.0013902281538613883,0.0,0.0,0.0,0.0,0.00787890901691108,0.001096524183044992,0.0,0.9941475183615012,0.001712389788492162,0,normal,Normal
0.0,0.0,0.008628290260942842,0.0,0.0,0.005620199846479405,0.0,0.012218269390937862,0.0,0.018267149713049127,0.0,0.0,0.0,0.0,0.005252510251731014,0.0,0.0,0.0,0.01746061851401547,0.36845424684513906,0.0,0.0,0.007531274880074996,0.9953975506856567,1.0,0.03596029196632883,0.05999992368322611,0.007169157911314564,1.0,0.008372069413647229,0.017544786494271408,0.053115663594479154,0.006162106583249051,0.0019415175049312431,0.01199474622417343,0.0,0.9981693611446018,0.9983056961285854,neptune,0.004993802431349339,0.9975927510057688,0.00518721233143491,0.010076721423387437,0.0036410360728546904,0.0,0.010858867718449756,0.0,0.012206141261985118,0.0,0.005161912057174456,0.0,0.0,0.0,0.002012635288062455,0.0,0.003536361847704943,0.0,0.0,0.01012075994087826,0.010673831735102043,0.0036042987994662945,0.0,0.0,0.0006402656228831389,0.0,0.002126136942249472,0.0,0.028101554616990227,0.01618836708093598,0.017780975789818368,0.0063446813796536996,0.0,0.01253242329346733,0.004140668622138483,0.0,7.382772129500697e-05,0.01463316215745604,0.0,0.0035054478847581327,0.005811959952513655,0.0,0.006997240305690409,0.0,0.008105908727947225,0.0,0.009098108841007474,0.003063679289811654,0.0,0.0,0.0,0.004673245652884224,1.0,0.0,0.0,0.0021127876624511123,0.0,0.005530028247211359,0.0021930168140413364,0.012157801338211302,0.002148112435645608,0.0,0.003449058206570142,0.00077355581578446,0.0013163942242005375,0.02619803889652399,0.0,0.0,0.0,0.016404960433860225,0.0,0.001424979320955587,0.0032465187548133346,0.0,1.0,0.0,0.0,0.014028817819674766,0.0,0.0,0.0,0.01219546869431265,0.013688155036844948,0.015214918738437009,1,neptune,DoS
0.0,0.007103859411517717,0.0,0.0,0.007399162234845691,0.006349010581037447,0.0,0.021556848620472528,0.016673498143537403,0.013673129087208349,0.0,0.0,0.002733459496432778,0.0,0.004178619809491814,0.0,0.0017735759166669157,0.014905594449622151,0.012950786249217455,0.5557389183371981,0.01435312871617057,0.007571703454549822,0.0,1.0,0.9968845079369696,0.024748616821797544,0.06267797507869513,0.008029539263317557,1.0,0.0,0.01828366641846503,0.07890797487476878,0.021751365567508986,0.0,0.008175808259794432,0.0,1.0,1.0,neptune,0.020760001461219514,1.0,0.013546960461581867,0.017930701010039657,0.002574418716060355,0.005783816088395109,0.006254686332259216,0.01205768603054108,0.0,0.0,0.0,0.006331749875342664,0.009518118758853314,0.0,0.011569976064423058,0.0,0.020912853776323476,0.0,0.0,0.0,0.0,0.0,0.0,0.016904052972233775,0.0,0.01892443303593346,0.0021576725067463803,0.0,0.0,0.0,0.00040673633554115025,0.014207281049416579,0.006200864633609518,0.01730636004612332,0.00041156607533992493,0.0,0.003737862764681318,0.0,0.002573175917499472,0.000853266824385763,0.004326022740934242,0.0,0.0,0.0,0.020353597192675443,0.01152739414428835,9.680867125167378e-05,0.0,0.004301949479579553,0.00822708516029752,0.0027690884482103727,0.010422220434781986,0.9955438278320353,0.0,0.0017067676466540377,0.0,0.016794159791428297,0.0,0.0047017997812277244,0.02639056936733645,0.0,0.0,0.0,0.0,0.013065360234968643,0.007795760806502455,0.0,0.0,0.0,0.0,0.0070909320360432885,0.0,0.0,0.003718332218754071,1.0,0.0032014691191115515,0.017326953010382107,0.0,0.025444296723310025,0.0,0.0,0.002814098115644005,0.0,0.006621685464408112,1,neptune,DoS
0.0,0.0,0.005732351719322606,0.012608608996664066,0.01767841292805719,0.0,0.0,0.00872529493503618,0.0,0.0016332753738768561,0.002745312975389199,0.002201138941651551,0.0,0.0,0.0041845952666741655,0.0,0.0,0.0,0.004950927802167248,0.008413155255076122,0.0075850058524207795,0.0011644097962904517,0.0,0.01029158617141574,0.0,0.9941435394835357,0.0,0.0,0.9927547084985238,0.9939160436589708,1.0,0.0005567843070406111,0.0,0.0,0.005989407814189264,0.009135052474278618,0.003307924004069919,0.004561630017998981,normal,0.0,0.0034637466270126074,0.9841667355175339,0.0,0.012354526010959651,0.0,0.0,0.0,0.004367006888028691,0.017096695874102587,0.0,0.0,0.0,0.0,0.0,0.0,0.0,0.0,0.006797151463062099,0.0,0.0015744895785827137,0.015230396046848406,0.0045202072598641545,0.0,0.0,0.0032574959535065975,0.0,0.0024390102649419817,0.012088758453396162,0.0,0.0,0.0,0.009524237319932771,0.007078258017525464,0.0,0.003288211543840216,0.0,0.01250006072853641,0.0,0.008365576065234713,0.0,0.004142299029941206,0.0,0.007378879142012983,0.026778952183457147,0.004479074905130984,0.016039736556348324,0.0,0.004275674337360904,0.010841941793481616,0.010894828485430474,0.007889539304239713,0.9993358637924623,0.011297497936042072,0.0,0.007744825746055918,0.006890050222363018,0.0,0.0018700953174730953,0.0,0.0,0.0023411879465831164,0.0,0.00014657869881542224,0.0,0.00882833324136358,0.00464937125300606,0.0001463091536996797,0.00116137801031664,0.0,0.0,0.0,0.0,0.0,0.004742512621633765,0.0,0.0075501170542808535,0.00018358372165042387,0.0,0.0,0.011790032606942993,0.004654531704466563,0.9946674982862553,0.0,0,normal,Normal
0.017693453265779775,0.0,0.0079596174618356,0.002714166945301175,0.0,0.0,0.018984190487392427,0.008759141073811599,1.0,0.0035491672645444313,0.006798655512653104,0.0,0.004949963485915876,0.0,0.0,0.01915009941746921,0.0,0.012246993203809117,0.0,0.0020998972909484,0.0,0.017240538048984413,0.0,0.0,0.0,0.9957835463867669,0.01701101612086984,0.01742915444357958,1.0,0.9935107735878452,1.0,0.0,0.014478383248477809,0.005017050928139592,0.003961488884506278,0.0,0.0,0.0,guess_passwd,0.0,1.0,0.0,0.007739992161799908,0.003035777895735818,0.0,0.002100687996721159,0.0,0.0,0.0,0.0050291229565617105,0.010979774042438398,0.0,0.004558737309212266,0.00011422470025913435,0.00465538980016532,0.0,0.0,0.0,0.001660914814068006,0.013189275866587672,0.0,0.005111248096381608,0.002835284065395692,0.0,0.0,0.0,0.0,0.0,0.0,0.001580748305962871,0.0,0.012356779876220431,0.0,0.0,0.0,0.006703889934373171,0.0,0.0,0.013260387539114845,0.015840870194815514,0.01998399474070925,0.004978286335931732,0.0015586173098696293,0.0,0.010935107215068145,0.0017800678676012135,0.0,0.0,0.0070120674202848515,0.9972085184942071,0.008473809585945135,0.0,0.0,0.03350936098235934,0.012143474287748026,0.0,0.0,0.016330089981575743,0.007049442387475553,0.0010275714296479172,0.0,0.007151408893420326,0.0,0.0,0.0031177277363469784,0.0,0.021290723773623527,0.014606268639023326,2.3931144764254066e-05,0.0,0.0,0.007957961047950214,0.0,0.0,0.012759303403772888,0.0011141252559214133,0.0007641168667304828,0.0,0.0,0.023765054222105633,0.0,0.9963290743838056,0.0,1,guess_passwd,R2L
0.0,0.0,0.001468399422534653,0.0,0.004602040740935636,0.019221474920510864,0.0038013104136598854,0.009098407570966404,0.0,0.0,0.0038312679726595694,0.004170200831509799,0.0007129792590435028,0.007318161964482614,0.0027318616262335172,0.005186158341846669,0.0,0.002050675197165108,0.012812751111691856,0.4021599671762598,0.011009030526903045,0.8258101138326243,0.9915987680968957,0.1890507107895122,0.015303992235973873,0.023038894261602647,0.08394849254094239,0.0050942220011831185,1.0,0.016416267987550005,0.0078299405458696,0.07280107131125242,0.0,0.017145899052140735,0.7922657262789665,1.0,0.20219993414757184,0.0,neptune,0.0,0.9985714001532073,0.012759813411315296,0.004261571925826836,0.0,0.01691284087384076,0.0,0.0,0.0,0.00947886228220808,0.005358029260005439,0.0,0.019973381634298595,0.015703332713666134,0.0,0.0,0.0,0.0,0.0,0.0,0.023748507691313727,0.008939306847522756,0.0004745608230768954,0.006949344608393141,0.0,0.006478338859872597,0.005853649572958909,0.006096171299170522,0.0008240200191535306,0.0,0.0017304291426910015,0.005276099284538589,0.01628700010909044,0.0,0.0,0.0054337755192386894,0.0,0.0,0.01857799640696985,0.007448715215645946,0.010290128184945098,0.0,0.0,0.0,0.0,0.003956228646841655,0.000989341415363797,0.0,0.003338767869863499,0.0,0.0,0.0,0.9771217952301048,0.0,0.0,0.009208515598214737,0.006823085373419475,0.0,0.0021163631229259893,0.0,0.014623693780829795,0.0,0.0,0.003169926695841669,0.008480842013167976,0.0,0.010851599654487771,0.0,0.0135957048984522,0.011432194223546266,0.0,0.0,0.0006323346164311324,0.00010154336017608691,0.004883251073377785,0.0,0.0,0.0002035616172871577,0.9790821057833304,0.006806900037462533,0.0,0.010908119979392748,0.0,0.007317137284308384,1,neptune,DoS
0.004696052866383955,0.009827177628223972,0.0,0.0,0.0,0.0,0.001080161017823271,0.001467281824683364,1.0,0.0,0.008892535610751246,0.017191113368591405,0.005558360598849157,0.0021286511462782222,0.0,0.002467260876203868,0.0,0.008657682814180183,0.0,0.003101689007020441,0.0,0.0,0.026315403079708432,0.00756812718076226,0.0,1.0,0.005774610981944379,0.0,0.6165174822283735,1.0,1.0,0.0,0.004337330406376983,0.03390619163580548,0.006073581982651655,0.0036850069806442613,0.01909236157169189,0.004329775044743927,normal,0.0,1.0,0.009204172754818933,0.0,0.010961898851108631,0.017003560581318952,0.0,0.005925332444615837,0.0,0.004777168650552623,0.006582232445909343,0.0,0.0,0.018399318532245496,0.0,0.0012057340337782417,0.0,0.0,0.0,0.0,0.0,0.010361010832079251,0.007953080670208793,0.014788916450979104,0.0,0.01200680948949281,0.0,0.9973484303367672,0.004570201386398685,0.0022354235069313283,0.0,0.0,0.0,0.0,0.0,0.0,0.007338060876995518,0.0,0.0,0.0,0.0,0.0,0.012473350367022604,0.0,0.0,0.0,0.0,0.0,0.004519937174925976,0.0,0.006456538093341377,0.004204819401872183,0.012321023697962341,0.011020168085647892,0.0,0.01507125804533808,0.021079281240748707,0.0,0.007064624065608874,0.0016277996360502024,0.0,0.023256920190545847,0.016231677117532893,0.0,0.03809140261491753,0.00827884264639003,0.0,0.0,0.0,0.008989685422763124,0.004435820250486093,0.009133146898575379,0.0,0.026820881841373195,0.0008986381128829227,0.0,0.0,0.0,0.00541090940709153,0.0,0.0,0.0,1.0,0.0026284044245762097,0,normal,Normal
0.0,0.003511693253649899,0.014672998835150502,0.01276010267029341,0.0,0.0,0.002711845203612357,0.0,0.006144911974993347,0.0037062900478331247,0.016375578147209024,0.002577735212704377,0.0,3.1914994835855994e-05,0.0,0.00984634256211304,0.0,0.0,0.008442482034148786,0.0,0.008353013366252677,0.0056670041799729036,0.02305970647662643,0.9971223971871204,0.9959116292105571,0.5052201895749618,0.9969047939948853,1.0,0.6044463496321364,0.2538803712192779,0.260966885362637,0.02991880016815201,0.0,0.021984656970535022,0.011872339376148877,0.0,0.8913931379791419,0.9755561868729844,mscan,0.0,0.9988467500769984,0.011181310984731135,0.0,0.0,0.0,0.0035334494867974506,0.003046787368943226,0.0014273471548938827,0.006410863868774778,0.0,0.018014362737478362,0.01771865757373445,0.023305771844861673,0.012144571126603207,0.006834459350608284,0.01571535583913142,0.0,0.0,0.008289922301547235,0.0,0.0,0.004702311508281697,0.014402134386165008,0.0,0.0,0.0,0.0,0.00560470736180204,0.0,0.007934034173132204,1.0,0.0,0.009411822658889216,0.004208017373763563,0.0,0.0033994147388187665,0.008256468163239588,0.005488593677005236,0.010588945235376871,0.0,0.0024502343912596283,0.009849490565935983,0.0,0.021962432330174485,0.0038146355177116316,0.01924206926335044,0.011842215498985507,0.0,0.004528987548497412,0.02510512549764831,0.0,0.0,0.0,0.0,0.0,0.0017329367347601857,0.010476681972171322,0.0,0.007860134912781161,0.0,0.01507189084453806,0.0,0.0022495955601459223,0.005454751270290064,0.0,0.023657779117262485,0.00839773281533094,0.0,0.006894663271314644,0.0,0.007972360190386288,0.0,0.0,0.0,1.0,0.023067375017444477,0.001253786793853896,0.007098141688695357,0.009133462780609256,0.00035075390303817194,0.007293523991591769,0.0,0.0,1,mscan,Probe
0.0,0.002273937115659513,0.0,0.004473273709478669,0.0,0.0052118553741801864,0.003504410022197021,0.006645816361739651,0.0,0.0,0.002323210025361811,0.021248025349796987,0.0,0.0,0.01679851427929285,0.0013527442216028206,0.004057748065689653,0.008883913102575008,0.0,0.00807878700750458,0.009587470562440237,0.0,0.012160335597052747,0.01358449388444533,0.0,1.0,0.0,0.0,0.0,0.0038785599031731866,0.9919497382568997,0.0,1.0,0.0,0.0,0.007066977820539314,0.009202744094347563,0.0,warezmaster,0.0037942524208200317,1.0,0.01707562879756757,0.01031715246250729,0.0,0.003108072338101595,0.005344791635483728,0.0,0.007567275441380267,0.020962541236225384,0.0,0.01688692155896731,0.0,0.018987309008951722,0.0,0.0,0.0,0.017602633477466694,0.000837498176751074,0.0,0.0,0.006665012549808366,0.016163039836850635,1.0,0.014425684149229503,0.0,0.0,0.014935630357248278,0.0,0.011621644521163505,0.0,0.016529066305219935,0.0,0.018563650533005502,0.0,0.018330294062213735,0.0,0.0,0.0,0.0026512425330873822,0.0,0.004059133029151526,0.0,0.0007829543363969692,0.0,0.0,0.0,0.0,0.003412280504692286,0.0,0.016519541062388034,0.0,0.015425835811399008,0.00431313428844347,0.0,0.0,0.0230419729069584,0.008907313401941879,0.0,0.008785852478949054,0.0,0.0074559890191328694,0.002457358684160784,0.0,0.0,0.0,0.0,0.0,0.0,0.011905499321296087,0.0,0.0,0.00863990246183662,0.0,0.0,0.0,0.0,0.0,0.015472875982152252,0.014992077327589283,0.012049427014480809,0.008494731457042635,1.0,0.0,1,warezmaster,R2L
0.01457042687260168,0.0,0.0,0.005871623563995387,0.0,0.0,0.008607135158299166,0.0,1.0,0.0,0.0,0.0,0.0,0.0,0.0,0.0009244200641310567,0.008206163839752064,0.0006753217032944425,0.006162321977572094,0.02576720229224396,7.541593038618683e-05,0.0013643194764229834,0.0,0.005778342159485291,0.0,1.0,0.0,0.0,0.0255350211694466,0.02535536104829016,0.7653893305990994,0.2172656772796746,0.11028862410968676,0.0,0.004826431733423882,0.004891523977673717,0.0,0.0072360099289334795,normal,0.0,0.9988426857299078,0.0,0.00836880050486074,0.0,0.004543591529370173,0.00603768724770725,0.015421327627543427,0.0,0.0,0.0,0.0,0.0,0.0,0.00912018160051874,0.0005454602213251148,0.0,0.0028247025040685713,0.0,0.0065982832453935596,0.0,0.0,0.0,0.029890833228198545,0.019370061685929946,0.00019369320906724539,0.020321791211792523,0.013688850820226329,0.0,0.0,0.011662122372625443,0.0,0.00411721023292091,0.0013059698076173718,0.0037999550967804975,0.0,0.008587374194123358,0.0,0.0,0.0,0.0,0.0,0.0,0.014023923068817185,0.008505979380495021,0.0007396490555193732,0.0,0.0,0.0,0.0054328996954073824,0.0,0.003335186268725064,0.0020076024819491137,0.001832017057866855,0.0,0.01981689962493224,0.008171025351107204,1.0,0.0006336070180477202,0.005457296148411639,0.015928156705776943,0.006697642890317368,0.0,0.0,0.00967136375641885,0.0,0.0018277472972568613,0.009102461872684832,0.0,0.011059910070074556,0.002689753186669856,0.0008202238588555739,0.0,0.011113303237081814,0.0021403691980550143,0.0220610232654245,0.0,0.0,0.0005066946863536916,0.0,0.015744264286193445,0.019413004891121695,0.9957029106656561,0.0,0,normal,Normal
0.0,0.0,0.0,0.007671174450772706,0.0,0.006166302448274593,0.010389878735711294,0.020547760050943515,0.0,0.007924359443322104,0.0,0.0029857670990989437,0.0,0.0,0.0,0.016267048049808747,0.004035686216345685,0.0,0.0,0.04447110301715177,0.12466617409801717,0.011396383348981078,0.005057323941212426,0.0,0.0,1.0,0.007837711080800681,0.04778450493775441,0.9964451994482303,1.0,0.9904257680640434,0.0,0.016516553530577776,0.0,0.0036623729565071943,0.0015842222626617556,0.0004136551702931226,0.005202720285964611,normal,0.0,0.0,0.9852692048428858,0.0016871988844514303,0.0,0.003763739476913061,0.00812709163951745,0.015236379444699591,0.010279787670715005,0.008190376473634844,0.0003582069580306271,0.012376375400700823,0.0,0.0,0.0,1.0,0.0,0.0,0.0,0.0,0.0,0.021633448797988987,0.007192315520717597,0.0,0.0,0.0,0.0,0.009105524480576607,0.0138678541928363,0.009535498950990545,0.005236994913504723,0.012376925432310488,0.003913301099311675,0.0,0.00645867058439554,0.0,0.007643121589368052,0.01574091158640286,0.0,0.005972173706549359,6.326935626628817e-05,0.007999312941199228,0.01881571396803069,0.0193758435222909,0.0,0.0,0.0,0.00785290565477368,0.0,0.0,0.0007578701471917709,0.011325528499572609,0.008235225075965679,0.0,0.010309715052109328,0.0,0.0,0.005723621399487829,0.010718686981220313,0.0,0.0,0.0,0.0,0.0,0.0,0.0,0.023287396776397292,0.02139701373978025,0.004405850303143186,0.0,0.0,0.017355277668588867,0.004706743781873714,0.0,0.0,0.009725871563458702,0.004290501728858542,0.007042360356201822,0.0,0.0006115076347560826,0.007587856617755699,0.0,1.0,0.0015294253579488056,0,normal,Normal
0.00401915543516961,0.0022378777289043797,0.002315567250648523,0.010327043774053161,0.01842178612895973,0.0,0.0,0.013001377459707999,0.0,0.0013943098592791266,0.0,0.006669544064444634,0.0,0.0,6.744695685813627e-05,0.0,0.0,0.0,0.0001951974995015046,0.25881078747248354,0.43140659841108286,0.0037073765886411008,0.0,0.0,0.0,0.9992712498888858,0.0,0.02184732860978416,1.0,0.8945769312316044,0.9027709592158615,0.013684067474740678,0.0,0.007140336211405004,0.008715313239753768,0.0021132952717852166,0.0,0.010906156540928462,normal,0.004990100443332476,0.01355206661736031,0.9987305815981288,0.0,0.0,0.01194930536624196,0.0,0.01000403303723207,0.0070148925135964995,0.0,0.0014400890546994664,0.0007131247692349548,0.012106159105211973,0.0,0.007208689797060923,0.9994032527842203,0.0,0.0,0.0,0.01268888794390725,0.0,3.8246150564869274e-05,0.005729363449587978,0.0,0.0,0.0,0.0,0.0,0.0008338925182368028,0.0,0.020707600432264685,0.003383337898026414,0.0008773726691917046,0.004752362332560641,0.0,0.00041463269624997956,0.016967839396342246,0.0,0.0,0.0,0.0,0.0,0.006577486817032338,0.0,0.0,0.01542500148726811,0.012264633092614535,0.0033840585375263916,0.016125465221863818,0.0,0.0,0.0020755116360856142,4.770557391423308e-05,0.0,0.009316131322676923,0.006747753207071762,0.0,0.0,0.0,0.0038070421126185734,0.01690770999988663,0.0063272691798970425,0.0,0.0,0.01397530542455888,0.007159384643899944,0.007870179361254752,0.0,0.00611355566144379,0.0,0.009212967186892468,0.010215967632926117,0.000544413417187142,0.0,0.0,0.007394234817278904,0.0,0.010076537987584714,0.0048990451646327505,0.0,0.011760546330986365,0.0,0.9988688185624554,0.0,0,normal,Normal
0.004261465745513194,0.006081764597756909,0.0,0.0111070662628215,0.009943411707106421,0.0,0.0,0.0,0.9810830621468523,0.009209672921655733,0.0,0.0019447121505077266,0.0,0.005099387099798431,0.0,0.006437734787477017,0.005974036960235354,0.00025441382495899927,0.0,0.0,0.0,0.020123044427128804,0.002932662989136606,0.004284355288033974,0.0,0.9882005077388964,0.0,0.0,0.1852526413161443,0.9934062907107399,1.0,0.0047109227716776465,0.019723275314129665,0.04115509626874014,0.0,0.005551169047042213,0.005419854936703201,0.0,normal,0.0,1.0,0.0,0.0,0.006674800573277183,0.0,0.0,0.0,0.0,0.01881603600561153,0.013892199998514628,0.0010389197950789342,0.0,0.0,0.0,0.0,0.006272355188317754,0.0020323692356634684,0.000627717585800352,0.0,0.0,0.02142061905575833,0.009930223276444333,0.024936832466522525,0.000924625382662448,0.0,0.0,0.9975561901446154,0.009160847495946043,0.0,0.0,0.0,0.007412573535629089,0.013827390741871087,0.004452960698828003,0.0,0.009135730449721761,0.0,0.0,0.0012213118513838992,0.010289893587625323,0.0,0.0,0.0015260669336283619,0.0008197044471877143,0.00544451254822687,0.0,0.0,0.0,0.004786424295441571,0.0001923589062057818,0.0,0.0005585019652031925,0.0,0.0007330468992780421,0.003348886573477598,0.0004852940921000893,0.0030351255061712174,0.0,0.0,0.007733900540709787,0.0,0.011414520545338976,0.0,0.004693126887510522,0.004526153185779833,0.0,0.00028609878923508856,0.0,0.0011425717643791043,0.0,0.003830878868814556,0.0,0.004641799109153117,0.001172303107273236,0.0,0.00938460808991752,0.010771730877505315,0.0,0.01047406314130892,0.0,0.0,1.0,0.0,0,normal,Normal
0.00016184710074307915,0.0,0.0,0.009727452689254887,0.0,0.0,0.0,0.004855505508071629,1.0,0.0,0.0,0.008425117280956584,0.0,0.0,0.0061319592420045815,0.0008575212869662078,0.009619479144648543,2.1582654298751072e-05,0.0,0.025030366293082605,0.011045032262789961,0.015440735181752428,0.0,0.00399038019761178,0.007631018454547738,0.9921636729659357,0.0,0.016151409861008836,0.36363372041442954,0.9927963705359678,0.9976930564097195,0.0030052016256431864,0.01696301283487592,0.020391876952436175,0.0,0.0,0.0,0.01141235103365855,normal,0.005285418770315471,1.0,0.00823477210802792,0.0,0.0,0.0025289360139609204,0.005555611591387184,0.006134208376017231,0.013419902979814413,0.010333378157801136,0.005836531691226614,0.0,0.004764917992502886,0.0,0.0003734315915612551,0.014086919494200918,0.0045075050048282725,0.008036132707907656,0.0,0.007472652692412242,0.0,0.0,0.0029138471122552266,0.008062519041568749,0.0,0.0016171115414131507,0.027049041104187536,1.0,0.0,0.0,0.0030699866446860617,0.009067539012606466,0.016126415393110462,0.0,0.011541978467395344,0.0,0.0,0.0,0.0,0.0,0.00745751768782482,0.0,0.005822633139626678,0.0,0.005675125593854623,0.016279394856624062,0.013450275943273257,0.0,0.0,0.0,0.008787249630774614,0.0,0.0,0.0,0.004663871967205704,0.0003157475498998275,0.005393535735003297,0.008578353871827114,0.00018351884990120172,0.006160923774702639,0.0,0.0,0.0,0.0017008339164188869,0.0,0.003569770044280434,0.01424421528193591,0.0,0.0,0.0,0.0,0.0,0.0,0.030292976818142293,0.0,0.0,0.0002365182952068333,0.00614295674044931,0.0,0.0,0.0,0.0,0.9903667264494923,0.0,0,normal,Normal
0.0,0.009093131262849621,0.018643140400212213,0.0011150182760544746,0.003299551904215573,0.0019789340051647696,0.0,0.012095612984492384,0.010007594413305685,0.00029542501373419383,0.010980029631023043,0.0010741604666487353,0.0,0.00615724207849458,0.009882359424492596,0.0,0.0,0.002230959765642452,0.0,0.24084837387780816,0.41232686836696514,0.002152066960238095,0.0,0.001262048755861574,0.0,0.9995897376406849,0.0,0.025541681943804642,0.9892345633667915,1.0,0.9953933558016901,0.011345809956023198,0.008644048295963777,0.0,0.016427887412673432,0.0,0.0,0.0026755997216989804,normal,0.0,0.0,0.98583179376542,0.0,0.008663725264047175,0.0,0.0,0.009509937970498315,0.0,0.0,0.0,0.0,5.800038966645951e-05,0.0,0.0026374022440793137,0.9950184870466375,0.0,0.0,0.014838508797772959,0.0,0.0,0.003392256679318082,0.0,0.01659350227076058,0.0,0.0,0.0019119414634873966,0.0,0.00490858748961366,0.0,0.0,0.0,0.0031810724720653318,0.002053234994507359,0.0018860184879931463,0.0,0.0,0.003008373923908337,0.011735689281327559,0.016310934488419745,0.00929535967354651,0.0,0.0,0.010320062798074046,0.001037068979940039,0.0,0.00351263710920949,0.014095582012202675,0.008764395497844784,0.007039691995236418,0.009888564490006775,0.009265897539766216,0.01264159506967944,0.0,0.00036678620117602085,0.011720160057336877,0.007551912510148501,0.0036958606811542368,0.0,0.0012311209262230395,0.0,0.0016529148291175094,0.0,0.0023922632965404445,0.0030932639376116794,0.0,0.006853885873956182,0.0,0.01524448485195389,4.2442262633238316e-05,0.0014462302495657617,0.0,0.0,0.008755774625153928,0.0,0.022466597089386777,0.01146942051919586,0.0,0.011265083134555091,0.0,0.0,0.006897937454967294,1.0,0.0,0,normal,Normal
0.0023622503684164954,0.0,0.013286201337802497,0.00947349111360518,0.009392380961917185,0.0,0.015141969049904646,0.0,1.0,0.0,0.0,0.0,0.01518655945525869,0.016996603094270694,0.011158811861902167,0.00716809152194876,0.0,0.0032231707929883066,0.010262661995553339,0.0,0.004354124783588945,0.018470345797758518,0.030960660930151342,0.0,0.0025092505962873773,0.9855050409101213,0.0,0.002530512080520464,0.1580002655289916,0.9978394226928169,0.9976005167599232,0.0,0.03236807705949907,0.031786449855860544,0.0,0.0,0.0056359029996431486,0.0,normal,0.0,0.9979707133087717,0.0,0.0,0.008266617838503597,0.010962396200117928,0.0,0.0,0.0,0.0,0.00958452691268629,0.006621900938101464,0.004004801460375894,0.0,0.0075198714705794045,0.004459293537289009,0.0,0.0,0.0008405253641414841,0.006769889404435915,0.006832686922163882,0.0,0.0009961029443273338,0.018821270018234398,0.0,0.017604218528620763,0.02301347705736428,1.0,0.005981446062447429,0.0,0.0035875517698541527,0.005261690724494833,0.0,0.011465710324614629,0.0005487693427035264,0.004530500009108622,0.0,0.00016973370810005706,0.01663290819492676,0.0031357021676171287,0.013857619988206601,0.011077700991694098,0.0013234601334024768,0.0,0.0020363081724708355,0.003883854019813521,0.0,0.004430993288815231,0.0,0.0,0.0,0.016205970259588986,0.0,0.0,8.971792092827306e-05,0.021794155904779223,0.0,0.009461998310416086,0.0,0.006839665399239873,0.0,0.0,0.0,0.0,0.00331611180083315,0.0028373782073452475,0.0,0.0,0.007118227891562967,0.0,0.0,0.0,0.0,0.022051438645657794,0.0,0.0069717055379443435,0.007981848931855148,0.0,0.004217670296603378,0.006617738334220127,0.003028991521754549,0.005346062872964583,0.9849711147367158,0.004526118191345705,0,normal,Normal
0.0010467454526541136,0.006721976797769867,0.017648501549744976,0.0,0.0,0.0,0.0014745443723783226,0.0,0.012144562554988253,0.004013626151282743,0.0,0.01633859261983605,0.0,0.0010111250211529334,0.0,0.009055908357699717,0.0,0.0,0.0,0.5612659519025408,0.010851951968996104,0.9870712192805534,0.9961310543642471,0.0,0.007474961689065331,0.05447346351343314,0.05318228909340427,0.005609253822188953,0.9919371589467955,0.05049624902264152,0.06244940435879928,0.05699002549400144,0.0,0.015111762279882235,1.0,1.0,0.0,0.016944388741738294,neptune,0.0,0.9970824684593054,0.0,0.0,0.01406959115863168,0.0,0.0,0.004758218696777775,0.0,0.0,0.005630181659677661,0.0002704689350778054,0.0,0.0,0.0,0.0,0.0,0.0062731359230914574,0.0,0.0,0.0,0.0038073884852898904,0.0,0.0007114452512981394,0.0,0.012417252826263476,0.01448294958948952,0.013685573643284116,0.0035596008982217552,0.0,0.0,0.0,0.0,0.0007938827413858185,0.0,0.00046262843023283333,0.9959221918142068,0.0015268737631420196,0.0,0.0,0.00023370198838709513,0.0,0.001585735952380861,0.0012250819129464763,0.0,0.0,0.006602099736134574,0.005961040508514088,0.0,0.006361562633562609,0.0,0.0,0.01751012362663153,0.0,0.004118800188933445,0.004144245889555872,0.0,0.0,0.008337926131003037,0.003851053708057794,0.006192389970676329,0.0,0.0,0.0,0.0,0.0,0.001956828847219702,0.0,0.0,0.0,0.0,0.0,0.0,0.005073840044111348,0.0,0.0,0.0,0.010325039946917323,1.0,0.005065428330575267,0.0,0.018312031825540954,0.005326872708973004,0.0017321094724701803,1,neptune,DoS
0.00820300972334802,0.007531072767339132,0.0,0.0,0.012439371109619181,0.0,0.0,0.0,0.014548617553463873,0.0,0.0,0.008173680168759781,0.0,0.0,0.0,0.0,0.0,0.0,0.00882971224158632,0.34583955663037824,0.0,0.0,0.002498045297361963,1.0,0.9898949256787352,0.04010360726820613,0.05768077863424262,0.004039908961957321,0.9901288460728963,0.01909586193274928,0.0214938766936072,0.057290131685580246,0.003805357333879843,0.0,0.0,0.0,0.9886859012723861,0.9954859769299107,neptune,0.012843018996342485,1.0,0.0,0.0,0.004081804128163391,0.0,0.026784242970115748,0.0,0.0,0.0,0.002003633191336938,0.0,0.016058237012215402,0.0,0.0,0.0,0.0,0.0004066266332611649,0.0,0.008960376665780907,0.0,0.0,0.0,0.0,0.0,0.0,0.0,0.0,0.003271764474906834,0.007324142720133967,0.0,0.0,0.0,0.0020983725186852343,0.005665596034872737,0.02309409871903592,0.0,0.0,0.0,0.0,0.0,0.00475358481067522,0.0,0.002618397694070642,0.0038623100382952436,0.0,0.0,0.00292668005810799,0.0,0.0,0.0,0.00021494891659824166,0.9988362755834963,0.010519433342645785,0.017084569378382236,0.0,0.0,0.009672356866567852,0.006755793025028008,0.0,0.03091370873775136,0.0,0.0,0.00857901059109734,0.0421257789233112,0.007625165935964887,0.0007283550480494841,0.003074647740581645,0.011966238012301287,0.0,0.01724596854342301,0.0077102488749568555,0.009508851636574603,0.0,1.0,0.0004155350030891047,0.0009568957363455933,0.0,0.0,0.0,0.002815842563038113,0.0,0.0,0.0016730155150414426,1,neptune,DoS
0.0,0.0,0.0,0.0,0.011002773573068567,0.0,0.01645335822012304,0.0,0.9904694542854244,0.0,0.014821378814340503,0.0,0.0,0.02928988193138683,0.0,0.0,0.017415079211177274,0.01146150353494718,0.0009109726178991473,0.03599073363624215,0.019812591341825562,0.002574473138895111,0.0,0.003632741069925368,0.0,0.9988628798011976,0.005921869063075395,0.1325241850309406,0.9917098790541569,1.0,0.9883547624958274,0.0,0.006661466269045519,0.0,0.019777467469094583,0.006026314635571898,0.0,0.006863271073876871,normal,0.0,0.9929382985171821,0.0,0.0,0.02113900034397017,0.0,0.002454648882196444,0.007929235202264252,0.008906915281373108,0.008936645992128869,0.022710600814870724,0.008175126008059098,0.0,0.0,0.0,0.0,0.001282369547186906,0.009517640202504365,0.009054601718006643,0.004153220965979733,0.03111423171361065,0.025940351852585267,0.0,0.0011510967453857907,0.0015031162453218035,0.019624601761949804,0.0003845294066708448,1.0,0.0,0.003672368644673001,0.0,0.017457444706401922,0.017864411537838396,0.0,0.0009608858800098112,1.2891310367902874e-05,0.004566259255560692,0.014761487262449616,0.00976768549300067,0.0,0.02128809889781412,0.012496940208309918,0.010011940830382704,0.010778753595990629,6.593832457687111e-05,0.02138528174111546,0.0,0.0,0.005790827020137335,0.0,0.005107686138859492,0.003754049563900364,0.0,0.00653757210442945,0.0,0.0,0.016120131000256922,0.002266958376513782,0.013253960727953562,0.007293157111739695,0.0,0.007540093197796062,0.007803041361999273,0.0002585878798672362,0.005213587255999298,0.0,0.0,0.014085069110040503,0.008244689710726368,0.005075537491369638,0.015526303157770862,0.011165548639738492,0.014707816712649136,0.0,0.0,0.0,0.015333379401605642,0.007265284598992398,0.004454284247203635,0.0,0.007540036900711072,0.0,0.9929800144747436,0.0,0,normal,Normal
0.00036896933658654756,0.018985494097288533,0.0,0.0,0.012798716630728657,0.010549336153586848,0.0,0.0,0.0,0.0,0.0,0.0,0.003235579409798534,0.009283519104428853,0.0,0.0,0.0,0.0,0.0071927684845786944,1.0,0.0,0.033251374071919707,1.0,0.9788505490883324,0.0,0.009311436253603806,0.989041793109941,0.0015703891187147131,0.9885677339926326,0.021823860182109515,0.012386067039539615,1.0,0.0,0.0,0.04644970232215233,0.9865686133514109,0.9584507601094795,0.001848548915371404,saint,0.0006057472890803761,1.0,0.0028468632143900906,0.005609136481040894,0.0,0.003559273779237234,0.0038672619534586166,0.0,0.0,0.0,0.012504059706904509,0.0,0.0,0.0019604866938165385,0.0,0.0024904619328997026,0.002410147690375976,0.014400020121162949,0.001105654825290149,0.0,0.016594966538546217,0.0,0.0,0.0,0.0,0.013817320009089263,0.0,0.0,0.0,0.009884173298021479,0.0,0.0,0.0,0.0,0.0,0.011918952720005784,0.0,0.003072365992113656,0.0,0.0,0.0046549807551885085,0.011531414665136065,0.0,0.009768688689378656,0.0,0.0002580052358037336,0.003160910871052964,1.0,0.013177587321767667,0.0,0.008022884380900337,0.0026287052613618144,0.011020379968957444,0.014837821318168588,0.0065377013015769855,0.01221694421687354,0.0,0.0,0.0,0.0,0.005791176314180897,0.01735045422002236,0.00025383251421697397,0.005187521442411959,0.0014142675677173125,0.009842019891792045,0.006644174283014987,0.007398651944161019,0.0,0.0031454182481419142,0.01596338512538445,0.004628283252206294,0.021142240470562453,0.0,0.0,0.00039151436775525467,0.001752081182619566,0.011863942389708384,1.0,0.005411942537462867,0.012313632702996234,0.022007219925291425,0.0,0.002439923884523737,1,saint,Probe
4.321119961171409e-06,0.013666795536156243,0.012309557165359628,0.011832430801808166,0.01687288012240715,0.0,0.010038108374642836,0.003973818391009811,0.0018534956622228386,0.0,0.0,0.0,0.014014450137990547,0.00031406902248167287,0.0043077177362972445,0.0,0.004550057523963866,0.0,0.0,0.9271879998124225,0.9137370835343985,0.0028742905071231055,0.0,0.0,0.004203965833474171,0.9874711545439615,0.0017430766118596175,0.013426071158524825,0.9956978691664926,1.0,0.985837316078657,0.012722917896397826,1.0,0.008271360391741209,0.0,0.00413051444191982,0.0013751999323608078,0.0,smurf,0.9869426389430687,0.0067464335235301745,0.012113388152751819,0.0030231905281558787,0.007829983569799451,0.0024723717584985354,0.0,0.00989882652770444,0.0,0.0,0.0,0.0,0.0,0.0,0.0028789781836559515,0.0010817862692028143,0.005074530990226161,0.009913196934414965,1.0,0.014435305076792668,0.0,0.01809374094192503,0.0,0.00972088750299622,0.01248733446711885,0.0203896820324352,0.0,0.0,0.0,0.0,0.0,0.0,0.0006758833388833615,0.017818195241548113,0.008517724669610888,0.0,0.0,0.010520185378908467,0.0012349029191586253,0.012194411814052494,0.0,0.015724811418786698,0.01092210387312233,0.006431846595590483,0.0,0.0,0.008586669291438167,0.0,0.010933661923603486,0.0,0.004416282303616562,0.0180723358669625,0.006378037517958265,0.0,0.0,0.0187788053894512,0.020516077864765773,0.008078393043397252,0.0,0.0,0.0,0.0,0.010584737917255213,0.014564285570764602,0.0,0.0,0.0,0.0,0.01051477093718547,0.0,0.0,0.005531401394241778,0.012674547081223045,0.00869616091339889,3.793782570152673e-05,0.0,0.003208559569972297,0.0052349249233427505,0.0,0.019401641343915414,0.0,0.011414814652956535,1.0,0.013265289168734175,1,smurf,DoS
0.0,0.0003160943447562611,0.004919499836709139,0.0,0.0,0.0028598622590626462,0.0020552010695881165,0.00715788152543147,0.9870941196256099,0.0,0.0,0.0035736682396602473,0.0,0.01576336042757276,0.0,0.0,0.0034887223672935104,0.002209455999234248,0.008149440567206819,0.010643516392775974,0.03052503781194283,0.002032027915085147,0.0,0.013509807164607668,0.0,0.9891311444326559,0.0005144638382039206,0.23330730411988054,0.5457675263237478,0.997163829694139,1.0,0.0,0.0017204110742438643,0.013105603852567073,0.0,0.0,0.002829339356023306,0.008662567545453633,normal,0.0,1.0,0.0,0.002809070327588514,0.0,0.011293612443210841,0.0,0.012095501850132756,0.0,0.008654991390547487,0.0,0.009938636783595618,0.0,0.0,0.0,0.001630874814545934,0.0,0.014526272704898688,0.0,0.009635669018124767,0.0,0.013567968113727858,0.0069528731595880165,0.0,0.0031940067924980152,0.00783329009932097,0.005214099352346609,0.9933320158860682,0.0,0.009979042060513475,0.0,0.005325084463076455,0.0,0.0001385499805512977,0.0,0.0,0.0,0.0,0.0,0.002947197696844126,0.0,0.0,0.0,0.02094909869079553,0.001151474290951115,0.005324670274629949,0.019323733206007266,0.0,0.0,0.0,0.0012650079001435084,0.0058996409051559175,0.0012568670540132113,0.0015201482895756252,5.233836982041469e-05,0.011113958890518852,0.01325844218441799,0.006425854796807553,0.0,0.0,0.013130657050332336,0.0,0.006279838301484783,0.0,0.0,0.006623416723787834,0.012816595245946508,0.0,0.0,0.0,0.0,0.0032150451174982448,0.011161942376253335,0.0,0.017230990553309095,0.0,0.0,0.007758625473218595,0.002997720831459203,0.0013717397514596771,0.0,0.0006943402922755376,1.0,0.016120231020257204,0,normal,Normal
0.0,0.0,0.0068203542438951305,0.009838490818749863,0.0,0.0,0.0,0.010377117617590062,0.0,0.0,0.004282060557894087,0.0019610375237211104,0.0,0.021400384249485812,0.0005314521225046148,0.012408163852635249,0.003643280698770493,0.0,0.010589771067140277,0.025555460873133068,0.0102941088122225,0.01051035048945593,0.0,0.002443206978266563,0.008917513579169376,1.0,0.009462431610252814,0.0,0.9963682417597405,0.9903625899861502,0.9929987780911697,0.004845993427452852,0.0,0.0,0.0,0.0,0.0035628948218857964,0.0,snmpguess,0.0,0.010485938404206249,1.0,0.0,0.0,0.0,0.0,0.0062440144013966685,0.0,0.00430008316759458,0.007884093670277056,0.0,0.0,0.00880454823851048,0.0,0.0,0.015055177548366709,0.003717826214499539,0.0,0.0023848499857667123,0.0,0.0,0.014226113339034481,0.0,0.0,0.022191032670640647,0.0,0.0029854105750679013,0.008753565032865868,0.0,0.0,0.0,0.0006829773002535461,0.013029812605332536,0.005158754716282355,0.0,0.0,0.0,0.0023080313954304947,0.0,0.0,0.0,0.0,0.0,0.0014887653467551176,0.0,0.0,0.0,0.0012213204542799497,0.0,0.0,0.0,1.0,0.011589242656224777,0.0,0.0,0.007611249783539077,0.0,0.0,0.0075794388326202765,0.0,0.0,0.010723816471760482,0.0,0.0,0.0006388171005939946,0.004664671593580293,0.0068384508895126955,0.009218285518743168,0.0,0.010217715529041263,0.0,0.0,0.0,0.00968018133837473,0.024941664285516207,0.0,5.273582088837395e-05,0.0,0.0005204021916236991,0.0024154544110290338,0.0037818705171728025,0.9883004716649809,0.0,1,snmpguess,R2L
0.0,0.013735404439396302,0.0,0.0,0.0013386845229318173,0.0,0.0,0.0,0.0,0.0,0.0030218235815722954,0.0,0.0,0.012283126603194758,0.0009460191370806704,0.002084979993169733,0.028017137776511762,0.0,0.0,0.09486969728946061,0.09245890434474746,0.9921177443786531,1.0,0.0,0.0,0.9857352131286713,0.0013334171269506847,0.00790715094877173,1.0,0.9956881039000627,1.0,0.00291092294246787,0.012167816807677326,0.008944312133589495,0.25923817466360444,0.2912472391973077,0.7125171414478788,0.7167972339078298,apache2,0.0,0.9984614293002821,0.0,0.0006898693620279191,0.0,0.0021430719499665463,0.0,0.0019731238926810135,0.0019493076899536766,0.007117271665950711,0.012036616451342505,0.0,0.007349071707903728,0.005989086020350949,0.0,0.0,0.0,0.007205894199011211,0.01286545756620543,0.0,0.006770021938777009,0.0072632697045201065,0.001420497356568133,0.0,0.0,0.0,0.0,1.0,0.003966083974267036,0.0,0.0,0.0,0.0,0.0,0.0,0.0,0.0,0.0,0.005063842812584654,0.0,0.0,0.006655478018981241,0.0,0.010923052063568304,0.011041750214043829,0.0066130442486935425,0.012793600090251859,0.008249987353075122,0.011445476265152457,0.00929698933479265,0.0,0.0,0.0,0.0,0.01779798518706779,0.0,0.0,0.0,0.0,0.01435005623388274,0.015053766205720145,0.0,0.0,0.011959883468587467,0.0007550471170173971,0.00452851109884824,0.004798307322663127,0.0,0.005807218397637456,0.007915081938885406,0.0,0.0,0.02133896135211582,0.0,0.0,0.0,0.0,0.0,1.0,0.0,0.0,0.010090129076463474,0.0054981693863249284,0.009514070450287952,1,apache2,DoS
0.01320176157123675,0.0041756780452828,0.0024290091000422807,0.002827692026339697,0.0005546872572514336,0.002479351435225158,0.0,0.011088094194203818,1.0,0.0,0.006662019494018139,0.0,0.0,0.0,0.0,0.016600631997024936,0.000327655965397686,0.0,0.022365469413774004,0.011516549394330881,0.006058034145540798,0.0,0.0,0.0,0.0,0.9801694239255749,0.0025986928689675543,0.40139223149606623,0.05785250196019446,0.9787497849100557,0.9913311092999817,0.0,0.07728727591444008,0.06719008252429867,0.0,0.0,0.0,0.0,normal,0.0,1.0,0.0,0.0180763495082035,0.012095656792116178,0.0,0.0028504607455992334,0.001832613837626988,0.0,0.0,0.0038559934151217237,0.0,0.0,0.007979021100693519,0.02080287186998247,0.0,0.011447951451877044,0.0,0.0,0.007409143548590244,0.0021131136769958637,0.0,0.004474100431764096,0.0,0.0,0.004133631073453399,0.0,0.9916990884867536,0.0,0.0,0.0,0.020013782106373706,0.0074008596099876135,0.0,0.0037534431898802153,0.0,0.008191117177942662,0.0,0.013623279299810666,0.0,0.0,0.0008234820682300263,0.0101452314026508,0.01107984255477569,0.0,0.007435587270560455,0.0,0.0,0.004157090116121065,0.0,0.0,0.013315925153416857,0.006392309147274938,0.009167249086859088,0.006003003451924511,0.0,0.00930609423591082,0.0036666195454348573,0.0014142786915651395,0.0,0.0,0.010312757484055883,0.0,0.0,0.009802813851535138,0.0,0.004101836131414418,0.005447760690607144,0.0,0.007282632710241944,0.002257280603653857,0.0,0.018044000191516276,0.0,0.0,0.004592056434673232,0.0,0.0,0.02047423953693548,0.0,0.0034839103378890134,0.00015419311507905396,1.0,0.0027531742168748854,0,normal,Normal
0.0,0.0,0.0,0.003913187282858166,0.0,0.0,0.0,0.024539577948277557,1.0,0.002246467998636498,0.009926834595750018,0.0,0.0,0.004883592116319081,0.006449853648159358,0.014350421708533841,0.0,0.0,0.0,0.0,0.015736450754007276,0.014266539108991146,0.0,0.015892536363036,0.0,0.9923604789886595,0.0,0.0008368447013144774,0.00530339108124391,1.0,1.0,0.014684811779156155,0.4994523511859905,0.041764485582650154,0.0,0.01106709907305377,0.004130268452673216,0.0,normal,0.0016899666358875184,0.9849283060348034,0.0,0.0,0.01600995737687865,0.0,0.005062375371599504,0.015284632419735203,0.00036086021496665516,0.0003473311750435157,0.0,0.017658637042864463,0.0,0.0,0.0,0.0,0.0,0.0,0.007827746014773505,0.0,0.013510544789102684,0.0024368813387563005,0.0,0.00103201800417658,0.0,0.0,0.0035396915708721657,0.9971132818653352,0.0,0.01190130826336217,0.0,0.00785950340777015,0.00019541345845215736,0.006817102180647761,0.0,0.00045027098732762104,0.0,0.0,0.0133509726329825,0.0,0.0054454422433532846,0.007595209035923888,0.006544701058900712,0.0,0.0,0.0,0.01774722033309938,0.01647347279044702,0.0,0.0,0.008043111966040184,0.0,0.0022621814693382938,0.0108828184338333,0.0,0.0,0.013882648150368198,0.013895940904908704,0.02417891074577697,0.0,0.0,0.0,0.0,0.0,0.0,0.0029367322026002084,0.0,0.007990424058632976,0.0,0.0,0.0,0.021957788407114043,0.0,0.0,0.008785772487304735,0.00472112800864009,0.0,0.0005380361297239159,0.0014421971150075563,0.010815240161895815,0.010041789119909167,0.001006650314812919,1.0,0.0,0,normal,Normal
0.00409463848253986,0.018123135210432652,0.004964953486835529,0.012005131034695185,0.0,0.009493412030767406,0.014537844345845046,0.0,0.004741641658643883,0.006377399146083602,0.0025121376075002088,0.0,0.0,0.011813733970582899,0.0,0.0,0.0,0.012388858015556035,0.0,0.0027353481751040518,0.0622665184792256,0.0,0.04878709360272134,1.0,0.6645680671551283,0.4911415422646418,1.0,0.9633324666339907,0.04176948366123439,0.23984028415555117,0.19257708872112242,0.5091722355429161,0.09868940723400417,0.05901132155301511,0.0,0.0,0.5891664705272676,1.0,mscan,0.0,1.0,0.011484942368553092,0.004251741192469107,0.0,0.007043328706773453,0.0034416675500505835,0.01819521419979445,0.0008006131691032869,0.0,0.0,0.0,0.00728596989830501,0.01753427380127705,0.007544868575039584,0.0,0.023923812504638996,0.0,0.0,0.01910135437439945,0.007049377598810919,0.003984382476509997,0.0,0.006342929749426407,0.0,0.0029709478586662195,0.0,0.008709374187581923,0.0,0.0051449745861365725,0.0,1.0,0.0,0.014683444090408093,0.004175290474404782,0.010209425490968602,0.0,0.0,0.008013042511463363,0.0,0.0,0.011407722513011125,0.0,0.005241831809050812,0.0,0.0,0.01644219784825011,0.018842940004684103,0.0,0.010281093782497593,0.013622993597347097,0.007033825241750006,0.011384502665634247,0.0,0.0,0.0,0.0,0.011124960588720947,0.011764966052723584,0.0,0.008244876068625756,0.009943080362537387,0.002894259845291726,0.0,0.0,0.0,0.008104873013217792,0.0058651106669838,0.0,0.02063341607895472,0.013424365100878107,0.0032957765847594057,0.0,0.0,0.9825016949260389,0.00099120728838493,0.0,0.0,0.0,0.0,0.010073522844002869,0.014489835365087323,0.0,0.0,1,mscan,Probe
0.005974352437456475,0.0032237707256895553,0.004241548868245126,0.0,0.0,0.0,0.005955191432344967,0.0,0.0,0.0064719299267415745,0.0,0.004443521725418129,0.0092020588148799,0.0,0.014684954531531225,0.02203545591886938,0.0,0.0038011805511748123,0.0020410958695389284,0.0,0.15471278360831703,0.0,0.018348194604859615,0.005066047750855505,0.011075520188954293,1.0,0.0,0.9993492481210358,0.0,0.4460508715093802,0.9883777900769418,0.012797915494500914,0.979297069926165,0.24184326957973593,0.0,0.0,0.0,0.0,saint,0.981189718294708,0.0,0.005582017420713903,0.0,0.0,0.022962545167507585,0.01978276848866357,0.0,0.011625846183868064,0.008001924820070597,0.005019756709216085,0.007688368051377387,0.0016397831298981405,0.004418766158570195,0.0,0.0,0.0,0.9800258978214058,0.0,0.007822454336501415,0.0043373383183982605,0.03441453649392772,0.0,0.0,0.0,0.0,0.02030723477086408,0.0,0.0037397894894819167,0.01483789072100905,0.002974198405969889,0.0,0.0,0.005229037177036858,0.0007665202321458273,0.0,0.0,0.0,0.00747658990710488,0.00825140348238706,0.0,0.0,0.0,0.003256507491261129,0.0,0.0,0.0,0.01237507665860222,0.0,0.0,0.010016027915289612,0.006538359609506272,0.0,0.0,0.005506035900501407,0.0,0.0,0.001694582778728314,0.004821981022910354,0.002863301779128562,0.0,0.008914407982183766,0.007900911509210634,0.0,0.0,0.0,0.0,0.004489560145051253,0.010257352287452065,0.0,0.0,0.0,0.0,0.0,0.00366936374515096,0.0,0.01536876355335512,0.013974419282472316,0.0,0.0,0.0,0.0,1.0,0.0,1,saint,Probe
0.0,0.013307058371403427,0.006641845595485516,0.0019095212905190942,0.0,0.0,0.0,0.0,0.0,0.0031574609319357963,0.0,0.0,0.0,0.0,0.0,0.00800824243775288,0.0,0.007455580236756544,0.0,0.8669383975497512,0.002584813645393598,0.13434526304381172,0.0,0.8535753938929157,1.0,0.0,0.9923492042017177,0.0,1.0,0.016094063831141578,0.0,0.9683620571279822,0.006419153881480854,0.0,0.14793088300507692,0.0,0.8583425495651776,0.9951892413650968,satan,0.0,0.9855147734501171,0.0013989395024535864,0.0,0.0,0.0,0.0,0.0,0.0014519889973455618,0.0,0.003935604596026992,0.0,0.006009335136906616,0.0,0.0,0.018017875497348318,0.012484605941240408,0.0,0.00682994203981987,0.0,0.0,0.0,0.0,0.0,0.0,0.011173627959945467,0.0,0.021104922760567014,0.00033299460979624684,0.0,0.0,0.0,0.011622737584441116,0.005770540319570472,0.0,0.0,0.0,0.0,0.0019695706642364054,0.021683242213973677,0.0,0.0,0.013021812762581162,0.008493600048750069,0.005198303067384984,0.0,0.0034376140565187435,0.9938227810627133,0.0011773565226945763,0.0057638740148841785,0.0,0.0,0.0,0.001695065879151754,0.0,0.011377730848881037,0.006675028340677601,0.008183217474947505,0.0017571752438369807,0.0,0.0,0.0,0.0,0.009742498570230178,0.007794046071292067,0.0,0.005943276305776461,0.004893233803878492,0.012797578907336012,0.0,0.0,0.013300133531985303,0.0,0.0,0.9910230396708046,0.0129824019165009,0.007589410110742199,0.0,0.004597869601702589,0.0,0.011620683037999138,0.012549898584388344,0.0035287440324545056,0.007969161672993065,1,satan,Probe
0.0,0.004074139412071843,0.0014728566892038603,0.0,0.0,0.0,0.009979986523892918,0.0,1.0,0.016185925789218524,0.0067245110414764775,0.027951201487088684,0.0014894876174514349,0.0,0.015595961929564363,0.010344817738594404,0.012568159843290691,0.0,0.0,0.04147100380922888,0.032898692794349135,0.018620171971985875,0.0066629967056108155,0.01660462818314243,0.006681281973446172,0.9878932596131719,0.003128893635099473,0.0,0.20735383659952372,0.9999289733288519,1.0,0.0009423522342523455,0.030309956161139427,0.013493247945250655,0.01899670705084914,0.005707757359843978,0.0,0.0,normal,0.0,0.9870469442205765,0.0,0.003734339811498449,0.0,0.015424063369408079,0.001994220133946828,0.0,0.00040748583534714353,0.0,0.004973100315317854,0.013207839545831442,0.0,0.00024673437373207987,0.01006583438983998,0.01883205926603455,0.0,0.0,0.0,0.0,0.0,0.0037691783031066958,0.0,0.009345689354708895,0.014179941054618084,0.0,0.0,1.0,0.0,0.016477113841033474,0.01094996357549893,0.0035285832268368783,0.0,0.02466147667342287,0.0,0.0,0.006459455996374172,0.0,0.003182363654738138,0.0,0.011668616564156338,0.0,0.0012703002599708019,0.0,0.002225698095293307,0.007895788945388641,0.010161392307466014,0.0,0.0019839941692985576,0.0018376741057814447,0.0024604343958266055,0.0,0.013690025963418418,0.0,0.007763004708028291,0.0025289613540463783,0.0,0.0,0.0,0.017056540948234177,0.005492105828702504,0.0,0.0,0.01732281296019609,0.0,0.010561316953809984,0.0,0.0,0.0,0.0,0.0,0.0,0.002376537882280463,0.006164114383445334,0.006844497111933436,0.012697276502572281,0.006602434266897748,0.0,0.0,0.005642028647002771,0.0,0.0,1.0,0.005792258292091626,0,normal,Normal
0.0,0.0,0.008730290936979485,0.0,0.020998447612590097,0.0,0.0,0.021839389647479654,0.0,0.0,0.01525142029176434,0.0,0.019330461304509803,0.0,0.0,0.0,0.0,0.001621767250249725,0.0,0.0,0.0,0.009982369914601913,0.0,0.00927476113084683,0.0,0.9856551440598165,0.002419262949174697,0.0,0.07988530020166194,0.12055687179225234,0.49264472864592473,0.1600140176327665,0.5035652127094612,0.05834422044975828,0.01420398935607671,0.0,0.053698379457577425,0.00522613712510571,rootkit,0.004971911311160708,1.0,0.0,0.004359375041156331,0.0,0.008560094525276596,0.005633279284742312,0.0024555981193703606,0.00864247075480213,0.003224200866620636,0.0,0.005896182095026172,0.004797192847122348,0.008128787054636152,0.014169970893051807,0.015085673739788412,0.0029240293355051513,0.0,0.0,0.0015674734632118088,0.00755978426673748,0.0,0.0,1.0,0.02044330015247504,0.00823026331034271,0.0,0.0,0.0019090761385963909,0.008697706692860687,0.0,0.006596397291162286,0.0005829523068351022,0.00974496896255317,0.004210478965734525,0.0,0.0,0.0015720389900632532,0.0020055753178172594,0.0,0.0020520363687579818,0.011433486785785943,0.00740450416876051,6.0261029870396525e-05,0.016238247031712855,0.0,0.005345425991657999,0.0026684446732145547,0.0,0.004064668288336565,0.022125416130449205,0.0008699284516688076,0.007208009338344788,0.0,0.0,0.0,0.016050908510174326,0.01800174240995774,0.0,0.0,0.0,0.008615444329997701,0.0,0.0,0.013948950875693611,0.019041486392558978,0.004892516269230631,0.014570056232451745,0.0,0.002607982988589931,0.002350794601621525,0.003087459512738758,0.0006741998472335074,0.0,0.0,0.005828344406672744,0.002464160747977715,0.004185617730570373,0.0006986719169614512,0.0,0.0,0.0,1.0,0.0,1,rootkit,U2R
0.0,0.016317311814407084,0.0,0.009895439503103605,0.009331575994348414,0.0014047202771683895,0.0,0.0,0.0,0.0,0.0,0.002633653834685099,0.0,0.0,0.0013607232553782265,0.0008040548933501431,0.0,0.011458546306973943,0.0036421935531980405,1.0,1.0,0.011525752336856251,0.0,0.0,0.0,1.0,0.0,0.010472242125337516,0.7487603236591258,0.265819196572236,0.3400469746426542,0.04464475183711791,0.33155431042198424,0.011552742335053863,0.0,0.015201654230174156,0.5936315296555814,0.0,smurf,1.0,0.014454968170542074,0.013567605831251222,0.0,0.007179811797436629,0.006810230471524665,0.01091017188801224,0.009137526345606098,0.0,0.0,0.0004976768408616617,0.0,0.0,0.0,0.010081186132944491,0.006579442904764623,0.006954755257447619,0.0,1.0,0.0,0.0,0.0,0.0017020538764843803,0.008148083511977298,0.0,0.0,0.0032945260999738797,0.010415477362423825,0.010847786935319258,0.005028038014470214,0.0018843403666223754,0.010766654560745832,0.0,0.002512448157777844,0.0,0.00848580602982732,0.0,0.0,0.0,0.0,0.0,0.004260664511514212,0.0,0.0019162184612622468,0.0,0.0031476170488453402,0.0,0.006008674740576895,0.0,0.0014437936568218433,0.0,0.011685997231617411,0.0,0.0,0.00953352572331931,0.013064741506493916,0.004562572074050298,0.0,0.0056751502587530644,0.0,0.0,0.0030124297319698333,0.0049476139067232685,0.0,0.0,0.01003401747244186,0.0,0.007961721732896386,0.006933954535332596,0.0,0.0006851409065386134,0.007084180997171912,0.012145728768510246,0.0,0.0,0.0,0.001914739736995178,0.005778888744681309,0.01776871566330147,0.0,0.0,0.013552932064753963,1.0,0.0,1,smurf,DoS
0.0,0.0015568068933110248,0.006719110111994442,0.012261108893446487,0.0,0.0,0.005135440328450592,0.0040224101522565,0.0,0.0,0.008576037069733658,0.0,0.007318040961422549,0.0,0.0,0.0,0.013986136774102832,0.0,0.0,0.0,0.0,0.0,0.0,1.0,0.9866846055300441,1.0,0.008428597971095152,0.0,1.0,0.1649416681168279,0.1605934300563826,0.02355533238852739,0.0048363645070067865,0.014809562289919056,0.0,0.011229049811036871,0.11498783030500535,0.8113004239793158,httptunnel,0.0,0.9881240450910302,0.00022874308786181494,0.007787821445978737,0.006667218724167906,0.0,0.0012826156338719818,0.004958629476881243,0.0,0.016504123360941984,0.0,0.0,0.0,0.0,0.0,0.0018644972830181958,0.00343149219995244,0.0,0.006185044552331047,0.005677944799242023,0.002522547334720307,0.0,0.0,0.015595322052445465,0.012910223811138974,0.005255270388255407,0.0,0.0,0.0,0.0,0.00867369431610003,0.0,0.006510367968486761,0.0,0.0030432256011870785,0.01449238292320841,0.0,0.0,0.0,0.0,0.00035259844245576433,0.0,0.001653426545609313,0.0,0.0,0.01396079765889517,0.00928133411241926,1.0,0.012262927171566983,0.0,0.0,0.0,0.0,0.012124887191156808,0.0,0.003106976481064247,0.0,0.003963753064044052,0.0,0.0,0.009918990029705175,0.0028575787212867204,0.0,0.0030054281494381898,0.0013333895101800067,0.0054290275066734475,0.0,0.0,0.011559202769212538,0.0,0.0,0.0092615994432184,0.0,0.0,0.9919146540649397,0.0,0.011429330314881246,0.0,0.0,0.0005304069267330293,0.0,0.0,0.015880730486720725,0.012535718362739501,1,httptunnel,R2L
0.0026930032266107413,0.0,0.004506036092246378,0.0026040556229701677,0.004746895153629442,0.0,0.005281102973200508,0.0008141870198100299,1.0,0.0026472554633933023,0.0,0.0,0.010334860955501164,0.0,0.0053165635093716255,0.0,0.0,0.0,0.0,0.053482701563848926,0.045349446565770606,0.0,0.0,0.0,0.0,1.0,0.01271942548092982,0.0,0.9979800314224199,0.9940762818495984,0.9890377519752176,0.0,0.006817786063746187,0.0,0.009823680084912051,0.01572893787724004,0.0,0.003560508446097476,normal,0.002363499515439183,0.9899221160116444,0.0,0.003100259111328295,0.007618580775402133,0.0,0.0,0.0046679771191974655,0.013658589809717535,0.01381527319201074,0.0,0.0,0.0,0.0,0.0,0.0,0.005369693401398558,0.015678290539254944,0.0061999059229059204,4.960112517986839e-05,0.0,0.003149239322332128,0.004514651631670917,0.0,0.004309946461359971,0.0,0.0,1.0,0.0,0.0,0.0,0.018238691857338944,0.0,0.0,0.018334017765240334,0.0032890447211186085,0.0024330351307165067,0.0,0.0016145620700428404,0.0036048142427279007,0.0,0.0,0.0018089332759846214,0.0,0.01371664609844176,0.0,0.006367607230274871,0.014073299273673375,0.0,0.0,0.0025498678379432937,0.005392633348243381,0.005758056206554581,0.0,0.0,0.0,0.008045700431246585,0.0,0.007925059039427354,0.0,0.0,0.0022768608846937565,0.0,0.0,0.008317547401166357,0.0,0.0065315589265828025,0.008706955844842061,0.012123444749171555,0.0075433025032394345,0.0,0.0,0.0031142037573919034,0.007997715475102196,0.0,0.0,0.0,0.0,0.01131086307402622,0.018259855896929317,0.0,0.004941381994476266,1.0,0.0,0,normal,Normal
0.0,0.015219497242049216,0.0,0.011282511942592026,0.0003814969311073106,0.0049485137051469424,0.0,0.0,0.9645178277916883,0.0,0.0,0.004871550412990295,0.00677974975093474,0.0,0.0,0.009016262619714896,0.0037053511473993544,0.0,0.0,0.0038608264439784134,0.01692595766167945,0.0,0.012686204862949526,0.003104576722289715,0.0019558451680217353,0.9916322265606583,0.0,0.9966804207924446,0.011092802739395639,0.5214345366868589,0.988785519865037,0.005010841324100942,0.2582597932103529,0.02549864969723482,0.0,0.0,0.0,0.011333631836046094,normal,0.0,1.0,0.0,0.0,0.0,0.0022274433378473963,0.015448547709203243,0.01088026041722416,0.0,0.0,0.002300452529255048,0.0,0.012262430201586906,0.0013028617005902059,0.013134976826430276,0.009307206371771523,0.0,0.00337281587155495,0.012069843604586253,0.0,0.0016135117535138225,0.012635618038731629,0.0,0.0,0.0,0.005457468595612769,0.004303994492579354,0.0,0.0,0.009651351469359824,0.00902069682880751,0.0,0.012163247453085765,0.0,0.0,0.0,0.0,0.003484539272098638,0.0,0.0,0.0016727772112270917,0.004530779924965108,0.001326975184207245,0.01588057774759974,0.0,0.0,0.0,0.004311605214296205,0.015245348133632581,0.0,0.002589899662059656,0.002335245011136949,0.0,0.0029675978226348233,0.0017069608060347428,0.0,0.0,0.9952840003776394,0.01108968920082683,0.008157289744914961,0.0,0.00034479118931933256,0.0,0.0,0.005133588791898254,0.0006922846898821808,0.0,0.0,0.009812004738328165,0.012084055955288577,0.0,0.0,0.0,0.0,0.0,0.0,0.0014624250654716542,0.01098724130662239,0.004113671177150384,0.0,0.0,0.0018134067902242105,0.9914352384215559,0.0,0,normal,Normal
0.0,0.019080529106798895,0.005914681997967178,0.0,0.008998594885603992,0.02188110146810132,0.0,0.003546813503530586,0.0,0.0,0.0031509572404136185,0.0,0.0,0.011815881497800416,0.0,0.005437973665075214,0.0,0.002663058571428381,0.0014340172071475744,0.0,0.016257736977850483,0.9796981880715302,0.9948112842508557,0.006758719571105635,0.0,1.0,0.006384869505531388,0.9980442356733601,0.3278925029414979,0.3156130940592865,0.317168221433968,0.04337391791946441,0.0032909695918847386,0.023370509160159897,1.0,0.9798253704512724,0.0,0.0,mscan,0.0,0.9945766474078412,0.022294376979713953,0.0,0.0,0.003735781060234842,0.013090185976856397,0.0,0.001324735886399828,0.0,0.005661379677405041,0.0,0.0,0.0052530296344636155,0.0,0.0,0.005360625416206419,0.012553305029613486,0.0005047727293292362,0.0,0.0006516827717614006,0.0,0.01300624833093338,0.0,0.00272479134838829,0.0,0.0,0.015337203437799103,0.0,0.004756944056741214,0.004031598424667722,0.019901718620877015,0.0,0.0,0.027444001932934385,0.004319072833210657,0.0,0.006608347047682876,0.0,0.0,0.018198026057747813,0.002260648313575463,0.004663621654730306,0.0,0.0,0.0,0.012090913830441672,0.0,0.0,0.015560481667092136,0.9677912043248826,0.005840906580405883,0.00011318237431553212,0.0,0.008921566152911287,0.0,0.010274311591376508,0.02645412895966579,0.00025921283649510087,0.004269819430790081,0.0,0.00024538279670405255,0.004519924492385455,0.0022490661040515526,0.01546792676558888,0.006046998846873355,0.0,0.009664382184557046,0.0028691179711769267,0.0,0.0012819477985517777,0.0,0.0070120187708566165,0.0014547952450622657,0.004070635499861421,0.0,0.007062078056608327,0.0019110354641027145,1.0,0.0,0.0,0.0,0.004820034166003343,0.0018398588837559408,1,mscan,Probe
0.0043884149597062825,0.0,0.007298260210633983,0.0,0.0,0.0,0.0,0.0,0.021284025182692116,0.0028297929554444655,0.0007930347814551645,0.0,0.0,0.0,0.011902789005546255,0.01491247511748199,0.0,0.01793092072586128,0.015522602067575593,0.43090556715090184,0.4021164439103228,0.0,0.002218337268002067,0.01913311403613402,0.009154427731755739,0.9934641248206522,0.01306642153411802,0.015778568276879918,1.0,0.9656281309877625,0.9636596128581743,0.0,0.011263671818994339,0.018594805872833083,0.01667521724967547,0.0,0.0018893952351472178,0.0,normal,0.01530393970131364,0.0015511072383558417,0.9835488176803439,0.002483791524261599,0.0,0.006126072380864656,0.02034723634795677,0.0,0.0,0.0,0.002635214040504309,0.01829066349126796,0.008952624882749768,0.0,0.0,1.0,0.0,0.0,0.0,0.0,0.015145771223719733,0.004563944825512803,0.011423613995941136,0.0,0.013162130262649837,0.020836926741365645,0.0,0.002246305066813249,0.0,0.007652067945432077,0.0,0.0,0.008027926957286689,0.008497652572194755,0.002239267723674126,0.0,0.00018496131353096495,0.010659024628498248,0.021932397775111873,0.0,0.020625120813893987,0.0,0.012623381860823731,0.014747019086304587,1.5401371810630543e-05,0.009915380201054824,0.0,0.0,0.0,0.01747654670592921,0.022127154152803485,0.0,0.0,0.0,0.0,0.007487816337199161,0.005611575410029715,0.0,0.0,0.0,0.0,0.0,0.0,0.0,0.0,0.0,0.0,0.0,0.005334828083542574,0.00893570554198507,0.0,0.010217515507578148,0.0007492839950740404,0.0,0.0,0.0,0.0,0.0,0.01390113743022048,0.01852807233432965,0.0,1.1258379229838104e-05,1.0,0.0006488112232053932,0,normal,Normal
0.03569547083102803,0.005573451563653827,0.0020609715794603417,0.0,0.009155146205587978,0.0,0.005564638160429878,0.0,0.9993338160323499,0.0,0.002483826817075466,0.020040545015589908,0.020880390579802535,0.003778689874742865,0.014555769162954035,0.0,0.0,0.0,0.009630203682797222,0.06574440461996464,0.050916978107482025,0.19107082146523,0.17866955233041035,0.809310823091174,0.8150581363014621,1.0,0.0,0.020376531251832582,1.0,1.0,0.9997511248606733,0.004736224038064738,0.0009025786426471495,0.0018436328899823573,0.010874123932205257,0.02990783026291023,0.6371058427307945,0.615347507648365,apache2,0.0,1.0,0.00801058865869304,0.023663818072826137,0.0,0.0009244258855437946,0.014244908649455323,0.0020329219958172416,0.0,0.0,0.0,0.0,0.0,0.0,0.00404656910918562,0.003810238063591284,0.015123755130261032,0.0,0.008220825015331097,0.0015162833776939703,0.0,0.010630644525711497,0.0,0.0,0.0005769001866942236,0.0030791730899326474,0.0021343093098035422,1.0,0.01752325473726369,0.0,0.003964273727973528,0.005949613019236865,0.016217422697668002,0.0,0.02048609863869379,0.0,0.012213454883313048,0.0052461594944208005,0.0,0.0,0.0014134989806174282,0.0,0.008118084746782266,0.021253067453357474,0.0,0.0,0.0,0.0,0.00869106376631908,0.0,0.0,0.011799074569827196,0.0,0.005852402829692653,0.0,0.0003767084365682648,0.004147028018353663,0.009001115792794863,0.0039057781044489165,0.00866115034617564,0.007181449648489492,0.00861028144780215,0.0012049454642367953,0.0,0.0036406029869746714,0.011786936080698578,0.0,0.0,0.0030438456718555563,0.005735723874232326,0.0,0.0,0.003965543784004493,0.010241934754796045,0.007180004821790109,0.01319830442195808,0.004385537800873401,1.0,0.0,0.0,0.0,0.0,0.0,0.0,1,apache2,DoS
0.0,0.0,0.0,0.010778121198599945,0.0,0.005417926137646264,0.0,0.0,0.0,0.003242279807524395,0.004387455562533968,0.0,0.005258861999695945,0.0,0.0,0.0,0.007819234030409008,0.011446457277777997,0.0,0.4424582764994258,0.014762291129809868,0.9896198023840566,1.0,0.00725750086176603,0.0,0.008044870991809094,0.062337422168814736,0.0032809684099690695,1.0,0.009189855004959802,0.0,0.06430775289656122,0.006398521873343205,0.0,0.9904215077971157,1.0,0.0,0.0,neptune,0.0,1.0,0.0,0.002807321697688591,0.00038812953376503686,0.0,0.0,0.0,0.012317954297560088,0.0,0.0,0.0,0.0,0.0082624663134823,0.0046589856318668115,0.0,0.006270419324799285,0.016364272707999256,0.008901039333738595,0.0002034325560345411,0.009254172392060197,0.010687184541296964,0.0,4.832018690652902e-05,0.0055844276389882905,0.0,0.021973383478610012,0.0,0.0,0.0026323966427525174,0.004808636101081645,0.0,0.0,0.0,0.0,0.0,0.0,0.012675317551761218,0.004172383977697645,0.0,0.0,0.0,0.0,0.00508167435648742,0.017374630231542638,0.0,0.0,0.013134118953783074,0.01408144715978112,0.0,0.0033934084692514755,0.0,0.9882858697071792,0.0,0.0,0.02145349983528555,0.0,0.006891190286574926,0.0,0.006531735386022625,0.010295670687478824,0.010124369160800213,0.023528030120140837,0.006673359510683837,0.005616170111088622,0.0,0.0011724741137851267,0.0,0.007758203749214085,0.0,0.015186824618592769,0.0,0.0009058301315167719,0.0,0.015916676929701633,0.00984171038168861,0.00035781296815217653,0.0,1.0,0.008928279628185718,0.0012317213393950683,0.0,0.00570152082735728,0.0,1,neptune,DoS
0.0,0.008564057292654456,0.01291284777562541,0.0,0.0,0.008382438331148054,0.007614326454663322,0.20410615002556343,0.0,0.004380393253163196,0.0,0.00862348842505933,0.004965890558123611,0.00980266506744872,0.0002780125902460024,0.016333295927675868,0.0,0.0,0.0058162551500947415,0.0,0.00855497779187467,0.0,0.0,0.0,0.005368562189305202,1.0,0.004037420356745211,0.0,1.0,0.9894845615569707,0.9933232224210384,0.006408948801684602,0.0,0.0,0.028239164024312785,0.01626946254730043,0.0,0.00032226198904950105,guess_passwd,0.0,0.9916747493057455,0.0,0.0,0.0,0.0014773458226769321,0.007670662163219797,0.0,0.0,0.0042256653560748016,0.0005886841813409955,0.008467406505508887,0.005333075977261094,0.0,0.0,0.0,0.0,0.0,0.0,0.0,0.0,0.0,0.0,0.014507266976344586,0.005345723821141622,0.010246888953201968,0.0,0.004548558389089386,0.005501192523983875,0.01721610377770462,0.004577152837788651,0.017771709541582408,0.0,0.0,0.0009980941495442753,0.014597153715761087,0.0,0.0,0.0017058030897996216,0.0,0.0,0.006153823550497353,0.019261609045315244,0.0023679078466643483,0.0,0.007579720437019858,0.0,0.0,0.0,0.017185904435405155,0.0,0.008703937127751332,0.005403230636861604,0.0067596731916283485,0.0,0.012259497933465239,0.0,0.0,0.0,0.0121017118470514,0.0,0.020648239310117195,0.008932500464011181,0.9929569083084059,0.0,0.0,0.0,0.00810283982871404,0.0,0.010084091258626153,0.0,0.0,0.0,0.0,0.006305967258671215,0.0,0.0,0.0,0.0,0.0054258222296057436,0.007792916515910835,0.0,0.9825720512012434,0.0,1,guess_passwd,R2L
0.006754415554070483,0.012376363898614922,0.005900583598295934,0.009072525213691618,0.0036863099929194793,0.0,0.0268882218678173,0.0,0.9907332184915808,0.008053467684235486,0.008638439586483282,0.0,0.011024795605697486,0.0022974533797447704,0.004699170771658224,0.0,0.0,0.0,0.0,0.00013591429463821053,0.00598874576572457,0.004816378387857366,0.0,0.0,0.008771556862809097,1.0,0.0,1.0,0.02859187148630757,0.4129181918159428,0.6658178181345475,0.6787538668348052,0.3141263683892454,0.021529939976782486,0.0,0.012993004828504991,0.0,0.0,normal,0.0,0.9980629776965214,0.0,0.0,0.0,0.0,0.009508125667986225,0.010895984248543007,0.010289133797538062,0.0036786059869935894,0.0,0.008527401409102938,0.0,0.008869636050704987,0.00920382326805133,0.0,0.010929428171604295,0.0,0.0,0.0,0.0,0.014519701352357852,0.0,0.0,0.014055062597061515,0.0004978051591888462,0.0,0.0,0.00490554024512655,0.0033242296297091105,0.0,0.0,0.017193443324632424,0.0,0.017324565585144745,0.0040126207520708845,0.0,0.005523284660358322,5.783866714589712e-05,0.0,0.0,0.0017590050730708362,0.0,0.006506545336082187,0.0014521660378552159,0.0,0.0,0.0002432812129983722,0.009595224007117592,0.0,0.010513534284800405,0.0,0.0,0.0,0.0,0.008462026522045325,0.0037216183141352693,1.0,0.0,0.0,0.004410542293041508,0.0,0.01098276430910375,0.004006920128975441,0.005242775018863204,0.003336655912238371,0.004403811078965665,0.0,0.0,0.0033224606603738543,0.01854247478169989,0.0,0.00018271327076666298,0.014632506173726639,0.0,0.009731960243226815,0.0,0.0,0.008302849824850803,0.0,0.01829292797844948,0.005773037487867196,0.9946430297808174,0.0,0,normal,Normal
0.009121592087101935,0.0,0.0,0.013202433573563899,0.011153014181081175,0.0,0.0,0.0,0.009824710758395623,0.010085546550185913,0.016000834697393905,0.0,0.0058028006362276585,0.0051628699894659,0.009646163509677461,0.0,0.0,0.00043005356563856963,0.0072335744467116716,0.27466151985341886,0.029157870016329707,0.0,0.0018373331472399934,1.0,0.9848759980847379,0.056591642641607334,0.059918942002937695,0.012917664506045827,1.0,0.04303268354541026,0.025707171341171998,0.05833193239533601,0.0,0.016919525830737945,0.0,0.0,0.9948615507770034,1.0,neptune,0.020002718976542624,0.9976922049152828,0.0,0.0,0.0,0.0,0.0,0.0020337047449672896,0.004739138023238193,0.0,0.0021169399050408027,0.0,0.0,0.0,0.03001197883576383,0.022851042352723016,0.0,0.0,0.0,0.0033791827812443935,0.019075343601600098,0.0,0.0,0.0,5.253243467683783e-06,0.0,0.0,0.002406257893986856,0.0,0.0,0.006974886951863083,0.0,0.0,0.004050312093719013,0.008169358602791615,0.013684120002813594,0.010360344186367205,0.005530452730478949,0.013126347309645127,0.0,0.0,0.0,0.0,0.003263123324729964,0.0,0.008855917559979087,0.003363907958252435,0.0,0.009174149881605245,0.0,0.0,0.002169546638316261,1.0,0.0,0.009875512604581404,0.00020570888713226443,0.008345696437403639,0.0029964215130462313,0.014346476382393697,0.0,0.005460352722411973,0.0,0.0,0.0,1.1046019958316714e-05,0.01250283515440111,0.012085719826485776,0.011497353915963276,0.010037790880989035,0.0,0.0,0.0,0.0,0.004854906349545352,1.0,0.0,0.0,0.010227715059591946,0.0,0.0,0.0,0.0,0.0014544500539274063,0.0,1,neptune,DoS
0.0,0.0,0.008710522420854993,0.0,0.0011194219234510032,0.0,0.011889984743535207,0.0,1.0,0.0,0.0,0.004590788632471786,0.020494137327183488,0.0,0.0,0.015574894635480117,0.01861203440842134,0.011835215443205904,0.005833449868443283,0.0,0.011235663390630526,0.00040125785131322144,0.003301723783738245,0.011403343347480475,0.00463443353032954,0.9789259824245641,0.0,0.0,1.0,0.040203502854731704,0.04498003728782603,0.022836276538401125,0.0,0.012288671500173366,0.009257506557773758,0.0,0.013807696877005287,0.0,normal,0.0,0.9963538017036935,0.009023366686002749,0.0,0.0043664294518684,0.0,0.0014529642570667808,0.0,0.0,0.0,0.0,0.0,0.006203869210990143,0.0016281526835052985,0.0,0.0,0.0,0.004810672295579887,0.0,0.006580826908815305,0.014779689341930937,0.0,0.008114502378338492,0.0,0.0,0.013027870758495522,0.0017704031243959135,0.0015225213989061013,0.0005875126010901562,0.0,0.020232290426955086,0.010760315896481593,0.0,0.0,0.0,0.0,0.024153093361712105,0.0,0.0,0.0,0.005464393850129894,0.012396343586728436,0.011856289967753269,0.0,0.0,0.011767142865190048,0.0,0.0072258372535297455,0.009793175000613606,0.0033915490984296076,0.005342154801522253,0.0,0.0,0.010287937658372584,0.0009557631086971289,0.0,0.007341872156422696,0.9881147501735538,0.0,0.0,0.0,0.0,0.00552587260080793,0.02602414780370296,0.0,0.0,0.0,0.004839494773537858,0.00264324269380113,0.0,0.0054238520226848885,0.00203673818371343,0.008066077991711865,0.0,0.0,0.0,0.0,0.0010001215092631814,0.0,0.0008966751443273827,0.0,0.001374521766270351,1.0,0.0,0,normal,Normal
0.01563329252879126,0.02054534868952455,0.008395952220636027,0.0,0.013746520965014403,6.390646826681671e-05,0.0,0.0,0.9991720525724967,0.002976272729679058,0.0,0.0003021018914928137,0.002896873319826118,0.010869135485193873,0.004904422746445875,0.016543676213854146,0.00011672052191018992,0.0020643616360150737,0.012818866357487864,0.008967649187238467,0.018288286050379986,0.021642465622725756,0.003780075718488776,0.39130756402721834,0.3938838699850095,0.9958745830789699,0.0,0.0038679841764861157,0.9821125047084076,0.8944632059349967,0.88712782677098,0.0,0.007494877299215039,0.0,0.0,0.0002741956622598274,0.014336698167036515,0.020752939298930764,back,0.0,0.9989528175251399,0.0,0.0,0.008596235998743986,0.012621666686427186,0.0,0.0113562627194455,0.008788173864598448,0.0016436056985672859,0.0,0.0,0.00737681884242089,0.0,0.0,0.02110244841624088,0.0,0.011454646869464886,0.007599785244228582,0.0,0.008652421719451039,0.022148034940150354,0.014264775864533799,0.007748366313160321,0.005116861144589865,0.0,0.0,0.9923856223031151,0.0073144752769769925,0.0,0.016547824176562496,0.0,0.0,0.0,0.014304382816350181,0.0,0.0,0.012100431556494142,0.0,0.0,0.01325229542727428,0.0,0.0,0.0,0.0,0.00116540042938128,0.0,0.0,0.0,0.0,0.0,0.0,0.012321570551980379,0.0,0.0019138507159374347,0.0,0.007735127595814694,0.0,0.0002765119022156435,0.0007877062418316182,0.0,0.011832794781339568,0.0,0.001669757158416739,0.0,0.013667082621097263,0.0,0.0,0.0,0.010386399014593291,0.0,0.0011388131528627364,0.0,0.01380339565265191,0.0,0.0,0.0018449973262043712,0.011264427738666203,0.0,0.00705555007876697,0.0,0.0,0.9938995593164611,0.0,1,back,DoS
0.0,0.0,0.0,0.0,0.0,0.0,0.005465034134006328,0.0036221591852213094,0.9988500669593421,0.012053064810228614,0.009663799174531399,0.004468989703157469,0.009602492218291682,0.0,0.0,0.0,0.0,0.0,0.007772815799816087,0.010616068463511699,0.0,0.0002171498319070752,0.0,0.33169227023372294,0.0,0.6615648167797398,0.6643537637083144,0.0,1.0,0.22003384110890944,0.2185121895383809,0.1678175131522757,0.025621205964460454,0.01405521844317485,0.019629458137286775,0.0,0.778746396694211,0.0,mailbomb,0.0,1.0,0.02174659902454542,0.0,0.0,0.0022847673961417575,0.006346322310723715,0.0,0.0,0.0010423002817050529,0.010216827228172066,0.014529830648576936,0.005035692150624961,0.012230111721426642,0.0,0.0047470916527987605,0.008243098825292615,0.0032302156445965843,0.0003298027241513213,4.1870548966174247e-05,0.0062636957687152595,0.0,0.024521571993513236,0.0,0.0,0.022386910595506983,0.003110306052984796,0.0,0.01902951593243452,0.008338332037111708,0.0,0.0,0.0025242394304581545,0.0,0.012087218297014351,0.004006527664796308,0.0,0.0,0.0,0.0,0.0,0.010878548270707873,0.0,0.0178184830697102,0.009188813724180591,0.0,0.0,0.01027582102465052,0.0,0.006039049454293348,0.0,0.0010529025058166283,0.0,0.0,0.0,0.005090365004462964,0.0043799786329054595,1.0,0.002305338355901436,0.0016758587331170381,0.0025347617398970303,0.0026308409221663005,0.0,0.014337015624914804,0.008119673049799691,0.0,0.023974863214100015,0.0048119434229021135,0.0,0.015001184250540364,0.0,0.012567406772131742,0.007831211595937968,0.012770675499732835,0.009828156682564666,0.006801587335083851,0.0,0.0,0.0011304640229274731,0.00071672862028164,0.0,0.0,0.9970634623999706,0.0,1,mailbomb,DoS
0.0,0.0055647167091282404,0.0,0.014634604035934288,0.014732842765858614,0.0018083263306135358,0.008848725358746463,0.0,0.0,0.011013439952252594,0.0015377301880724018,0.0,0.0,0.0013578650873011314,0.0,0.0014806047016110778,0.0,0.0,0.0,0.09115997003819815,0.07875416469355671,0.9949812968552426,0.9909751772963072,0.006638496241772693,0.0,0.9968122580096466,0.0,0.005003580007372856,0.9845097529203899,0.9835117236066017,1.0,0.0021072860803929,0.0012278485739888876,0.0,0.22551695705791455,0.22777126566100017,0.7031196416830471,0.7029639013947769,apache2,0.0,0.9852874633695412,0.0,0.013503522346298275,0.0,0.0,0.0,0.0,0.0,0.0,0.0,0.0,0.00411713775900844,0.0,0.007322724461861539,0.0,0.0,0.0,0.0,0.010443933860236147,0.0,0.0,0.005062368921643448,0.0,0.0,0.0,0.0,0.9966763372834524,0.0041374307766466065,0.0,0.00710324548574837,0.0,0.0008636138226595171,0.0,0.0,0.015514478909983856,0.0,0.0,0.005632567929236985,0.0,0.00813641433742251,0.0,0.01890153436478019,0.0004466005545918011,0.0,0.0,0.0,0.004417450652409987,0.0,0.01403782997928008,0.0,0.0016068899336429624,0.0,0.0008001434029410295,0.0,0.01116292923454155,0.002233089789564313,0.0,0.0,0.0,0.0,0.0,0.004502465803351852,0.00692017019308695,0.014667751291637473,0.015649150403814684,0.0,0.004825021223686561,0.0,0.0,0.0,0.0,0.009991460355540067,0.007190939792268805,0.011347011343025808,0.0,0.0023293755758212764,0.005398400313616845,0.9965227778718854,0.0042244987341416,0.0,0.0011649223565963621,0.007476377083532957,0.0,1,apache2,DoS
0.0,0.01037654560921254,0.0,0.009055061845841064,0.0,0.011818445147601673,0.005694707723210765,0.011837261662109686,0.0003466980321412672,0.01140057306050963,0.0,0.0,0.0024965297893611437,0.0,0.010039903357440372,0.0,0.0,0.0018819679737716872,0.001865021693973976,0.3775260689841945,0.3895737865426686,0.0,0.0022196255713974704,0.0,0.014460937405355706,0.9947513949011776,0.0,0.007484175738486399,1.0,1.0,0.9855208790742302,0.0,1.0,0.0,0.005828201251038816,0.0,0.0,0.011036674093326645,smurf,1.0,0.0013652645674173786,0.002915716497323569,0.005229601976627763,0.007934708448040706,0.00869545695202256,0.0,0.0,0.0007957620521616465,0.005720218775955984,0.0,0.0,0.0,0.019695058503011877,0.018317508026970394,0.005847864307635166,0.008947228137494543,0.0,0.9885473088723391,0.004637367933653822,0.0,0.0,0.02447805837942349,0.02841078654841706,0.013565275683771383,0.0003139598477117641,0.0,0.006235594339529457,0.008268079644754203,0.0016773581018766574,0.0018535363602618182,0.0,0.0,0.0,0.0053231827045398155,0.0,0.0,0.0,0.0,0.0,0.0,0.0,0.0,0.0,0.008810441933028329,0.0,0.0,0.0036138025216253702,0.006694177589580169,0.026236114824397246,0.00607227774275992,0.0019025275279844218,0.0,0.0029684606125276475,0.01225997234301183,0.006877310260240648,0.0,0.0,0.00909834462112403,0.012785875014751685,0.0,0.0,0.0,0.0,0.003596092250309834,0.007523790756760845,0.0016101072531948923,0.0038779240442430693,0.0,0.0014570163190706284,0.014741840556723035,0.0,0.01265577171918786,0.0,0.0,0.0,0.0,0.02228080648850315,0.0,0.0,0.009050264275765075,0.010620888874147826,0.9997777453610814,0.022618894465351497,1,smurf,DoS
0.0,0.0006408212864766694,0.013806087216553463,0.005173520138004858,0.0,0.004334985964438305,0.018848313887721853,0.016438620651892995,0.004651590062191117,0.018098681575530393,0.0,0.0,0.0,0.010452153898409892,0.0,0.005721434295970294,0.0,0.0,0.003519490831814457,0.25398400635035795,0.0,0.7891072006581854,0.9875530612337473,0.20001349087452958,0.0,0.11193403214662773,0.06317082927595764,0.0,0.9973948886638305,0.043235596715962624,0.0519502304370855,0.05422714941849284,0.0,0.0,0.7236791876437978,1.0,0.27815909002867534,0.014680029654291903,neptune,0.0,0.9984645357359399,0.010047715813220589,0.005777066422019234,0.0056570581407555665,0.00968558591210047,0.0015480190098494002,0.0026779473443098866,0.004841902300623714,0.0,0.005248632616335875,0.0014497131881387897,0.0,0.008060148880799266,0.006516660434991299,0.0,0.004994149923651755,0.0,0.0,0.0,0.0035378604761241257,0.009131994055921532,0.0020476121814228675,0.005388311439058083,0.0008846412363425622,0.0,0.0,0.007451307338217748,0.012372872279956561,0.9959520744385274,0.0,0.0,0.0,0.005855830516714248,0.009806971622980361,0.008829455330067607,0.004244049779719854,0.0,0.0,0.0,0.015670772950924054,0.007981174448830364,0.0,0.0,0.008426934173539074,0.004475028521479453,0.0,0.0,0.0,0.0,0.003171615038455814,0.01354302279351473,0.011998063676217903,0.0005143841158619035,0.0,0.011252832050323116,0.006459975720686929,0.029144090228690644,0.0,0.0,0.005447839376554533,0.006451485323578559,0.0,0.003619357836572911,0.0054833598375335895,0.002595441456493173,0.0009977558661115572,0.0,0.0,0.008496187437087825,0.0,0.002910125695154414,0.0033744355020524316,0.006407154978465389,0.00549775149122537,0.0,0.0,0.0,0.9893244776442669,0.0004902158346440796,0.0,0.004296188986822012,0.0,0.008974995348254286,1,neptune,DoS
0.0,0.0,0.00686468761699812,0.0,0.0,0.0,0.004461515603919259,0.008029125055783688,0.0,0.0,0.0036846582124220174,0.0,0.0,0.0009434314969058622,0.00827932107444673,0.0,0.008653710697669023,0.0023109972902863765,0.0,0.004096178142942963,0.0,0.0,0.0,0.0,0.0,0.9953447452408859,0.0,1.0,0.006148064195542481,0.0,0.9971842133927321,0.001087223848742012,0.9992975350313497,0.0,0.0,0.0,0.0,0.0,warezmaster,0.0,0.9916237067293647,0.0,0.0031788416534492504,0.016767656526806105,0.0,0.0,0.0,0.009217312220679612,0.0,0.0,0.0034032765331127785,0.011022989175303942,0.0,0.0,0.0007455768905165086,0.0,0.0037607101077029915,0.0,0.0,0.0,0.002269011996689903,0.0,0.9932632302571945,0.004829922131720754,0.01744610088456623,0.0,0.0,0.0,0.0,0.007025201964765941,0.0,0.0,0.0026677705158786452,0.0067250281529318305,0.016332820900619237,0.015165750785976952,0.0,2.5511612572351917e-05,0.008450470929322319,0.0,0.014768496259977937,0.0,0.0,0.0,0.0042573081287905845,0.0,0.008539345725064425,0.0,0.002403952628584215,0.013908218862582372,0.02087258409058587,0.020517893662759072,0.0,0.0,0.0,0.002166643696071238,0.0,0.0,0.016216828511391876,0.0,0.002753326860956853,0.011365511498472822,0.013379568659710692,0.0,0.008663984207138134,0.0005328095409921157,0.0,0.0,0.004618515827667902,0.0,0.0,0.004182301288742177,0.0,0.014595656318724391,0.0076360150859921955,0.004652264763129203,0.0028031977640894656,0.0,0.003998339783351082,0.0,0.0,1.0,0.0,1,warezmaster,R2L
0.0038690453695962735,0.011797454526748873,0.00042557584241748053,0.0,0.0,0.0,0.0,0.011201932091964843,0.0,0.0,0.0045759820840625,0.005229421255525411,0.005295227660935931,0.0,0.0,0.0,0.0,0.00166870930929845,0.003309526459095278,0.01112935131951614,0.008213479538088042,0.0,0.014197957530178176,0.0,0.0,1.0,0.0,0.007769287513107144,0.0,0.07454465401749062,0.999786474886972,0.004353051228916866,1.0,0.9955420113158053,0.01187923239366383,0.007445395259255503,0.0,0.0,ipsweep,1.0,0.0,0.0,0.0075084319876562566,0.009974278369398126,0.0,0.005548603273406255,0.0,0.0,0.017761136766728927,0.006201731857456025,0.0,0.01268879896026376,0.0009825038748045001,0.0,0.0,0.00401355729826113,1.0,0.00036300205643369763,0.004918785851238378,0.013100794162204214,0.019038198355385005,0.0,0.0,0.0,0.0,0.004206659721189469,0.014498390691730232,0.0,0.0,0.0,0.0018622454199083733,0.0,0.0,0.0,0.0,0.011426707194020825,0.01846342018856282,0.004550938682010887,0.0039012874775449197,0.0,0.0,0.0,0.015461636616724037,0.016660354802533976,0.0,0.01702413501562485,0.013069445856842051,0.003076530087784218,0.012989722461977573,0.0,0.0,0.004157458941285188,0.0,0.0,0.0003569842821014824,0.0,0.0006177453636005134,0.0,0.014214403759331227,0.0,0.006233157916030605,0.00521828323019306,0.0009717264933832173,0.0,0.0,0.01015481380862998,0.0,0.0,0.009734711170714588,0.0,0.0,0.0,0.0,0.0,0.008459272785250245,0.0,0.0,0.0,0.010555030047374687,0.0009393360855265406,0.0024902691252301533,1.0,0.0,1,ipsweep,Probe
0.0,0.02038730746160262,0.002736834135388529,0.0,0.0008024759018197389,0.0,0.0,0.0,0.0,0.005451922679652299,0.0,0.0,0.012584540963550992,0.015941097288671612,0.0,0.013968152801525047,0.004351489355514586,0.0031269870473541552,0.0,0.0,0.017009341144063578,0.0,0.0,0.0025471274869700374,0.009720100581690145,1.0,0.0063422301148563995,0.9934375807703003,0.3452935204859951,0.03394147550563776,0.0731358672103253,0.06596528658803023,0.07695819465809622,0.0033567678222068804,0.00596841580174351,0.0,0.005324974988768668,0.00873335289641534,normal,0.0,0.019502927118138964,0.9992754247747947,0.011534209869363552,0.008417440937367788,0.004993594666117707,0.008419972520054964,0.012296646269617541,0.0025451578484582435,0.0,0.0,0.0019152622410087883,0.0011806404391505852,0.0,0.004615904543528514,0.996291585556839,0.00915120586264237,0.0,0.0,0.0,0.0,0.0,0.00018120138704306944,0.012603984374433443,0.0,0.0,0.004946393418913863,0.0,0.0,0.0,0.0,0.010934315139665479,0.01180446399121904,0.009863115059439478,0.008043749438320641,0.0,0.0,0.0018871519958010288,0.005739274469185024,0.0,0.004730609041828675,0.001022609169306544,0.0,0.0,0.0,0.017628147016126236,0.0,0.01653006781163221,0.009957626760449298,0.0,0.0,0.01972899509495753,0.0,0.0,0.0,0.0,0.011097019728072675,0.009720813600972563,0.005228094819664863,0.0,0.0032257168430655666,0.0,0.00031356877702507933,0.02085855441098916,0.0,0.0,0.0,0.0,0.0,0.0,0.0,0.0,0.0,0.002405644677960393,0.0020821874036407416,0.00016546599777423523,0.002585746697784353,0.006443106845037937,0.003598222457232267,0.01575435197763508,0.0,0.02169089578311881,1.0,0.0,0,normal,Normal
0.0,0.0,0.009636044086004547,0.0,0.0,0.007525567429395804,0.0,0.011231240869977795,0.0,0.00955554856106038,0.001623708441892591,0.0,0.0059156253319541585,0.0009771362240149565,0.0,0.0,0.0,0.0,0.009974475137823553,1.0,0.9990212566223302,0.001269517497722825,0.00951788594079902,0.006443473683388831,0.0012983753199660403,0.9913170646973611,0.0030718596759056753,0.0,1.0,0.7467668288522739,0.7464674441874454,0.0073926078362517526,0.7469417068627626,0.0,0.01118919050645769,0.00619026993581934,0.016012883314740326,0.015093199852039545,smurf,0.9892832759728875,0.01017972920383833,0.0018519499786697564,0.0,0.0,0.0,0.0,0.0,0.014919152907324774,0.0006109174677653148,0.0,0.0,0.0016151674588555634,0.0,0.004561460794294951,0.0,0.011268865290808566,0.0,1.0,0.0,0.0,0.0,0.02538360368712144,0.002185431221413697,0.00866537245692456,0.0,0.0,0.007481076549548371,0.016740415614292185,0.0,0.0013093209651463174,0.0,0.008716669577264018,0.02264924721898462,0.0,0.0,0.0,0.013740546003752832,0.0,0.0,0.00531912827582586,0.0019646580609462973,0.0,0.0,0.007089905248144739,0.010250046003659648,0.0,0.005700501615812659,0.0,0.005960223571765172,0.0,0.0,0.0,0.0,0.002904873366955184,0.0,0.0039601806034045,0.0,0.0,0.0,0.014635542956690107,0.008287249584673272,0.0,0.0,0.0,0.0,0.0035615280129665107,0.008033640692398918,0.0,0.0,0.0,0.0,0.0023226551565804854,0.011195140599239086,0.0,0.012422567933573951,0.007231248074476528,0.0027326652245500955,0.008013843653804585,0.0,0.013957638753595578,0.004231186759434019,1.0,0.00856395427012359,1,smurf,DoS
0.0018166472878729451,0.010599773690494875,0.0,0.0020683766709125462,0.0,0.005343825436684711,0.00369312130977797,0.0009974182734349326,0.9958735213112466,0.012554241424062178,0.01398850729023956,0.0,0.0,0.019355062981107007,0.0,0.0,0.002688610694292692,0.010066249392832405,0.0,0.012235631452927831,0.006019650786073674,0.0,0.00808382682004614,0.004935531704411094,0.00022038462353755203,0.9966641260790899,0.0,0.0,0.5643517209419073,0.9965806362173174,1.0,0.0,0.01646042300837336,0.017482335067627308,0.007238812239217831,0.0,0.01095705762201106,0.0,normal,0.0,0.9859469943589854,0.0,0.0,0.014925412053947935,0.007334158150750355,0.0,0.010168465438244739,0.01072696879142338,0.0,0.020952467122799065,0.0,0.0,0.0,0.010461945782769155,0.0003250923387882472,0.0,0.016616176690511325,0.0,0.0,0.0019163514632413246,0.0,0.0,0.00046015373598973144,0.0,0.004653674462648213,0.0,1.0,0.0,0.014635370842085611,0.0011694788765753204,0.0010391378538411424,0.0,0.005542609873802376,0.0,0.0,0.008078317240928518,0.002355431696068478,0.0,0.006426809903990892,0.011508476474978513,0.0,0.0,0.0007798893954953041,0.00963725588570842,0.0,0.008928990363887609,0.003164096642363592,0.0,0.0,0.0,0.018045628202619745,0.0,0.015512327000374991,0.008446242449397876,0.02421676195236152,0.007038283664893432,0.0,0.0,0.0,0.0,0.010749717556148022,0.0,0.007418184841452873,0.0,0.0,0.0,0.008977119970085615,0.0,0.006829291204503853,0.004554806095469224,0.0,0.0,0.0,0.011875556638643807,0.0,0.0,0.001301769743517239,0.00010033650551572335,0.0,0.006870669605467299,0.009569166531931968,1.0,0.0,0,normal,Normal
0.0,0.0,0.0,0.0,0.013978559422951335,0.0,0.0,0.006286886469115282,0.010362365411829076,0.0036381449064875784,0.002400030285684524,0.0,0.0,0.0029707287668550037,0.0,0.0,0.0,0.0,0.0,0.4656722946944201,0.005413974242850438,0.015348822527739262,0.006433965930448438,1.0,0.991320106896742,0.004799756588643305,0.06409728797369842,0.011337708812568808,1.0,0.028929730170775884,0.013796826494514228,0.07251748350254633,0.012003519252859583,0.0,0.0,0.0,1.0,0.9837790418900253,neptune,0.000720648842714414,0.9875645588206713,0.010565098976929008,0.0,0.012535253670579446,0.0,0.015354560495394898,0.0,0.0,0.0,0.022206316749346314,0.0,0.0,0.0,0.012227756732983406,0.01620100022194272,0.0,0.0,0.007514627812608415,0.0,0.0,0.0,0.007893973694451537,0.0,0.0,0.00045428605322356047,0.0,0.0,0.0,0.0,0.015172173299753938,0.004629165721079828,0.01078646568214928,0.0,0.0,0.004685037858535503,0.0,0.005417442474439965,0.020882653610481867,0.0,0.0,0.016681575480768828,0.0,0.0,0.0,0.0028916872962508815,0.0,0.018746528690006054,0.014784881318626646,0.0,0.0027658157648642605,0.002743004352831648,0.9996257318049736,0.0,0.007930752676254775,0.006635709770771833,0.009534839685490838,0.006598358903508445,0.0053266646084975675,0.02488272543367531,0.0010347400132699398,0.011311169874423108,0.012664175965453248,0.017130550279996257,0.008191592852959543,0.0,0.0,0.003747213520640125,0.018111394441566255,0.0,0.009535435809585652,0.0,0.009509896749174749,0.010704820098991808,1.0,0.002318090178667254,0.0,0.0023915123978093585,0.0,0.013965824328977005,0.0,0.01452584396351933,0.002256308057550964,0.006525957356348664,1,neptune,DoS
0.016442819908954104,0.0,0.0,0.0,0.0,0.0,0.015044587718708516,0.007217999512680781,0.9904929365936299,0.0,0.022560206683873433,0.011985245345185046,0.0,0.0,0.0022163576609754245,0.0,0.0010457295880862826,0.004126179262857712,0.014047988084119669,0.04113539404910536,0.048156783823908075,0.0,0.01894731654130391,0.0,0.018489558280435067,0.997781676517446,0.02227842200244948,0.08816986199818347,1.0,0.9988107402944669,1.0,0.0,0.00475179066676285,0.0,0.007258543388039673,0.005809228797674635,0.0,0.0,normal,0.0,1.0,0.001230174493366995,0.010772555651676287,0.0,0.011670560696833698,0.0,0.01522234820350801,0.0,0.0,0.008114058841681895,0.0,0.0,0.006211458416589958,0.0,0.002089507799313303,0.0,0.005484442298315682,0.004105211822109266,0.0,5.922231204729889e-05,0.012818783890470285,0.013638235153580454,0.0,0.0,0.0,0.0,1.0,0.0,0.018249295695075662,0.0,0.003174379245158834,0.0,0.0009494197179208759,0.0,0.0,0.0006330293271900288,0.0,0.0,0.0,0.0,0.0,0.008622283446162355,0.0,0.007849437857000218,0.01001306456086176,0.0006173388939165115,0.0,0.0050570695093836646,0.0,0.0,0.007545775546368094,0.0,0.0,0.004770365942326062,0.0,0.0,0.017066963277541338,0.005667942069373016,0.0,0.0012997424553904055,0.0,0.015659218800248884,0.0,0.009491421536526023,0.010843081238682375,0.0010130094868632798,0.0,0.01015000224800869,0.0016865859004966102,0.0,0.009678707849781656,0.0,0.0,0.0,0.0,0.0,0.006752239347109731,0.011549756626694017,0.020975146055416578,0.0,0.0,1.0,0.0,0,normal,Normal
0.0038500645081767384,0.0,0.019617837313171734,0.008720131855319266,0.0,0.0,0.006749980024219601,0.007382888532503227,0.015688567245198314,0.0,0.009999466377464402,0.00393657414456476,0.0,0.025140957805290427,0.0010778662306779826,0.00432197341330193,0.0,0.004408082375523749,0.017229927418492687,0.4919322390967004,0.010259944646840758,0.999796702970298,1.0,0.013748341534336078,0.0,0.0025275720320379652,0.07102502832699713,0.0,0.9967865654429583,0.001526396270054743,0.0022518951691443754,0.08321832188735927,0.015069189558551004,0.0013101295718695517,1.0,1.0,0.0,0.0,neptune,0.00929821421466168,0.994030414148443,0.007199562064089039,0.0,0.0,0.0,7.474447713970583e-05,0.004548564248250976,0.0,0.0,0.0,0.0,0.006310395839509465,0.0029271482793991705,0.0,0.004575258719505536,0.0,0.0,0.0,0.0018788272019100226,0.0,0.015733285848344106,0.0,0.0,0.006226523634502989,0.0,0.007303277278267444,0.009340851941214043,0.0,0.0020290922785923056,0.0,0.015530116655330764,0.0,0.0,0.0,0.005695484150292247,0.0,0.0,0.0,0.0,0.0,0.0,0.0020876838203630417,0.0,0.0005717809616811074,0.0,0.0030529610520702373,0.0,0.0,0.009961252229947407,0.00042214935021778156,0.0,0.024448671790487375,0.0,0.0,0.0,0.0,0.0,0.0,0.0,0.0,1.0,0.01194217928250533,0.005769014178885193,0.0,0.010055615264143326,0.007828769378920596,0.0,0.005800047330080017,0.0,0.0,0.00753504132154241,0.0,0.014112014102522202,0.0,0.005915778024880987,0.01688743997930223,0.006522011018908699,0.9953683253949682,0.008988321137637147,0.0,0.006440421739232844,0.0010853122274255681,0.0026116841966743747,1,neptune,DoS
0.010386851103147772,0.0,0.0,0.011180062695937184,0.0,0.0020746423598098076,0.0,0.1995860611555105,0.0,0.0,0.0,0.023262447368824737,0.0,0.0,0.010502045585679963,0.004412814224564198,0.0,0.0,0.0,0.0014037225699201766,0.008479761123992728,0.0,0.0,0.0,0.0,1.0,0.00232651968251524,0.005228634752654029,0.9899744750047652,0.9653484415928237,0.9672526356309219,0.008619452100541733,0.0,0.0,0.0,0.01637464734343778,0.02473329238003308,0.020545960698559768,guess_passwd,0.004788565519160512,0.9994475961511247,0.0,0.015982562343438478,0.004308383741265645,0.0070604463584407785,0.0,0.0,0.0,0.010808009620559483,0.022496723130568132,0.0002796591796042682,0.0,0.0,0.008886972718663136,0.0,0.0013325743302653123,0.0,0.0,0.019527211195903813,0.00986664814340624,0.0,0.009695019352247682,0.0,0.0,0.0,0.0,0.000384931987279493,0.002676403276812013,0.0,0.002926515631686503,0.006177042802155371,0.00853547414840764,0.012261213106524418,0.008601575562330042,0.0,0.015009776516438776,0.0,0.014567630733794868,0.0,0.009053341124798912,0.017594164331224706,0.0021234940349237246,0.01233646503991645,0.0,0.0,0.0,0.013228472993240464,0.00744772700617574,0.0010209183292993252,0.006969356671302534,0.013255035450472184,0.0,0.0,0.0,0.0,0.0,0.002821434471113297,0.0,0.0,0.0006918168826019728,0.015226123074815705,0.0,0.9842734687881155,0.0,0.012170654955262062,0.013824800989607986,0.010970736648669264,0.0,0.0036388548602431492,0.0036873167944029514,0.007091063581522283,0.0,0.0,0.011143161610815584,0.0,0.002234549153176497,0.0,0.0,0.0034894409780848214,1.973733964287304e-05,0.013267781489651112,0.9962723608360733,0.0,1,guess_passwd,R2L
0.0,0.010556542754097707,0.020439281236155273,0.006479861420263431,0.0027320784856076723,0.004976804597192245,0.02466859185010309,0.0,1.0,0.004519333336635748,0.0,0.02391319516494536,0.0065346411997418506,0.02509300769309444,0.0067618029271340075,0.0,0.00784785897021904,0.01093236767335289,0.009821219886519315,0.004655632335439667,0.0,0.0,0.0,0.006232938971910772,0.000584103182768488,0.9960893627318463,0.0,0.32461661224777855,0.007428869873396543,0.9972921908601321,0.9918203177271021,0.008382493083904036,0.5166607337970033,0.03463653524561837,0.0059232364736366006,0.0,0.0,0.0,normal,0.006220558541570169,1.0,0.007599030408101443,0.0021151956151413825,0.0,0.0028608547554213122,0.0,0.0,0.0,0.0,0.01868193271968226,0.0005147391913706577,0.006403856485753552,0.0037418792421894565,0.0,0.006579296467895412,0.004471380000633808,0.0,0.0,0.017520451324385032,0.007694374159998624,0.014147086904952427,0.012986796936452188,0.0065194822240338905,0.0013919421431391472,0.007909497241965033,0.006898074773849416,1.0,0.023639411927384384,0.0018190232664735278,0.0,0.0,0.0,0.008093876556852985,0.0,0.0,0.0,0.0,0.0,0.0,0.0,0.0,0.002669202147982389,0.006589206090301824,0.0,0.016909405215475258,0.003774743110944705,0.013936272994146627,0.012482242555270051,0.0,0.0,0.0,0.017555928483094594,0.012853156303638551,0.0,0.0,0.0,0.01926584130829017,0.0,0.0025652386884651448,0.0007060809546666481,0.0,0.005691721954107719,0.011862894823168693,0.0,0.0017931180234272317,0.0,0.0,0.0,0.0024063956182752326,0.01632294245148993,0.0049371858392260265,0.009123124827388715,0.0,0.0,0.0043743606300470144,0.017150425658925085,0.0,0.0,0.002201437571484404,0.005674415472644205,0.00032833366313237696,1.0,0.002453705977570156,0,normal,Normal
0.0009141198380542756,0.0022626643312952974,0.0,0.011516373134530848,0.0009573009484758935,0.013154928897633651,0.0,0.0,0.0003554421560470061,0.004622064627858772,0.01384098859520922,0.0,0.0030320726060013813,0.0,0.006364507279356185,0.0,0.0,0.0020556830565688676,0.0026417291497625923,0.0008423607217064215,0.019215522169198463,0.01138330636263538,0.11332448119899209,0.9938107345807059,0.38387019438775266,1.0,0.01112736482567968,0.7528575121352618,0.7459841980070296,0.518700957514399,0.5066985751849558,0.021378686860300047,0.008858554198094481,0.02437754021621913,0.0,0.0,0.858296337648526,0.5927235579789091,mscan,0.0,1.0,0.010714027355113776,0.0,0.0,0.012805964675160271,0.0,0.0,0.0,0.0,0.0,0.0,0.004720515847890342,0.003775786595696622,0.0012055580299933735,0.0,0.010270870879120795,0.0036542208262719295,0.0030554003372727503,0.003973609293019746,0.017712806929753105,0.0010734942677057718,0.0,0.0016617055322479411,0.019329770777087748,0.016598799272380754,0.008710738805112767,0.0079785187013332,0.0014866307036162324,0.02135122126965797,0.0,0.0,0.01983282759545155,0.0012164397330080403,0.007530191075153255,0.0003222420943754446,0.006801225797398208,0.0,0.009316689520634958,0.0,0.0009085242175625179,0.00045945160034258976,0.0,0.004897899769004655,0.0,0.008217830929422954,0.0,0.0,0.0,0.0,0.0,0.006966721565924573,0.00816927096182495,0.0,0.016171185272904433,0.005816067775859497,0.0,0.0010014430577162696,0.006997528007794177,0.006242807906445316,0.005049413856288415,0.00989270715123861,0.015375333067333715,1.0,0.0,0.004374699927832545,0.0,0.008762527646562943,0.005735933463978627,0.00035907716816918785,0.0,0.017428844403745845,0.0022218327830486138,0.0,0.0019144567717945136,1.0,0.0,0.0031831396991220014,0.0058858596458390665,0.005145743169433677,0.0,0.0,0.0,0.0032668845345219227,1,mscan,Probe
0.0,0.0,0.0,0.0,0.0,0.0,0.0022388234122605664,0.0,0.011218119185121734,0.0,0.010329966450509428,0.0,0.0,0.007332059143846784,0.017399106394293495,0.013586682650173019,0.01581046272829879,0.011167461187100037,0.00029692476458855887,0.015508669611682842,0.0,0.0057988563250831815,0.0,0.0022536126580047443,0.00550727616062631,0.4823682566365863,1.0,0.005662022972422006,0.2554033028838478,0.0546932478087436,0.14910125175064184,0.09569187515079632,0.15742388356925904,0.002389042673518048,0.0008817310188095618,0.012750614303052974,0.04240695937298396,0.011458601679622904,normal,0.0,0.0,0.9922333293256036,0.0,0.002834087169190431,0.0,0.0,0.0,0.0008285628251058512,0.0003971289898013295,0.009358424685722795,0.0,0.006930129438705367,0.0,0.022846876436921612,1.0,0.013724548458928551,0.0,0.014873596166179127,0.0,0.0,0.0062919717947715805,0.005442536093085535,0.0,0.01582898011544576,0.0,0.01959539788964355,0.010163691453725332,0.0,0.008104658375225093,0.0,0.0,0.0,0.006294604483405995,0.0,0.0,0.0,0.0,0.019431178791914284,0.0,0.0,0.004395044529315026,0.0,0.010565469530297373,0.0,0.0,0.0,0.0,0.003161929105100317,0.002215956887191509,0.013138571528973238,0.0006181840377971063,0.01726267833439664,0.004433316453442876,0.010734516850944217,0.003605183398464121,0.006444788795908107,0.0,0.0,0.0,0.014425747575055435,0.0,0.016268270074658208,0.0,0.0,0.0,0.0,0.0,0.0007080674963126294,0.00311548492959512,0.0,0.006981731232334594,0.014669853442228578,0.013081364395329672,0.011258891337574966,0.0,0.028239096535024547,0.003038187188375108,0.0076429777477021055,0.0,0.0032338894860124623,0.010092068923272302,0.9997350043650569,0.0,0,normal,Normal
0.01447092485743101,0.0,0.016299293707726613,0.0,0.0,0.0037670366709340614,0.0,0.01358194230702531,0.9942003011806898,0.0,0.006327141700660136,0.0,0.0,0.0,0.006743588370229325,0.005872675332586481,0.0,0.0,0.00394394344518585,0.08400576928913539,0.10544886247526905,0.008512860074758337,0.0,0.0,0.0,0.9813405987684317,0.0059010965001052365,0.1266595342289029,0.990300362288938,1.0,0.9945007613725183,0.0005941161140023935,0.01573433051661318,0.0,0.0,0.02034054663997064,0.017546108888999264,0.00722246952869991,normal,0.0,1.0,0.007579762344864205,0.0,0.0,0.0,0.0,0.0,0.017202632016028313,0.007173925894159129,0.002980835512754258,0.003299059064817842,0.0,0.0,0.0,0.0031944816038771695,0.007814354182076865,0.0,0.004242284167400488,0.0,0.0,0.0,0.0,0.0,0.011891501502728637,0.0,0.0,1.0,0.0065041565845291695,0.00993515427726856,0.0010346027133051306,0.01866389053129333,0.0,0.0008084154573756142,0.0,0.0,0.0,0.010322158357710729,0.0,0.0015663507912300446,0.0,0.0,0.0,0.010089788576875623,0.02886249910722671,0.0,0.02057310552053778,0.0,0.0,0.01469562972783935,0.0,0.0,0.0,0.0015920268839280758,0.0,0.0011373959876444949,0.0,0.0,0.0,0.0,0.012556209307369212,0.005154194990941472,0.003955589817465997,0.0,0.0039369979054385855,0.0012853049394371868,0.0037623672062113934,0.0027154738209586794,0.0,0.0,0.013759224590299225,0.004886524738045096,0.0,0.011279131965542042,0.0,0.0,0.0,0.010268200773579284,0.0143824325395773,0.0,0.0,0.0,0.9981452265157671,0.0,0,normal,Normal
0.0065669180095481,0.013262928258609896,0.0,0.015206769586912963,0.007441302836358651,0.004625059454303625,0.0,0.0,0.004994252964168875,0.0029195063771656317,0.0,0.0068734208401417685,0.0,0.0,0.0,0.0,0.0,0.0,0.018963040161760873,0.4734837802581795,0.02631436524794043,0.0,0.01887128430921953,0.9743228878964465,1.0,0.048069224018639355,0.06796605016570874,0.0,0.9967649441050106,0.047078321168722397,0.045817847418190075,0.06035210920793631,0.017599007379544975,0.0,0.03883698142178599,0.0073178169403243865,0.9810010008066595,1.0,neptune,0.0,0.9993292771186006,0.0,0.00023396406078082254,0.0,0.01295444934575176,0.0013330568185143405,0.01067668599518189,0.0,0.0018754695371691165,0.0,0.016086703779920865,0.001922693916283579,0.007100578430084913,0.0037936140271216255,0.011295743813531177,0.0,0.0,0.0,0.02377529900429396,0.0,0.0041880606560517975,0.0018859280255433442,0.0,0.002010758452340755,0.0,0.0,0.0,0.010606283137092757,0.010043790456054622,0.0,0.0070854849858599045,0.0,0.0,0.003071701135697761,0.015965291516055226,0.0,0.00907068421596191,0.013955050962540488,0.009995620216252651,0.0,0.02215752502787095,0.012342621894089705,0.006945105078737163,0.018308782708909063,0.0,0.00827732023343842,0.00976347460987567,0.0022748683220101275,0.0,0.0,0.0,0.9921480286835904,0.0,0.019697305776537766,0.0,0.010216445691595171,0.006337985478178636,0.0,0.0,0.00493970072192262,0.009532400092218236,0.0,0.006397481195825769,0.0,0.0,0.0,0.0006315388664753013,0.0,0.008910013911099303,0.0005368953681802673,0.0,0.011726276853478618,0.005345184055108127,0.9941943889254194,0.008187500276213368,0.0,0.001826763359777186,0.005443902456474751,0.0,0.0004581057733723322,0.010406549625241726,0.0,0.010006339243843488,1,neptune,DoS
0.0,0.006242825325485128,0.005006078919850437,0.00502052294837025,0.0013376443132139101,0.0,0.0,0.00187449755993801,1.0,0.0,0.0,0.0,0.0,0.0,0.0,0.015919506551595398,0.00020606550031892695,0.004988469200500371,0.004040975749147913,0.003696821469231202,0.008198029487855512,0.006614247488702531,0.0,0.0,0.01821461819725756,1.0,0.025667398010770674,0.0009458879641849633,0.9940934900608094,1.0,0.9973713256144462,0.0033087952263543734,0.0,0.005404502207854051,0.0,0.0,0.0,1.567083033530799e-05,normal,0.003137600980177808,1.0,0.0,0.0,0.026696702724006732,0.0,0.0,0.015930638922488246,0.0,0.0,0.0,0.0,0.014471548270829599,0.0,0.0024362883390485813,0.01106521593132503,0.0,0.0,0.000597598283948349,0.00038118506017825884,0.0,0.0,0.0,0.012073034250084307,0.0,0.0,0.0,0.971964392285022,0.0,0.0058345348028918135,0.0014654675175674197,0.0,0.0,0.0,0.0,0.0,0.019014080221148043,0.0,0.009642151797973232,0.0,0.01374596810227958,0.0,0.019537402334984594,0.0,0.01746669887429217,0.0,0.0,0.0,0.0,0.0,0.00038172816750236356,0.0016543567123986978,0.0,0.0,0.0,0.0,0.0005936329809316472,0.0,0.0013932102858953833,0.0,0.0,0.0045644748648244185,0.0,0.0007177258919075699,0.0,0.0068249592206817925,0.0,0.0,0.0,0.008664606428849,0.0026555319219613684,0.0,0.0014395948566296544,0.0,0.0,0.02696062323259777,0.016705414274060196,0.0,0.0,0.001278598820844271,0.0,0.0,1.0,0.0,0,normal,Normal
0.0030567964364375077,0.005969914641633459,0.0,0.006765814270456066,0.012516966378944807,0.0028431881791889315,0.0,0.0,1.0,0.002554520304028795,0.006797514276002804,0.008539078562203307,0.0,0.0,0.006069487979438114,0.0,0.002971747246207901,0.0,0.0,0.0,0.03670973094054307,0.0004909881392819636,0.0048120954478361126,0.0,0.0,1.0,0.0007245822137155552,0.11266594699652611,0.8752995029063443,0.8874167560771091,0.9962624986516778,0.0,0.0,0.0,0.0,0.005590858114314272,0.023071493972493824,0.027670815738850257,apache2,0.0,1.0,0.0009708678072617066,0.0012953597171905524,0.00920842902392126,0.007111383627019182,0.0106696360620999,0.0,0.0,0.0020241721856275353,0.007047031653023964,0.005198297593404414,0.0,0.005270578831950577,0.0,0.0020628425252315254,0.0006455374375843308,0.0,0.007472938262149576,0.012553461415967963,0.0,0.005385957407461394,0.011616805228546826,0.0,0.0006981944573029574,0.010136068461015271,0.017012407747312497,0.9882398499938685,0.003398429421025962,0.0015865011338793778,0.004117542639398702,0.0,0.0,0.0,0.0031862218803999365,0.0,0.0007100857147219886,0.0029518162932611032,0.0,0.015815421490438245,0.016421015394571498,0.0,0.010755672673458934,0.0033612177231499662,0.0,0.0,0.009412846490745072,0.0,0.0007859670187197892,0.0,0.0,0.00999173485806013,0.0,0.022774875184806566,0.013484248046299328,0.0,0.0,0.0,0.0,0.0,0.006432327359111404,0.0,0.0,0.0,0.0,0.0,0.0,0.0,0.00667275255464879,0.003589995837102983,0.0,0.0,0.010872455232974617,0.010229236182376653,0.0,0.0,0.005507501830474095,0.0,0.017681366181677732,0.003172470002686294,0.0,0.0,0.9875369833251886,0.022252801415696938,1,apache2,DoS
0.0,0.008621704072660328,0.0,0.0,0.00031434401784813203,0.0,0.0019143019564447149,0.0,0.010214574803675158,0.012081823872203945,0.0,0.0032024067676953865,0.010282685702666572,0.0008899016170683091,0.0,0.0,0.0,0.004031812588279463,0.0,0.5250188605941554,0.03620173796853433,0.0032415561030240876,0.0,1.0,0.9946521749363438,0.07175873294609492,0.06473555830351313,0.008320519502909962,0.9884537008889112,0.06649739861154982,0.0962116866303522,0.06018998418733795,0.005512435139412662,0.0,0.005093978912401278,0.0,0.9873727026094272,0.9839070706192821,neptune,0.010241193340897096,1.0,0.003938436778673752,0.0,0.0,0.0,0.00016078332389235888,0.017923369508925004,0.0,0.021191213391634482,0.0,0.0015695663813588636,0.0,0.0,0.0,0.0,0.001054319216609323,0.004501519236826969,0.0,0.0033507056216541334,0.0,0.004303494476856568,0.0,0.009502453626029682,0.0,0.0,0.002382609748552813,0.0,0.014465149903525418,0.0,0.0,0.0,0.0036431085965795158,0.0,0.0,0.006782438507520186,0.009896531044023141,0.0,0.0165967500374099,0.0,0.010034691654752778,0.0067664835170808,0.006411409210081106,0.0,0.0,0.0,0.004934359223934016,0.0,0.006254244521439426,0.02170618157950255,0.0,0.0,1.0,0.012225850666905878,0.0,0.0,0.0,0.0,0.011546374640282561,0.005012324626098174,0.013214309009519358,0.0,0.0,0.0019714209245172507,0.0,0.0,0.0024056348780064456,0.0,0.0058693740955140915,0.0,0.0007130049307923833,0.0035212822204141944,0.0,0.0,0.9813582742678769,0.0032738609193988734,0.01342220772112617,0.0,0.005702203191035352,0.005113414071672011,0.0,0.011316553568864145,0.007596452394316031,0.011275475106970752,1,neptune,DoS
0.0,0.0,0.010279741368858562,0.0,0.0,0.009109088131066931,0.0,0.0,0.9999791240892391,0.009235215899533064,0.0,0.0,0.0,0.0009739853141562863,0.0,0.01166464939539714,0.013492611650149691,0.016949189879581043,0.0,0.018981086932287485,0.05623200335684042,0.002108373931013141,0.018672871713582288,0.01688831119365987,0.0,1.0,0.0,0.07448595243926727,0.19236040227157644,1.0,0.997406766207476,0.005053283551412452,0.03444763530790876,0.024953494784508385,0.0,0.011417381301511929,0.011547048084779292,0.009129603215914234,normal,0.0,1.0,0.0,0.006748680251859185,0.0012347996878541783,0.0,0.013534851321614517,0.006333164225833876,0.012311925172557192,0.0,0.01035015768530614,0.0013915934553991069,0.0,0.003867796058911624,0.0,0.0,0.003155539555469508,0.0,0.0,0.0,0.009240001397290996,0.005267909051820652,0.0,0.0,0.010785425295796134,0.029082383685194446,0.009436530405312367,0.9955815325728499,0.0,0.005487730010986469,0.007408461949686321,0.0,0.0,0.0,0.006470394549178513,0.011610087355363037,0.0,0.0,0.0004218929339890248,0.0,0.007291766796642177,0.0033356072197726146,0.00933355013628275,0.02324566608348474,0.0,0.003755751408496997,0.005228121310546482,0.0,0.0029943481249486005,0.0,0.008542154611757781,0.0,0.026045948846378335,0.00965913783572821,0.0,0.0,0.0,0.027321135632096052,0.003908009802991332,0.0001371447615239191,0.0018367535625079437,0.008779084000738978,0.0,0.006859603090289901,0.0,0.0074883549142714095,0.0,0.0,0.0,0.007241796350845278,0.0,0.0,0.014158698074282206,0.008120726471097434,0.0,0.018553311010828816,0.0,0.0,0.0,0.0,0.010374633618421635,0.0,0.9975915087545969,0.0,0,normal,Normal
0.004634865394667109,0.015041579758005214,0.015282937375396561,0.0,0.0,0.024635612378043254,0.0,0.004216669399074691,1.0,0.0,0.010364363829811188,0.0,0.023426219254043035,0.0,0.008913240035522595,0.024345482188965376,0.0035686088695767453,0.0,0.0,0.042911034541323466,0.025195559054709077,0.00020536108619643228,0.00524666836971813,0.014781731854952653,0.0014077848974576677,0.9944717847076289,0.0,0.0,1.0,0.9907040523929505,1.0,0.0,0.002340595643759418,0.0,0.0,0.0,0.0,0.0,normal,0.013401306680417094,1.0,0.009823682610184665,0.011721530857387752,0.003939996066201238,0.0,0.0047160275086639905,0.007623514746507013,0.0010532428953116107,0.003943105128017104,0.0,0.005826256063258857,0.007144673319366409,0.02346234093057992,0.0051432776410506335,0.0,0.008039032566952669,0.0,0.005106275851431105,0.0,0.0,0.0,0.0,0.0,0.002375849511174553,0.0,4.973182099254611e-05,0.9858336712152066,0.0,0.0,0.005189822412826596,0.0,0.007419153799883995,0.0078963183701404,0.0,0.00696450123957886,0.006328966762264706,0.0,0.0,0.012740810264148741,0.008210883746263073,0.010957595230145846,0.0,0.0,0.0,0.0,0.004559551967838964,0.013762694438729003,0.006047142649794334,0.0,0.0,0.0,0.0,0.02127885527668944,0.01913316315390552,0.0,0.0022572845720489026,0.0043775006744716455,0.0,0.002722379886781167,0.010310379988080261,0.010008437723569097,0.0,0.0,0.004912896892317968,0.001531286908527609,0.0027066866929106206,0.0,0.0,0.005534960151042496,0.0,0.0,0.0,0.004565745511273276,0.0,0.007406574917824005,0.003288216592362318,0.0,0.0,0.0,0.0,0.0,0.9878809791826321,0.009081550640464425,0,normal,Normal
0.018353686521398016,0.0,0.0,0.0,0.0,0.0,0.023845301031249592,0.0,0.994076996862493,1.0764798483752036e-05,0.0,0.003937831547792494,0.0,0.004282619360115543,0.0,0.002641609054897617,0.0018566187256045833,0.0,0.014748161560079836,0.016283707208833487,0.02591511928744121,0.0,0.011829263702520118,1.0,0.9770315823229745,1.0,0.0,0.012574564408869742,1.0,0.9812510102943519,1.0,0.0093403539055674,0.010438902898703374,0.007585994408013725,0.00720213928430694,0.0,0.039209810249025555,0.03829400951172232,back,0.005843845934995764,0.9922894673894012,0.0030798060287936368,0.011748517153747744,0.015115556515833326,0.006791850273302872,0.0,0.0,0.0,0.016277515729662698,0.0,0.0,0.004492563713708901,0.0,0.0,0.004066767479858498,0.0,0.0,0.0,0.0027127253684720363,0.0,0.0,0.0,0.0,0.0,0.008431105307433216,0.02423082969604451,1.0,0.0,0.00948884155398867,0.0,0.0,0.009285250820881108,0.006477716918423122,0.013496895704189858,0.0,0.0,0.01373570354012144,0.0,0.007361304256912217,0.004148037755936793,0.0,0.0,0.0,0.0,0.0,0.013337543463041486,0.0036940957779458858,0.0,0.0,0.0022084119590507485,0.0,0.0,0.0,0.0,0.0,0.010474362726160704,0.0,0.004690846799364258,0.001222824334852723,0.0,0.012714117568115819,0.0017302899235282865,0.00951295683824135,0.0,0.0,0.001340921427661262,0.0,0.016402144184072286,0.0,0.0025089081073992286,0.0,0.013215400932446872,0.0,0.0,0.005659813169533293,0.016347172442589212,0.993880027443281,0.0,0.002381385609751058,0.00611073118024714,0.007801867634545652,0.0,0.0,1,back,DoS
0.0,0.0,0.0,0.0,0.0,0.0,0.0,0.0007315161997690153,0.019972253815434268,0.0,0.0,0.0006907617364837164,0.0022586739373816663,0.0,0.0,0.0,0.0033403417171517357,0.0,0.0010508424203503524,0.0008509299452774143,0.016623586204422076,0.005923238040203864,0.0,0.0013528275517453031,0.0047213840621393105,1.0,0.0,0.9820913814829141,1.0,0.97198846560143,0.994349329107921,0.014535856877082387,0.0076359967802090934,0.02180353332892972,0.0,0.013942787021604649,0.010391546083372616,0.0032001886425006916,normal,0.0,0.0,0.9871282560545027,0.0,0.004104686865171572,0.020798825590686746,0.0,0.0044064960554413245,0.0029706842122978264,0.00265570000216968,0.008368950021257607,0.004616824424087023,0.0,0.013278224723433069,0.0033051924573222853,1.0,0.004869970598534371,0.012649653468786576,0.0,0.0,0.0002152058443098443,0.0,0.0,0.0002462926329086172,0.0,0.0,0.0,0.0,0.0,0.0,0.0004940455145085498,0.0017636481114392617,0.0,0.0,0.007536430952951148,0.0,0.0,0.0,0.0,0.007247904715389922,0.007477263271515488,0.0,0.0163803188692236,0.0,0.012593265724368257,0.0,0.0,0.0,0.005375335584727374,0.005163380854889689,0.013369397287147047,0.0009175365138190606,0.00021449638215056664,0.0,0.0,0.0,0.010742638283964991,0.0,0.011423773624842206,0.0,0.0,0.008545998705211175,0.00947499992657096,0.012712329088968443,0.001924329835820663,0.006964757164231308,0.011437826072439235,0.01689835886793299,0.0,0.0,0.0,0.0,0.011407272989225671,0.0008251407642012915,0.003947621804329521,0.01785449523526084,0.0,0.0,0.007143617472476797,0.007950245874228776,0.0009235608512196695,0.0,1.0,0.0,0,normal,Normal
0.0,0.0,0.0,0.0016432377883640707,0.0,0.0,0.0,0.0,0.9915306552736362,0.0,0.0,0.0,0.02978891171610526,0.0005364436084383729,0.01570465478528868,0.007589455118417141,0.0,0.0,0.002120639470985396,0.002515948417262333,0.0,0.49011674863453797,0.33089395452067866,0.0,0.0,1.0,0.0008166355980077342,0.6795750041487112,0.08796063319903526,0.9938181238145043,1.0,0.008159981862610875,0.05632728527210829,0.00970570836545213,0.043592554440931686,0.018134248776758167,0.009570660166030366,0.010886310660509947,normal,0.0,0.9830233848696305,0.0,0.0067748884362077355,0.0,0.01286733400700483,0.0,0.012080305615311917,0.0,0.020209736955476596,0.0027922415567668292,0.0,0.0041264784533906924,0.0,0.0,0.006248000480960304,0.0040027589281191826,0.0,0.012049814740821348,0.0,0.010920247997460872,0.0,0.0,0.012180376797477837,0.0,0.0,0.0,1.0,0.0,0.0,0.012721233440823381,0.00947397951272039,0.004871038358818214,0.005906797155455723,0.00742140918025081,0.0,0.00024134929785453425,0.010915068357099374,0.002022188839564052,0.007215939624066795,0.0,0.011254550231010851,0.0096910397978008,0.0,0.0,0.0017913304162886607,0.01241813257280414,0.016496863001534415,0.0,0.0,0.0,0.0,0.0,0.004622452904415947,0.00023158163462520177,0.0,0.003937646066947486,0.015455638690739928,0.0,0.0010390506025494256,0.0,0.0008360770507134938,0.014695683271311598,0.0,0.012438094941983287,0.0013106678769139086,0.006686256960604421,0.0,0.011353608643426,0.0,0.003208969495413772,0.009604518558441091,0.0016543034631021814,0.0,0.008721529397449152,0.0,0.0,0.0,0.0,0.0018299869968477396,0.0,0.0,1.0,0.013987363437324705,0,normal,Normal
0.018112883202723338,0.0,0.009391352990832743,0.0,0.0005402452071255803,0.0,0.0,0.0017272563673131338,0.9810244763146636,0.0041069114036001875,0.0019273939697498344,0.0,0.015743563009371023,0.011867800100405564,0.0,0.0,0.003930504817559106,0.005506298094503688,0.0,0.011255034484905854,0.011800321612078899,0.0,0.0039126711570817395,0.011615196946768259,0.0021963740275053162,1.0,0.0,0.33064957697617703,0.08547372376764821,1.0,0.9877785658849768,0.0,0.035971536622265404,0.032351260602098975,0.0049849633079622644,0.004471165568485136,0.0,0.0019440522225627446,normal,0.0,0.9993435371986354,0.0,0.009222814012419232,0.0,0.012286694197323289,0.0,0.0,0.0,0.00229078298841947,0.0,0.0003076310751492791,0.005873555570364392,0.020462910358168412,5.677556540036362e-05,0.005152368856878888,0.0,0.010296414868215833,0.018971136409931845,0.0,0.0,0.008674253649265488,0.0,0.0,0.013915253731592348,0.0,0.0,0.9988195175055689,0.007549439427949646,0.006446644483756816,0.0,0.0043867208685435775,0.005581097669508325,0.011178676590691761,0.0,0.008610383392367164,0.009839650485409867,0.011570344118464857,0.0,0.0,0.01165589303650769,0.0,0.0,0.0,0.0048004020717793555,0.0,0.0,0.001917473369331805,0.0,0.0,0.002530266039886837,0.0,0.0,0.0,0.0003366471432338606,0.0,0.00435006112581783,0.0,0.008534369355206718,0.015000958791316963,0.0,0.0,0.0035992078413565904,0.016811136561631353,0.0029642098596627813,0.0,0.010317872607972242,0.0,0.0,0.002264314769428305,0.0,0.0,0.0,0.012302654664716944,0.0012629807934099405,0.0,0.01329711291139808,0.0,0.0005887963890417533,0.0009332967945179182,0.0025166075747459072,0.0,1.0,0.015906875173696277,0,normal,Normal
0.0,0.013880444042862832,0.01823916743834242,0.0,0.015643838177683972,0.018592730655729785,0.0,0.0011061228668171356,1.0,0.0011807460648168267,0.0,0.0054072926211499025,0.0,0.0003712748442971174,0.0,0.0,0.0,0.005719078910433337,0.0,0.033211658239692535,0.050653574045051976,0.04405917145128088,0.04501955660119358,0.0,0.0,0.9946343140774139,0.006834200488828352,0.004884632169965336,0.10994317429730016,0.992602926450427,0.9724663042975413,0.003974526536098033,0.02539027280930916,0.0440872309472624,0.03497963631850465,0.007962621151276451,0.002636927558785458,0.007724222129927505,normal,0.0,1.0,0.0,0.0011073836547169727,0.0,0.0,0.00421103922028278,0.0,5.203865910942152e-05,0.0,0.005781126228948931,0.0,0.0,0.007342737460209469,0.005255127129502564,0.0,0.0,0.003465098361093072,0.0014754824751875679,0.00636994940610347,0.011351433708252591,0.009624195311279816,0.0,0.0,0.006400436264612618,0.0,0.012571292175878726,0.988466350190056,0.0,0.014172124475580495,0.0,0.0,0.009622799408797239,0.013342008696758643,0.020847817726216786,0.0044037185197302745,0.013165779426249118,0.01579295103004294,0.0,0.004963002476609357,0.005789509908790695,0.004818113835466041,0.0,0.011193039623674558,0.0,0.0,0.0,0.0,0.0,0.0,0.007068630386639609,0.01295455752849278,0.009218367066634448,0.004665073588158307,0.0,0.0,0.0,0.005335786764722227,0.0004546068100000497,0.01603802718527817,0.0,0.0014491963806603535,0.0,0.005515045325357775,0.019074298092246325,0.0,0.0,0.0,0.0,0.010235960570047923,0.0,0.0,0.006941749971791002,0.006616921695475085,0.00871663607560446,0.008092358565705478,0.0,0.0014224284924317502,0.007517497983733621,0.007668703260657136,0.011693386304342572,0.0097303987356635,1.0,0.02524132146432237,0,normal,Normal
0.017205699667792097,0.004198664009778772,0.004630865983530458,0.0,0.0,0.0,0.011352417067501768,0.0,0.9990365642472699,0.003415666051440379,0.003985971351344017,0.02268381803482235,0.0,0.0,0.004248392892386276,0.0,0.0,0.000633734220721496,0.0,0.047269084434349656,0.07336691813833936,0.0,0.0028335034128708597,0.0022294566651518493,0.0007750733349928115,0.9994955695223557,0.0,0.07377711994100462,1.0,1.0,0.9892817928905292,0.0,0.0,0.0,0.0,0.007149912757033266,0.0029252513147723105,0.004083682377910688,normal,0.007225161476559836,1.0,0.0,0.0,0.0017488233876597837,0.0013188476703814565,0.006759873592365762,0.02211809973852755,0.0,0.0010115903814404887,0.003992245978181066,0.0,0.002189263911111154,0.007597436202567534,0.001797360996146112,0.020415634909667916,0.018770457734718585,0.0,0.005884272770064821,0.0,0.0026485603687766263,0.010171799286661001,0.01638353032882965,0.0,0.004663283068027164,0.006337716853386342,0.0,0.9995750207530478,0.0,0.005576205602495288,0.00035844951480555907,0.0,0.0035321086159917103,0.0,0.0022451945926347263,0.0,0.0,0.007024590065543548,0.003523799071617823,0.0076112971975903065,0.0,0.012436381622414285,0.015905330094544295,0.009617315303121146,0.014489158366564883,0.013984877110714356,0.0,0.0,0.00022643951306504218,0.0,0.008862151330667733,0.0,0.005791022467870095,0.002613588144992395,0.005865575528219423,0.0016308119260570293,0.012004645347737364,0.007138548745854678,0.0,0.008521126237612576,0.0,0.0014111836052330786,0.0,0.0,0.0,0.009576562039098105,0.0,0.0,0.0,0.0006932017066674477,0.0,0.006583756699218603,0.0,0.004806087732884465,0.0,0.0,0.0,0.014263985871479389,0.0,0.005308684369073836,0.0,0.0,0.9968337949475777,0.017649336590497684,0,normal,Normal
0.0,0.009981171860208627,0.0,0.0,0.0,0.005681181254117828,0.0,0.01125676400609412,0.9954580518543931,0.007916513177632178,0.0,0.0069658002612662875,0.0,0.016685489625940752,0.005655354724572787,0.028754395491091076,9.79536682921465e-05,0.005398573101730708,0.0,0.05778474407024643,0.04720647049426212,0.0,0.008238066529873711,0.004847724905709454,0.0,1.0,0.0017542754727234682,0.07336895061881703,1.0,1.0,0.9834602307759033,0.0,0.0,0.016549649161433498,0.0,0.0,0.012893324940438877,0.001750456740624299,normal,0.004403258282078955,1.0,0.012585586299087244,0.0,0.0,0.001576854899176809,0.021263613645418192,0.008581966309565538,0.008977613283163027,0.0,0.008313873513691486,0.0,0.0,0.0,0.0,0.0,0.013254506409374167,0.0,0.02124466887694576,0.003473051470441757,0.0,0.0,0.0,0.0024344279992853587,4.093930299444164e-05,0.01640023329087219,0.005159408419029397,1.0,0.0,0.013976765716767583,0.0035777478176976284,0.0,0.0022631279793193437,0.004271908391765976,0.0,0.0,0.0,0.0077574000643339915,0.0,0.0032869968912846133,0.01925257127183642,0.0,0.016808367473283556,0.0027806594668833744,0.001779315253288602,0.0,0.0,0.0,0.0,0.013280548774408873,0.0,0.0,0.0003519808295236353,0.021952668451129496,0.0,0.0,0.0,0.009416123536496257,0.008795768449567936,0.01118859652057734,0.008743083547834204,0.0007602448727936581,0.0,0.0,0.0,0.0,0.004072006574496783,0.0,0.0,0.004334340145150045,0.002817325131494328,0.0,0.0,0.0,0.0,0.014035889566489424,0.0,0.008861687017420614,0.0053815988398221845,0.0,0.016954645790837847,0.0,1.0,0.0,0,normal,Normal
0.0,0.0,0.0006804312940497124,0.002955117275159104,0.0,0.0,0.0,0.0,0.0,0.02307686909002858,0.0006981600840253892,0.0,0.0,0.003661756653409884,0.0,0.0,0.016679064548453956,0.01135456931654545,0.00905859582051263,0.010883600438225791,0.0,0.0,0.0031986964767793126,0.9858202582630882,0.9935200164646368,0.9936222736669351,0.0,0.003362591613242488,0.9990720110477221,0.003377491114048959,0.0008590078777713049,0.9252454932741959,0.9342745433931314,0.0049218021427387265,0.0,0.0,0.9306588235487169,0.9812441141961841,normal,0.0,1.0,0.0,0.0,0.0,0.017623682548761035,0.008343360892240663,0.007560003341313312,0.0018112589924691915,0.0,0.0027361115249631596,0.0,0.0,0.0,0.009794908856534848,0.0,0.009688737443962979,0.0,0.0,0.006662121113959788,0.0,0.0,0.012126667961417826,0.0,0.0,0.0,0.0,0.002757867307367569,0.0,0.0006109566652386074,0.005107309259608866,0.0,0.0,0.0,0.0,0.01020568849959204,0.0024209283053696963,0.0,0.0,0.0,0.0,0.0,0.0002282925423755088,0.0,0.018828371746812515,0.0,0.0021217544047865216,1.0,0.0,0.0,0.0060342219035011005,0.0007841220303092344,0.004829994348954129,0.0,0.0,0.0022343351830009504,0.0,0.0,0.0,0.0,0.0007413878016696638,0.0,0.0,0.00045270415474211735,0.0,0.012114074165507123,0.0,0.017894523692738275,0.017859005968285803,0.0,0.008691727116802871,0.012376985911752148,0.0,0.0,0.0,0.0,0.0,0.988787094055613,0.0,0.0,0.0,0.0031292609775134127,0.0009713349140858771,0.0,0,normal,Normal
0.20522842507365438,0.0,0.0,0.008794685479362777,0.011298623680490573,0.0,0.0,0.001771963347154509,0.0012722115599517459,0.0,0.0,0.0,0.008779939923163617,0.004124215315236078,0.011639531973435814,0.009716504642146693,0.0035633886890402977,0.003903145341898937,0.0,0.010882425735494772,0.01874954974042597,0.0,0.007735571459095519,0.015254748443847695,0.0,0.9937938629050537,0.004935813114001253,0.0,0.9890146630622307,0.36392714678974797,0.347976970039844,0.028809984730652362,0.0022111682237663803,0.009898289194317652,0.6220818993867723,0.4647029669257627,0.003648332241672215,0.018041798835267197,processtable,0.007946684813059289,0.9883585758429283,0.0,0.0,0.0,0.0,0.0,0.0,0.0,0.0037249525416299016,0.005426360588521473,0.02009631745673707,0.007698526021030503,0.0022619425037868767,0.009170978405392745,0.0,0.0,0.0,0.0,0.0,0.03390212760300057,0.0,0.020933441957248052,0.00823639678939913,0.0,0.0,0.004198066268273662,0.0,0.0007645463906312802,0.0023741554234839274,0.006975712718447553,0.0061847852418729565,0.0,0.0,0.0045618537768988025,0.002085212380400284,0.0,0.009119641016342762,0.002276623425733727,0.0,0.0,0.006283064797576891,0.013362486096823,0.0,0.0,0.0,0.0,0.0,0.002507991978514354,0.0,0.005865064609308777,0.0,0.016144194742412372,0.0,0.005819904100574362,0.0043673469050122425,0.011199779303641433,0.0027932283809554807,0.004409427295984072,0.0,0.0007827826384980453,0.0,0.005186620942271104,1.0,0.0,0.0,0.019192962783484528,0.00018052961066730223,0.02512119363818144,0.008067538694605915,0.005746162926046037,0.0,0.0,0.001149126548058603,0.0,0.0,0.0,0.001280023093901885,0.0,0.0030190394457675863,0.0,0.01412478049933778,0.9915443116186773,0.0026359961525781917,1,processtable,DoS
0.0007289268717616046,0.006016579439412093,0.0021429946626347856,0.0,0.0,0.003136038700294064,0.0,0.008019515254661611,0.9874914646512445,0.008583380936883489,0.0,0.0,0.0,0.0,0.0,0.0009269812456830817,0.013634748081301282,0.0,0.008883187465564728,0.005652873285832009,0.009569225483709712,0.0,0.0,0.0,0.0,1.0,0.00770941594574047,0.0,0.9889784032270775,0.9630709422691034,0.9585476330414916,0.023521037241083845,0.006520112640190424,0.0005986349275472848,0.0014102694251806424,0.005127160570822365,0.04434874149267602,0.008584634749422358,mailbomb,0.0,1.0,0.016731480142341156,0.001921789802622631,0.007227522639413246,0.007765393988384886,0.0009365902002706778,0.0,0.0,0.012614668637311394,0.009313947580936413,0.002357987858836926,0.0,0.0,0.004042445610978991,0.010420291002947911,0.0,0.0,0.006137623768053145,0.008506979954250992,0.0,0.0,0.0,0.0,0.0,0.0,0.0010280879681291485,0.0014326943505704485,0.0,0.006587031299920976,0.0,0.0,0.0009617602013896957,0.00425291228469494,0.005004802602755978,0.006189232642650303,0.004338197414825807,0.0,0.0,0.0007043403251956792,0.007695519578745566,0.01591077788735877,0.007782671524299115,0.0030615733351395625,0.020176268878312188,0.0,0.013360313133907224,0.0,7.32108486328294e-05,0.0,0.00662476862770274,0.005915297942805189,0.015746502331396194,0.0008443403347431645,0.0,0.0,0.0,0.99171869515983,0.010270426120461777,0.0,0.014341295231611017,0.005289569526478961,0.022593337821009737,0.0053203232705174245,0.013441617186310739,0.0,0.005045940892892417,0.0,0.002681168578376445,0.0018780734578160427,0.0018045020223530243,0.0,0.0,0.003018131701188281,0.0,0.0,0.007393627334346175,0.0,0.011805840038362755,0.0,0.0,0.008349808147572689,0.9865816326727137,0.015212092236573776,1,mailbomb,DoS
0.0,0.005912454446571578,0.0,0.0,0.0,0.016323967893396883,0.012193491462528794,0.0,0.9960935557792815,0.01665364978595071,0.0,0.0,0.0,0.0,0.0,0.004617201725695684,0.0,0.0,0.0,0.029699865969817007,0.039825989299513594,0.0,0.005053659600643849,0.0,0.0,1.0,0.017360445752667056,0.15576283589839673,0.8627763633198496,0.9900850525298731,0.9961634354748823,0.0007284253753312915,0.0,0.011694678026592208,0.0,0.0,0.0,0.00788694612830793,normal,0.0008656820301901772,1.0,0.006681688843063982,0.015097361536772028,0.006383998471783512,0.0,0.00028712237550255706,0.0,0.0,0.007118154164172108,0.0,0.0,0.00977250343897671,0.0009463886861406436,0.0,0.0,0.0068528147565623245,0.0,0.0,0.0,0.0,0.017206074534174526,0.0007229111555392697,0.011537277464244575,0.0017263996200750312,0.0,0.013570262994293727,1.0,0.0,0.0,0.0,0.001050291470377484,0.0,0.0,0.002666199323406855,0.0011529239228763252,0.0014091842847494091,0.011675234259044412,0.016534791263151712,0.0,0.005994970362131797,0.0,0.0,0.008283038292187034,0.008367252509122033,0.0,0.0011864434189387209,0.011166084665806512,0.0179189755377765,0.0,0.0,0.0,0.0,0.002764022242938341,0.004800850285169156,0.0060944760392048145,0.0016730533165253535,0.0018876246485416903,0.0,0.0,0.003184579922396944,0.0,0.0,0.0,0.00967683488039423,0.008755172279306708,0.017007245292394245,0.01946692481232296,0.017535185179518818,0.0,0.0021674288920636438,0.0011321408230603337,0.0,0.005118763917609267,0.02061654947649682,0.0017555052152972604,0.006948548581970241,0.0,0.009054082914653155,0.0,0.0,0.010842133894149723,0.9967620186290048,0.0,0,normal,Normal
0.0011050614774672453,0.0,0.005698052013123198,0.0,0.0,0.008450362254369084,0.0023224506224186034,0.0027337696214602366,1.0,0.004037711269649043,0.00873509690897937,0.0,0.0005059417814700394,0.010496051838545318,0.005330315086554848,0.0,0.016522445596168826,0.0028153333578289923,0.0,0.0,0.012885035424978781,0.32545425904655595,0.00783360867050982,0.6617018088135931,0.9888866772569311,0.33053183937337344,1.0,0.9956345203720831,0.9289693777931931,0.22084950930268354,0.23061252080343358,0.013870564551007904,0.0,0.028249779129116945,0.048422121121747444,0.015034694435662872,0.8916754604800623,0.9444193701490624,mscan,0.007287500725754206,1.0,0.0,0.0,0.0,0.02142170401319573,0.0,0.0,0.0,0.0,0.002976967439558912,0.0,0.01848597693566032,0.0,0.007179766492097952,0.005137311604663055,0.0,0.00289783272237935,0.0,0.0,0.017223393786235847,0.0,0.0,0.0050571693024465125,0.0,0.01465033993015889,0.010424612880147954,0.005673969167154708,0.0,0.010937393997617265,0.0,0.0,0.0,0.0,0.00551645449073381,0.0,0.01029205480844168,0.0,0.027710270401630294,1.7339812304340614e-05,0.000626456010168321,0.005427731303227427,0.0,0.011032784950518492,0.01278000808850098,0.0,0.0,0.0,0.005294177813640411,0.0,1.0,0.0010992299917587831,0.015756949326337526,0.002577430165140871,0.0,0.0,0.001028762968689779,0.0,0.011660760546087626,0.0,0.0,0.007729910915230234,0.0,0.0,0.0,0.0,0.015176445345894178,0.0,0.0,0.0,0.0,0.0034691861524247486,0.0,0.0,0.0,1.0,0.0,0.006190672847727974,0.0010959059447136718,0.0012242628705642288,0.022932642820771044,0.0,0.0,0.0,1,mscan,Probe
0.0,0.009098545945249545,0.0,0.0,0.0,0.002586363971442893,0.0,0.0,0.0005084294758241535,0.013831883498740283,0.0,0.0,0.012655467175154147,0.006180289296833746,0.014802103215827391,0.011531271096650204,0.0,0.0,0.0,0.014389334834420852,0.09478031162096834,0.0,0.007755209533950234,0.007412240475524712,0.005205161331687428,0.9934252368962682,0.0,0.9867745821034004,0.006401063658742236,0.15679757023468097,1.0,0.004156210736563071,1.0,0.5026174211777586,0.0,0.0,0.0,0.0,ipsweep,0.9885901766402481,0.0004999805628451037,0.012460002323809002,0.0,0.013070944660839948,0.0,0.0,0.0065357019525065976,0.021688101327157868,0.0,0.011284631570366726,0.010702881738563623,0.006643869866297009,0.000444606193108118,0.0,0.0069614959220077035,0.000854865127894814,1.0,0.0060645143439729465,0.003423414199142973,0.005428081090424704,0.0,0.0,0.008394735368889636,0.004551724684665817,0.0,0.0,0.0,0.011999123296340949,0.0,0.00049684408861665,0.0,0.0,0.0,0.0,0.0057985408968931375,0.017584682535694285,0.0,0.0,0.0,0.008274013250805533,0.0,0.0,0.01415622388339016,0.014552104680176923,0.0,0.012074753938563745,0.017508761064611324,0.0,0.008831558896704185,0.015769461933484396,0.002206823396849578,0.015082861927959748,0.0,0.01462380207140896,0.017713976311733975,0.0,0.0010383871795805722,0.009699034140511912,0.004748716023519698,0.0025172102113567674,0.0,0.0,0.0,0.0,0.0,0.005029361287614925,0.0,0.0,0.016276418225275518,0.0,0.0,0.0,0.012637222831587247,0.00015747193469570775,0.01626674789240893,0.0,0.0035478489469026866,0.001481769659103622,0.0,0.004688429849445135,0.0,1.0,0.0,1,ipsweep,Probe
0.0,0.0,0.0,0.0,0.0,0.0,0.0,0.01917078772232374,0.9979280482110152,0.0,0.02855262412776552,0.005573990299995894,0.0014256254842478545,0.004009197116612441,0.005179158344056174,0.0,0.0070436448154231595,0.0,0.0034851869156698233,0.011793931118095471,0.014774163033489364,0.0064170925238902065,0.0,0.0003725316306691498,0.014351842300594428,0.9958255509651565,0.012167624875939642,0.0,1.0,0.9815531696318002,0.9946709086730431,0.008241545459411928,0.0,0.0,0.0,0.0,0.0036506675870378444,0.007060940915301117,normal,0.00159445826280123,1.0,0.0,0.0,0.0,0.0,0.008720674190555094,0.0,0.0,0.0,0.0,0.007877784074615772,0.0,0.0,0.0,0.0,0.002131395479132149,0.00352444986216754,0.0025287245138604377,0.009458313393371413,0.0,0.006016807028389435,0.01406674925164951,0.0,0.009495959673806955,0.010343141529163227,0.0,1.0,0.002321952582183798,0.0,0.0,0.001521533012857203,0.0,0.021339223299480282,0.002397536403806864,0.009718078981442488,0.0,0.0014620804987220653,0.00136171806347827,0.0,0.010499520618919036,0.0,0.01004687769644227,0.013878191466522345,0.018851388511028463,0.0,0.003936434923531507,0.0,0.022302297962216104,0.0,0.0,0.010853699385875342,0.0035492730401595358,0.015426444368736249,0.0,0.011099794448896505,0.004269501852194381,0.004025407584273098,0.0053657591088391845,0.0,0.016753312542592942,0.0,0.0,0.0,0.0,0.004040711103034313,0.013772429101713463,0.005710660007178098,0.0,0.005771301565191019,0.0,0.01824642137088383,0.0,0.0,0.0,0.0,0.0,0.012904041542233046,0.0,0.008534131037051518,0.003692140940980118,0.0025266188308909875,0.9902620663770954,0.0,0,normal,Normal
0.0,0.0,0.004238611776837441,0.0069624397441625605,0.004020660037336723,0.0,0.0,0.0,1.0,0.0015490103302634676,0.009697270334585947,0.0,0.0023348818964949894,0.012880523027516261,0.002702816073955855,0.0,0.00034693608888751513,0.0,0.0,0.011171940631677833,0.03035207522358046,0.0,0.005774464263134612,0.0,0.0012290197042279225,0.9895699254766095,0.01914989294786054,0.18302412569661738,0.1097326953186474,1.0,1.0,0.0,0.014175024627603488,0.04584069875477258,0.006296480017599668,0.0,0.0053606219821626415,0.0,normal,0.0,0.9998592357463219,0.02223753038908473,0.02293772013543723,0.0,0.014688251823178048,0.0007982475382560893,0.0012004385387357369,0.003600187160305187,0.0,0.0,0.006906130625340654,0.004271664285253223,0.00808038143678491,0.0,0.0,0.0,0.0,0.0,0.0,0.0,0.014455319693731306,0.0,0.007836833244419606,0.012182500961890639,0.009824318106116144,0.007302297978022583,0.9909194825245419,0.012545248488032188,0.0,0.0,0.005571710831622505,0.0234595198954653,0.0,0.0,0.0,0.0,0.007648381369804977,0.0,0.002156011958386416,0.0,0.004260765791307649,0.0,0.0,0.006258081625055293,0.0,0.001444746957520166,0.021119062003199112,0.0,0.0,0.0,0.018273453102081488,0.0,0.0,0.01793133619211884,0.009970012211983001,0.0017999378437161412,0.0,0.0,0.007568333463272901,0.0,0.000892851011726029,0.00250499677643547,0.003545987392517942,0.0,0.0,0.0,0.0,0.0,0.0,0.007295054349713249,0.0,0.0,0.0,0.004331186355618979,0.003026284244845845,0.0025911622490033905,0.0,0.0,0.0,0.013489723066989484,0.0,0.9964937963954345,0.009569682840366182,0,normal,Normal
0.0,0.0,0.030789225799641162,0.0,0.008327837300349512,0.014397789386572341,0.009267233741912994,0.0,0.0,0.0,0.0010636831797424134,0.007898570456073227,0.003581914269525556,0.0,0.003213721284271477,0.0,0.0001752088673216143,0.0,0.009733523640795187,0.29491286350650747,0.012781403344334266,0.01834256034519429,0.008087059957279475,1.0,1.0,0.06656274454619406,0.07833531441221556,0.0017154168916965094,0.996480559868396,0.05583807920161869,0.026046520033632625,0.05650204513702807,0.0,0.0005490512079541845,0.0,0.0,0.9994546733703361,1.0,neptune,0.010440195736819263,1.0,0.0,0.0,0.0,0.005697507537156339,0.0,0.004934420225962126,0.004100099813291752,0.0,0.0,0.006518648322477758,0.009775660125777411,0.005576337286789126,0.005719859094215049,0.0018221626708878947,0.001103068128209055,0.0,0.0207425595093311,0.0,0.0,0.0,0.0,0.0,0.0,0.0,0.0,0.006058219411342212,0.017414721835725178,0.006505447115636221,0.0,0.0012470547179060788,0.0,0.0,0.0010118969608107291,0.0,0.0,0.0,0.005127897906909715,0.0,0.026981846211987112,0.0,0.008103891938245279,0.002727594067387847,0.0,0.023717149157522516,0.0032488516143882973,0.014411502981477845,0.0,0.008503596774484734,0.0,0.0,1.0,0.0,0.00738070949647801,0.004901849432622499,0.008904484578720126,0.006188696094807729,0.0,0.008335190992879283,0.0,0.001432559753689584,0.010744009012616603,0.0061915045652331906,0.01269953727272265,0.0,0.0,0.0,0.006928359650979017,0.0,0.0,0.004006704947717265,0.017146979226529566,0.004846212206756496,1.0,0.00879852483584717,0.0,0.012190182440855162,0.004689902870240208,0.005756405794168414,0.0,0.004678142184016313,0.0,0.0022851826829330055,1,neptune,DoS
0.014851362763898465,0.0,0.0,0.007965048610358023,0.0,0.0,0.0,0.01331386674654496,0.0,0.0,0.008186303370469047,0.0,0.0,0.0,0.0,0.0,0.0029558027227639923,0.0,0.0,0.46043806369291745,0.01717380070801364,0.0,0.0,0.9817488315812254,1.0,0.039773938608776614,0.07887542145538017,0.005209137550028036,1.0,0.03636138425443969,0.047687592831024625,0.07167113848115106,0.008221144499455924,0.009379115263471648,0.0,0.0,1.0,1.0,neptune,0.010959900027397685,0.9860041778474863,0.004610952183875531,0.028006373054028148,0.0,0.003963155203889703,0.0066737693876664644,0.015242810867810192,0.0009759708984363898,0.0,0.0,0.0069000223343656086,0.010930379404354857,0.0,0.00040609427065538316,0.013838752127014011,0.0,0.016171187442507718,0.001319222337566155,0.01750692977044545,0.0,0.004260257437752401,0.0022262623257661715,0.01193026810825059,1.0,0.0,0.002398078779100949,0.010794124540257972,0.0,0.0,0.001035552816557492,0.012116688507483082,0.002780441426306552,0.0,0.0004702204738089551,0.0,6.581020935334191e-05,0.0,0.0025765440606020807,0.0,0.0,0.0014253111050762728,0.0,0.009372486372771962,0.0034354574030274715,0.0,0.0,0.0,0.004669572009384895,0.009268666646213763,0.0065686617902088445,0.005251455371444434,0.0,0.0011629807876952789,0.00034316903286257404,0.001156765671484353,0.010288773350031087,0.0,0.0005012015974758027,0.00464230458467912,0.002695105377798397,0.0,0.0004430790865632096,0.0,0.019854347694220478,0.0,0.0,0.0,0.004003124914309408,0.0,0.0,0.0,0.0,0.01432254263889998,0.9919285745960452,0.00032660238728134827,0.0,0.004866608175990424,0.009845067230457532,0.005006043202635067,0.006004220083217485,0.0,0.0035204336177336966,0.00502388962211591,1,neptune,DoS
0.02752938621379614,0.003517057967529566,0.0,0.0,0.3424291788226972,0.0,0.0,0.0,0.006937158070811897,8.299261884314693e-05,8.317404500694228e-05,0.0,0.0,0.0,0.0,0.0,0.0,0.012492272837006876,0.011287338694114763,0.0,5.9621925285121245e-05,0.0,0.0,0.0,0.0,0.976558450728266,0.007773598731536776,0.6573796047327508,0.017841170495337774,0.05727907947687737,1.0,0.0,1.0,0.5454239983417796,0.0,0.00961270635214007,0.0,0.0,pod,1.0,0.0,0.00532052014005834,0.0,0.012808721596029448,0.0,0.0,0.0,0.0,0.0,0.0,0.0,0.008425686620605857,0.014647557391216388,0.0015973012971253783,0.0,0.0,0.0071073200885762204,0.9960302811311027,0.0,0.0026580158050469012,0.0,0.0,0.005646302539528993,0.0,0.002390391560818692,0.0,0.0,0.009705239852368475,0.003980995648374562,0.0,0.002173126485783953,0.0,0.006070098994294923,0.006257906487668437,0.0,0.004472770623368496,0.0032857952796136254,0.0,0.00822259102193876,0.003088348628062786,0.007953497696720505,0.006523632616626376,0.0,0.017566720336119543,0.0,0.0,0.0007536248776566888,0.0,0.0,0.0,0.006798560375581581,0.0,0.002800043130565824,0.0066102993199656426,0.00688626674025263,0.0017294893272762676,0.004803317419305284,0.0,0.0,0.0,0.0,0.006451407636062212,0.0,0.0,0.006467962807827277,0.011780899142054307,0.010181213015345079,0.0017188194511488727,0.007339891395754453,0.003947458635605175,0.005310551726382469,0.0,0.0,0.024775556991334012,0.005032255983473158,0.015650535674189992,0.0,0.0,0.0,0.000870799118632032,0.0,0.9967637406396924,0.02308019739704097,1,pod,DoS
0.020780881071265463,0.0,0.013340603833912073,0.0024750982241343255,0.0019972333676331008,0.001805275449795351,0.005776759093675913,0.0037680910267443063,0.0,0.00249348326606175,0.0,0.00029399831107125243,4.7153506024249095e-05,0.0,0.0,0.008435428187819918,0.0,0.0,0.0,0.0,0.014311390284731466,0.001285719755830415,0.0,0.015075943103842646,0.020299643150721892,0.9950301836828535,0.0039519854251460155,0.0,1.0,0.9797778442418082,0.9743969269313035,0.005433503430129098,0.026436391345096698,0.016097832249712538,0.0,0.0,0.0,0.0,snmpguess,0.0,0.0,1.0,0.018479387851545414,0.0,0.003342781636132406,0.0,0.0,0.0,0.004091286408870524,0.0,0.0,0.0,0.0007629217098658675,0.004689848383766926,0.0,0.0,0.0,0.013128777994511365,0.0,0.0,0.010263946324491069,0.003616852568427578,0.007955272692094588,0.004035307776396151,0.011392485519750807,0.0,0.006076954866610117,0.0,0.0057728100412332,0.0,0.015200231409582817,0.017215253156812164,0.0,0.0,0.016040556333994767,0.011345184761062926,0.011169602364936578,0.0,0.0,0.0,0.009255203573105662,0.0,0.0,0.0,0.010228088633132132,0.022081546726458425,0.0,0.0,0.0,0.0031830298854541323,0.012639245795356874,0.9958113620424308,0.0,0.01892618390006128,0.013847865925034387,0.017902684158309156,0.004954226939135718,0.015938185419526126,0.0,0.0,0.0,0.0,0.005454739220696428,0.0,0.004321867349202625,0.0,0.0023745107267927525,0.009444157959489767,0.0,0.01316320012221067,0.0,0.0,0.0,0.00702579744619229,0.005309674297913825,0.0,0.005879623631553524,0.0,0.01030049037151342,0.0,0.003021061706647734,1.0,0.0,1,snmpguess,R2L
0.0,0.011461506483400177,0.008229646465835886,0.0,0.0,0.000359087185897447,0.003501115939302967,0.012838258700604456,0.9924244123242236,0.028332760750032434,0.003718508110327393,0.00496380191339452,0.0,0.0,0.015809570442544562,0.0012777427868289329,0.0,0.0011851783253819007,0.0,0.007213310311430269,0.0,0.01602892039861505,0.0034798247278805374,0.005978818232047187,0.0,0.9853825417904589,0.0,0.012850972979518205,0.2872004506381634,0.5637588844110805,0.4301020441323911,0.0402868967555665,0.011635429999892923,0.022362497039196974,0.0,0.0,0.0003434470815660945,0.010185338726452149,normal,0.010187598723285897,0.9742209199666348,0.009082220389214541,0.0,0.0,0.018317625531527736,0.0,0.0,0.012774843605667234,0.0,0.017502380483089035,0.02113288997932739,0.0,0.0005394381730992577,0.0,0.0,0.009739389488050969,0.0,0.008782367025395092,0.0,0.0,0.0,0.0,0.002799090599914417,0.014205602395068444,0.0012447075546418804,0.00581908489255304,0.004237024188720088,0.0028431001932132734,0.0,0.015343069797915417,0.0,0.01466430639888486,0.0,0.0018923813213866866,0.0,0.0,0.010136622190518979,0.008284924014610626,0.0,0.0,0.018683060752788357,0.021698980781154637,0.0,0.00037987198560821694,0.0,0.0,0.0,0.021539310847166208,0.0,0.010556487493761492,0.012027578851234462,0.002202658838531959,0.0,0.0007732840350770773,0.0,0.0,1.0,0.0010677889855687415,0.0,0.003026232878854893,0.0,0.0,0.0025159881471197216,0.0,0.0,0.0,0.0,0.014874710238107476,0.0,0.0,0.0,0.012240504556050531,0.0003027820425180741,0.013190197895689329,0.012396498283735194,0.0,0.01870095210388932,0.0,0.005596106724231786,0.0,0.0,1.0,0.006315673624315189,0,normal,Normal
0.0,0.007832718555518451,0.0013159686071448273,0.007162088468316329,0.01256401798246825,0.0,0.0036714429553694307,0.0,0.0026253381496824926,0.0,0.0,0.00878291296283434,0.005752800560937197,0.0,0.00010743165289788712,0.007371054629193727,0.010053261656573616,0.0,0.00543957318524268,0.22198567924137683,0.0172737942636902,0.003928420595640239,0.0,0.9900736493519608,1.0,0.061683382054170705,0.05616398285529772,0.006225272111865936,0.996322888471766,0.03764325135480314,0.03854337623458631,0.06800842478029744,0.0035517583902100846,0.0,0.01050730015286564,0.010045839373469305,1.0,0.9800416653397908,neptune,0.0,0.992634545289597,0.0,0.0,0.005474113318045621,0.0,0.0,0.0,0.0,0.0,0.008202838523603508,0.0,0.0,0.0,0.0,0.0,0.003958458443774667,0.0,0.0,0.0,0.0,0.0,0.0,0.005603113292902795,0.0,0.0056401255385447055,0.009128212702773966,0.0,0.00670730491823459,0.0,0.0,0.0,0.0,0.0,0.0005037159182451695,0.0,0.00017622803058794129,0.0,0.00805949398332815,0.0,0.005656794985686282,0.0002294106752815474,0.0,0.0,0.0,0.006459464163675036,0.0021569427315017067,0.0,0.003082138946427102,0.006649952681540842,0.006328744993369981,0.008618007342000127,0.014479623593197835,0.008729741053449314,0.0,0.0023235221839244943,1.0,0.0007521983244455656,0.0018352572366827755,0.009321765516317564,0.0,0.010364889131403765,0.0,0.011480917522782635,0.02647712119000675,0.0,0.0,0.010158432972616887,0.0,0.0013453366653414542,0.0,0.0,0.0,0.01503415322314337,0.0,1.0,0.024168603473289897,0.005084803235514847,0.0,0.014490416850109692,0.0,0.00693987160704864,0.0,0.0,1,neptune,DoS
0.0013070147613351954,0.0,0.012857196233103657,0.000999409389333686,0.0002323977352003225,0.0063118920834926255,0.0,0.005147559789409651,0.9869702992541758,0.01099885082433162,0.0,0.002767837042991127,0.0,0.0,0.008347664812675092,0.0,0.0,0.007589032955461139,0.011101071849577983,0.022033557705378203,0.025363186237549275,0.0024566969335560558,0.0,0.0,0.0,1.0,0.0,0.0009340640836328375,0.9914819591206251,1.0,0.9879691183026376,0.0,0.0,0.0,0.008806335673670902,0.0,0.0,0.0,normal,0.0,0.9975341263400208,0.0,0.01638085229383273,0.006550565625688464,0.016037483131891232,0.0,0.0,0.0,0.005017122943338461,0.0,0.0,0.0027889680810762926,0.0,0.0,0.0,0.0,0.00321611253916465,0.010756425098977649,0.004240148435839101,0.0008681353298027065,0.0038301142489072554,0.0018012865709843057,0.0001579641212503406,0.0,0.0,0.004658033935893241,0.9823989946986813,0.0,0.0,0.0,0.0,0.0,0.0031323985157892353,0.012453853843253768,0.0026088739943302365,0.0,0.0,0.0,0.012394895137974609,0.008798867459653883,0.0,0.0,0.016573096528234143,0.010404979922757652,0.0,0.0,0.0,0.00364531354603797,0.0,0.0,0.011553253199232989,0.00937275360165034,0.010019457244074492,0.0,0.0,0.003770972533570186,0.0,0.0,0.0,0.012271063973852255,0.0012067568768540423,0.01745201735938976,0.0,0.0,0.008431015771553075,0.0016438071523113785,0.0,0.0,0.016076142931557506,0.0,0.004362810630083342,0.0,0.0,0.010941017362585634,0.012159477654794273,0.013333375619067922,0.0008854947598305245,0.0011590318965577437,0.0024960429568349676,0.0015984595027985205,0.0,0.9966307012985174,0.00987765565405368,0,normal,Normal
0.0,0.017008942203174466,0.0094286937961323,0.0,0.0,0.0,0.0,0.0,0.0,0.0,0.0,7.16303469361033e-05,0.011873432285687416,0.0,0.007013256816632646,0.008659933427713908,0.010014047848335548,0.0,0.0,0.4485573694623404,0.43832331593266344,0.0,0.01139177420509917,0.019757865524776364,0.005081185960922952,0.9974264830519814,0.0,0.0,1.0,0.9832255671213972,0.9805463034857477,0.024143807715266103,0.0,0.0,0.0,0.0,0.008258321875400529,0.0,normal,0.0,0.004524976912377255,1.0,0.0020175890754060132,0.0,0.0,0.0,0.0,0.0022326428635447105,0.0,0.005734582870710068,6.379339402381442e-05,0.007774862206150856,0.0,0.003687330629819881,0.9984859759928757,0.0,0.004660236424203216,0.0,0.011071780044573803,0.004252560393935018,0.0,0.005345488622792695,0.0,0.0042992911562295425,0.0,0.0016835119593851115,0.0,0.02079472601741095,0.001856377757092307,0.0,0.005933699076422993,0.005223900734683546,0.004346115678297868,0.0040745194451699916,0.007861334541675157,0.0,0.0,0.024318439905191138,0.009864923372272906,0.0009438204638285498,0.0,0.0,0.0,0.0,0.014691812765420503,0.0,0.007012293524889267,0.007167113329110309,0.003357602911988091,0.003445277717106533,0.0,0.0,0.007463913952348546,0.0,0.0,0.0,0.010434872069158874,0.007568353945215299,0.0,0.0,0.004183781360484901,0.0,0.008567473133444439,0.0017044671901989418,0.00811616065959093,0.0,0.011374307915847101,0.0,0.0,0.001793227748060336,0.0,0.011767228903970266,0.013497661680493914,0.0,0.015303290567635209,0.0,0.0,0.012933996394485859,0.015422194519749355,0.0038759746661652,0.007965082786647903,1.0,0.0,0,normal,Normal
0.0006123999472672937,0.0,0.0,0.007994767564624356,0.015712441874753954,0.0006961688876355101,0.012917106850430649,0.0,0.9951068466923555,0.001525247772588815,0.014000996419357212,0.0,0.0,0.002189487591789605,0.010458550450888638,0.0,0.0,0.0010950741426703923,0.0,0.0,0.011185121404463073,0.0,0.002896066176852985,0.014111066676662905,0.0,1.0,0.0,0.003811410909336408,1.0,0.9233131194766114,0.9423600576753112,0.0,0.00837948103019409,0.0,0.010352820217913226,0.0008762295154372639,0.04372557763977727,0.01346522033526379,guess_passwd,0.0,0.9999371912921293,0.0,0.002001142432999042,0.0,0.0,0.0,0.0072356618905188835,0.0,0.0,0.011682634398545878,0.0,0.00638138980514136,0.009452751660766971,0.007815279073546648,0.0011508557060263306,0.0,0.0,0.0,0.0018792920261375442,0.0003398397937047329,0.0003084567232411838,0.0,0.0,0.010544769564098675,0.0,0.0,0.017670141336889038,0.0004996274173347982,0.005662936752740584,0.0018733914749477355,0.007282255163044474,0.013003548805534258,0.0001893656182778904,0.018610511027678286,0.0,0.0048218027005667435,0.014096915594777798,0.0,0.0033332308163063424,0.002604003581560049,0.002049841012425862,0.0,0.0,0.024661220761336176,0.0,0.0044464443628078,0.0,0.005263642550017917,0.014010588910772424,1.0,0.003522052442639157,0.015407335721790545,0.014235437881402899,0.0011126516540742692,0.0,0.008149278157796534,0.0,0.015445759561086512,0.0,0.0,0.006811466174170193,0.0,0.0,0.006573496317842501,0.0005743981358959779,0.0022347135334104826,0.0,0.0054711348380793315,0.0,0.0,0.0,0.0,0.006093860163713313,0.028209764994938956,0.00116870579175228,0.008456935285347456,0.0035868908259105922,0.010108824794111144,0.0,0.0,0.007299607470792453,1.0,0.0,1,guess_passwd,R2L
0.0,0.004084354279126101,0.0,0.0,0.0,0.0027025644808651808,0.0,0.0,0.0,0.003284750620640216,0.0,0.0,0.0,0.0,0.0,0.00609196376601925,0.0026815413265402445,0.014739344689670527,0.00612995055268712,0.5341302578602594,0.022425307406707676,0.0,0.0158451146741017,0.9983479887720174,1.0,0.03933110531069264,0.038450341373110944,0.0,1.0,0.04191375702631444,0.04166781107699419,0.0660645364195707,0.023226534905936673,0.002498685833692936,0.0006465156151669575,0.00785305492002307,1.0,1.0,neptune,0.0,0.9888483084157005,0.0,0.010670208245697293,0.0,0.012768999725091719,0.0,0.0064958683247392955,0.0016536166017729471,0.012594593709871035,0.0,0.022022799355191598,0.0,0.0,0.0,0.0,0.003650914130387459,0.0,0.00996837745122914,0.0,0.0,0.009147685981219216,0.008955289684266348,0.0,0.003938605228817178,0.0,0.0,0.011918829840504842,0.002070803711865346,0.0004431035943084628,0.0,0.0,0.011667848782075807,0.0,0.005242078280571495,0.011306839484061413,0.0011444986588806485,0.008380717862509279,0.020168628841934013,0.0,0.018707693718243025,0.004944598767713265,0.007793745423383407,0.0,0.0,0.0,0.0,0.005650345358775414,0.0,0.0005232033381487218,0.0,0.006474840782965407,1.0,0.015053587774220997,0.004147416084542592,0.0,0.0,0.020905305895141012,0.0,0.0,0.003319025589401796,0.005304512614467127,0.005108489376821168,0.0,0.0,0.005456459866044101,0.0,0.0,0.007347784488880116,0.0,0.0,1.5061190005120948e-05,0.008007506402848613,0.0,0.9889866644857963,0.0,0.0017687004083196082,0.004324025585332798,0.016871507436719314,0.00956660002968254,0.0,0.0,0.0020561790847085,0.008310186236029742,1,neptune,DoS
0.0016268399760265716,0.00010261179294929016,0.0060805662278993365,0.0,0.0,0.0030821095244424374,0.0037231270625356742,0.0,0.9946730340714623,0.0055183085314623416,0.0,0.01560540612258225,0.0038444274896864837,0.0,0.0,0.002232499930426248,0.016609967730873667,0.007150984994401039,0.010506670759845373,0.037429934188463215,0.031958452199082804,0.0,0.0,0.0,0.0,0.9932739182073398,0.0016395095212889696,0.0006229703180316809,0.9980792853159427,1.0,1.0,0.0,0.011369571691201539,0.0,0.0,0.0015872076480962765,0.0,0.0,normal,0.0038161957253946273,1.0,0.0,0.0,0.0,0.01804611552498435,0.009427662287801853,0.008372403281096657,0.0,0.010120154740137353,0.0,0.010640731373226802,0.010222294931568015,0.009889031251288661,0.009837065428003803,0.0019619063825354354,0.024405318615745318,0.005580850707743111,0.0020013238396634206,0.009229544194770905,0.01292803461210308,0.0022993719309202377,0.0,0.0,0.0,0.006866983176672629,0.0,0.9906744064761223,0.0,0.0,0.0,0.0,0.008439099929289332,0.014143170975344063,0.0041366345626193445,0.0,0.0010947095264190849,0.0,0.0,0.008063767924961968,0.005715018345115305,0.0021764011136583433,0.01658022285612339,0.0,0.01175223505140685,0.0026764569136075687,0.006131815825729504,0.0,0.0,0.0,0.006634312205355853,0.0,0.0,0.0,0.0179800620919102,0.0,0.009469787179223577,0.0053095873727044334,0.0,0.0,0.0,0.023010068836556413,0.013402917097965029,0.0,0.0,0.0,0.0,0.0,0.0005316039390870716,0.014116967974383901,0.0,0.0,0.002291801393457341,0.007967908734336584,0.0,0.0,0.0006157019683360321,0.0,0.0,0.0,0.0,0.00638732863987337,0.9908323466888106,0.0,0,normal,Normal
0.002524703891815079,0.002511525832105316,0.009666918601254055,0.014177498471892005,0.0,0.013336749375259103,0.018657092989361947,0.0,0.9934309627472147,0.005989882895839649,0.0,0.005415377459379379,0.0,0.005238188405037487,0.0,0.005396906555594014,0.0,0.010512590859284986,0.002947173821664619,0.043416090926873485,0.0793117372707095,0.0,0.027253488714468595,0.0,0.0,0.9961341280317192,0.008436299278221135,0.0480560875530739,1.0,1.0,0.9994617012671726,0.007139220941102567,0.011257331777267277,0.002452564302131773,0.011931857797792423,0.0,0.0,0.006966597067385103,normal,0.00944997869816432,0.9988932382683113,0.0006577848546593221,0.0,0.0,0.0012698505021811468,0.0,0.0,0.0,0.011335769222594508,0.0,0.0,0.008412004430919997,0.0020811435281607115,0.010542168638776602,0.0,0.0030711234030596237,0.0,0.0,0.005584854950771644,0.0,0.0,0.0,0.0,0.0,0.0075094367839432935,0.0,1.0,0.0,0.0005718337617407249,0.013984882711203683,0.0,0.0,0.0,0.0,0.0024566346587657595,0.0,0.010046715983983037,0.0035597394224963735,0.015853114867590123,0.0,0.0,0.0,0.0,0.0,0.0,0.007557178261456035,0.0,0.0,0.0,0.0,0.008171263649389578,0.0,0.0,0.0014168912305105202,0.005461669254877407,0.008558186348963168,0.022833367097398964,0.003918137475563976,0.0,0.0,0.0063730141621672586,0.0,0.0,0.0,0.015504619615302931,0.0,0.0,0.005986637795786632,0.0,0.0,0.011936626357070304,0.00965031439900794,0.0005557745965875071,0.01140423836954024,0.0,0.011509261331806075,0.0034847749680055862,0.0,0.0,0.0,0.012842052293260239,1.0,9.085701956828757e-05,0,normal,Normal
0.0,0.0005270674490890628,0.009525864919861094,0.0,0.0,0.004599722422914538,0.01203742376543261,0.021246381897796006,0.02118656432359856,0.0017839885382027441,0.005726818483729006,0.0,0.007910733135874586,0.0009495650092277426,0.010999599942910485,0.0,4.112699284876382e-05,0.0,0.0043850198271770165,0.9801715307236403,1.0,0.0,0.0,0.011274790331866649,0.008391503970233239,0.9902552275595591,0.0,0.0,1.0,1.0,1.0,0.0,0.9856932001585711,0.013905515249291553,0.005052281302922882,0.0019119638885219975,0.016862781799266497,0.00410795055610325,normal,0.0,0.0,0.9993794479513001,0.0,0.0009238053549878945,0.014531523078026921,0.02319216155862382,0.0,0.0015563701345052746,0.002424544004733623,0.006800500644928625,0.0,0.00781076406590343,0.0,0.002895658478057603,0.015503793746849305,0.0,0.0,0.005792453957235039,0.0,0.0,0.0,0.0,0.005416311975914521,0.010444348847552059,0.006383077704433871,0.0,0.0032148018543979905,0.0,0.0,0.0,0.0,0.0,0.012748825765362678,0.00608636711102074,0.0008586341170822678,0.003232931612852204,0.0,0.023670429114902036,0.0,0.008548202160122212,0.014414839398793263,0.004995786182349145,0.0,0.0,0.0,0.003984950432678399,0.0005373172532212907,0.0,0.0,0.008699423561141353,0.0,0.9923600781593063,0.007218850174566291,0.003118967263925506,0.0,0.0,0.0036783099222344085,0.015391362922496475,0.0,0.0,0.0,0.021424687245140114,0.023434233715889152,0.004964318229293718,0.0,0.005577879658085486,0.0057732307691695725,0.005846573726943523,0.0,0.0017431286779370728,0.018490049974297065,0.0016425416853047725,0.0,0.0,0.008623432783419593,0.0,0.008918103562636268,0.007946921354109989,0.0,0.00646387009495469,0.012734962646501232,0.9932483967073952,0.008421913155036697,0,normal,Normal
0.0,0.00958967402843888,0.0,0.0,0.0017171268227308982,0.0,0.0,0.0,0.0,0.0,0.0,0.0,0.0013109152635526406,0.006741279138051429,0.0,0.0,0.005497689872753706,0.0,0.0010987938833854816,0.25342573839331006,0.003938285626487001,0.006644288774245296,0.0,0.9886202230647972,0.9943963615740111,0.018825017177597176,0.0509291544599704,0.0032134599480118306,0.9905889403646263,0.006089112534269897,0.012206126962964641,0.06199307430880151,0.0,0.0,0.0,0.020158266461425964,1.0,0.9962780930504735,neptune,0.01906010509064893,0.993067067548864,0.0,0.0,0.0,0.0,0.0,0.0,0.0038046524785294122,0.0012658616014619955,0.0,0.0,0.004383583601297551,0.013693099755307126,0.008220802957891024,0.0,0.007173647900551031,0.008616688117311205,0.009575313619344794,0.00801887307950699,0.0,0.010365833914034018,0.0038819770889821025,0.0,0.003588042699183044,0.0,0.011050058744652865,0.0,0.020786596447017885,0.0,0.0028155738409808145,0.00598660704841804,0.00579451761535956,0.0,0.0,0.0,0.0,0.010128200950661968,0.0009599143714111985,0.018401076693438205,0.0036999107878708465,0.0,0.0026094190733266017,0.0017683956188322,1.0,0.0,0.0,0.0,0.000696724608682487,0.020866563060878446,0.0015695934637307244,0.0019899698813732112,0.004107956780632273,0.001181686311286588,0.0,0.0,0.0,0.02616897110827644,0.0184690531491503,0.006039462626411001,0.0,0.0,0.0013000730822971143,0.01168512386278203,0.0008536620246613472,0.0,0.0,0.0022515320027355437,0.006108684005131705,0.0,0.0,0.01124704658175699,0.009965798852740631,0.0,0.9904603516240367,0.0,0.0,0.010027599021687242,0.006798747853695702,0.0,0.0,0.0,0.0,0.0,1,neptune,DoS
0.0,0.0,0.0031822380522876425,0.0,0.0,0.0008454164539434722,0.0,0.0,0.015232644645519435,0.00329303595191764,0.0122747263807764,0.0,0.012141704275125505,0.0,0.010694647142710638,0.0,0.01284565321985914,0.0,0.0,0.225699379152434,0.013464060123459255,1.0,0.9948498739679351,0.0,0.008244880451522298,0.09347316157421214,0.05974339494219353,0.0,0.9901723040275093,0.034213494504976,0.048694849030029914,0.061432067779063036,0.0,0.0,1.0,1.0,0.003530025618758459,0.0,neptune,0.010627144882904858,1.0,0.0,0.0,0.0,0.0,0.0,0.0,0.011952193268166779,0.0013748525137136306,0.0,0.0,0.0,0.004616774438196708,0.0,0.02079501464638444,0.0,0.0,0.0,0.00675893182385059,0.0,0.005301279380476221,0.0009795397010498729,0.00940956120221738,0.004231954840284619,0.0,0.002032722396175956,0.0,0.00723554168784373,8.108228157276129e-05,0.0,0.0027289857103957042,0.014186341495921066,0.0,0.0038602644311452263,0.002404735095429235,0.0016716869464754776,0.009533880253514527,0.007747537090707477,0.02642990895268991,0.006946652330071981,0.014083069752557536,0.0031515199904805875,0.0,0.016533043765265862,0.004420565348863983,0.002554761338798998,0.006184097905800455,0.010017857745188652,1.0,0.012727528322953126,0.0,0.0,0.01878527475399729,0.0036362992563136244,0.005079098472183007,0.009387445709501077,0.008469300822134504,0.0,0.00819232727231759,0.0,0.007346742471291085,0.0029526949410754273,0.0,0.0,0.0,0.0,0.0,0.0,0.004960567199659279,0.0,0.0,0.0,0.0,0.0,0.0,0.005457214313916104,0.0015064475016974067,0.9987100274297926,0.01650626399325488,0.003967700102222291,0.0038269183824993056,0.0,0.013391890338424053,1,neptune,DoS
0.0,0.0,0.0,0.0,0.0,0.005959395965488454,0.0,0.0,0.0037134632786650803,0.004150043609115017,0.003736378084015366,0.0019366344233781375,0.00498314029665784,0.0,0.006097604502903706,0.0,0.0,0.0,0.00016489023712134218,0.11580914240982258,0.0,0.0,0.0,0.0,0.0,0.02255465134510138,1.0,0.0,0.9954373760336132,0.0018227221781382773,0.0,0.7060659909298187,0.95644320302252,0.0,0.015652595461875557,0.002283332480937102,0.044699200109287365,0.0017468537327632561,satan,0.0,0.012834514487579125,1.0,0.0,0.0,0.0,0.007513316698623412,0.0,0.0,0.0,0.005609954996354528,0.002631014320115603,0.0,0.0038575770225907618,0.0,0.0,0.0,0.0,0.0,0.011331489746383408,0.0,0.0,0.0,0.0,0.0,0.01985491127805867,0.010235946206952482,0.0,0.0054195074432317756,0.0021732305477964843,0.0,0.0004519285255522523,0.016933172989194147,0.001989032702779279,0.002323109851177601,0.004578448412501451,0.000507107828475213,0.0,0.0,0.0,0.0,0.001242483830606079,0.0,0.0011622486461180285,0.0,0.009085679822085807,0.007311391159864645,0.011068966825000389,0.0,0.00799554177261983,0.007221128798863461,0.004156821839033822,0.9961615721883029,0.0033246909987543526,0.0,0.0033979694643952985,0.0,0.000853884695544495,0.0,0.0,0.0,0.0,0.0,0.0,0.0,0.005595988424225049,0.0,0.0,0.0,0.0,0.0070620391853118795,0.0,0.0,0.0,0.004117684587105858,0.0020113981158964857,0.0,0.0,0.0,0.0,0.0,0.011002587784791391,1.0,0.007726833782994975,1,satan,Probe
0.0,0.0004851666028651669,0.0,0.00470652490837455,0.0033542684325684182,0.0,0.0,0.0,0.0,0.0,0.0,0.0021115968683025595,0.0047202763859432876,0.006970305658546227,0.0,0.0,0.01013722133797165,0.0,0.021195641340212613,0.3873091796891591,0.034863872518974326,0.0,0.004764875605003303,1.0,0.9920796246384962,0.10707434930327883,0.0553385703664521,0.0,0.9927990552781472,0.07515087155485164,0.10060202472962923,0.06853431582621108,0.017552935130701414,0.0055604514967814616,0.0,0.006486500842637697,0.994397235137564,1.0,neptune,0.0,0.990494205845009,0.008931876615950223,0.0,0.010492698492652917,0.0,0.01115202063313865,0.0,0.013152198822042644,0.02071241500912518,0.0,0.0018598587493326823,0.011483776779044432,0.0,0.0,0.0,0.007486342625996494,0.016622069641047385,0.0,0.0,0.0032634366176362136,0.00020797918221670799,0.0,0.0,0.0,0.009485672668833408,0.0,0.0,0.00821915124665155,0.0,0.010039036904958864,0.02745092712245007,1.0,0.008596503827970945,0.0,0.0,0.010996978529841842,0.0,0.006192405662302071,0.009786150948595319,0.0,0.0,0.007225764337330318,0.0,0.0,0.00734466612060659,0.0,0.007620391041739342,0.0,0.0,0.0,0.0,0.0,0.007156138203664272,0.0069835370705278645,0.0,0.006476118057160585,0.003825536931094264,0.006780296052008322,0.0,0.0,0.0,0.0,0.0,0.0,0.01325652280030377,0.0,0.0,0.004455128650786251,0.0,0.01795151968240356,0.0,0.0,0.0,0.9977850344575163,0.013200291888171544,0.0015312443482042141,0.0,0.0,0.0,0.0,0.0002223144454592584,0.0042979469597048525,0.007803791370266702,1,neptune,DoS
0.0033078261797309856,0.01724617542497897,0.006262287910211407,0.005522497839394058,0.0,0.004840630633339767,0.002479858897503801,0.012594426252102218,0.0,0.0,0.0,0.0,0.0,0.008798781407848674,0.0,0.019293738713847732,0.00393842881554692,0.0,0.0,0.0101630818195006,0.0042864467155399365,0.02404552349143413,0.000893395567705815,0.010981056127393725,0.003334106323497113,1.0,0.0,0.0030093458628934577,0.009407727840265256,0.018374279214443155,0.6755031201315951,0.6848583304908246,0.6647076633700391,0.4934860269194618,0.0,0.0004975511807185735,0.011907655589459878,0.004661566514776543,warezmaster,0.01734523077365306,1.0,0.0014311449457954323,0.0,0.0,0.0,0.00045397064600932784,0.0,0.007347240752163682,0.005747392850576496,0.009032552263079956,0.022537618901112073,0.0,0.0,0.0,0.0022044259508378567,9.017477583751747e-05,0.0,0.0,0.0,0.009979035674540554,0.009936270158347964,0.0032568302043210345,0.999057600148012,0.0,0.006832324984077012,0.0005150264858077145,0.0,0.00044551714125823643,0.0,0.004589510107889174,0.0,0.0,0.0028062245511608344,0.009139787457660534,0.0,0.0010553414934165572,0.0,0.005735840298404084,0.0025128445946650695,0.0,0.011576552800004672,0.004506500472837447,0.0,0.01513478773715102,0.0,0.0,0.0,0.0,0.0,0.005497044855955531,0.009708413945640395,0.005462356030778119,0.0,0.0,0.008190847737112544,0.0,0.0,0.0,0.0,0.0,0.0,0.0,0.009293805541182225,0.01695183213408002,0.016574932377902835,0.0,0.0,0.0,0.0,0.0,0.010619682754629356,0.015568920430954635,0.0,0.0024605931809025335,0.00486314659963376,0.0,0.0,0.00833068165012959,0.01041018130619485,0.019734107421258796,0.0,1.0,0.0,1,warezmaster,R2L
0.02526602535331293,0.0,0.0,0.0,0.0,0.0,0.0,0.0,0.0019341317283053786,0.025994922368756678,0.007050860151770294,0.0189938303175884,0.0,0.0,0.009042414300608217,0.0,0.0016805210499646582,0.006511997140512881,0.0,0.2648805674696367,0.00977628571911511,0.0041474737497261315,0.0,1.0,1.0,0.1429958293383903,0.05504070713756225,0.015055406451027122,1.0,0.05381147781459073,0.07039675070730808,0.06038301384809571,0.00220548110812026,0.0,0.0009533144321512504,0.0,0.9912438182080611,1.0,neptune,0.002783436537884555,0.9902978841054267,0.018717634348326392,0.004316400646442499,0.0,0.008660657602946865,0.0,0.014021135543152827,0.0,0.0,0.0,0.0,0.0,0.0,0.0,0.0,0.012815096141550093,0.004773451700424268,0.0,0.003776488327991795,0.0,0.0,0.0,0.0,0.0,0.011396821564890398,0.0076035468466545564,0.0005031642484955956,0.0077395030015345425,0.0039420490530271395,0.01420034896526476,0.004619532000012959,0.0,0.0,0.0063772972185049326,0.027681473818906066,0.011438865905421078,0.0,0.0,0.009940315334336857,0.00641365377659253,0.0,0.020704380647448253,0.007322959718196797,0.0,0.004654215878888226,0.0,0.006958168589395942,0.0,0.0018097880752613008,0.010862317503801401,0.014847748212656879,0.9914379856141894,0.009718736227862878,0.0,0.0,0.0,0.0,0.0014353564321972706,0.003339306547513007,0.0,0.002918854622860189,0.004745449975880144,0.0005597371760546159,0.0,0.0,0.010449723728204635,0.0,0.0,0.010163456078988872,0.0,0.0,0.0,0.0,1.0,0.0,0.0,0.005476188868204322,0.00788752884841454,0.010965497295509044,0.0,0.0,0.0,0.0,1,neptune,DoS
0.0,0.00018754689149577265,0.0012688206716822221,0.0034880959129759987,0.006593408497132559,0.01427813176447945,0.007448168734534275,0.0,0.999194824047416,0.0034550963710858495,0.005368000417262379,0.0,0.0,0.015494003529422607,0.0,0.001000561656167235,0.0,0.0,0.00635620483356953,0.0,0.0,0.002609842783405327,0.005146933370110718,0.9943865781644885,1.0,0.3236808406754545,0.9984016405876479,0.993462287942254,1.0,0.13003038123415733,0.14530617202445362,0.0181883426399825,0.0,0.0,0.007026392127592304,0.0,0.5012969933201566,0.9588007114947782,mscan,0.0,0.9948904487757135,0.0,0.0,0.0,0.0,0.0,0.0023347781218977658,0.0,0.0,0.0,0.0,0.0,0.0009284540221511862,0.0018596112832741918,0.0,0.009151300018857332,0.008605971188220155,0.0007037737967968966,0.017137658348898546,0.017925823975545003,0.00867929510133867,0.0,0.005221438429955157,0.006275581851341515,0.0,2.5355577860295347e-05,0.0,0.0,0.013965641134964353,0.0219063685125851,0.006189195703849916,0.0012484451549719534,0.0,0.0,0.004178743871871965,0.0,0.0,0.0,0.0,0.0,0.0,0.0,0.008547938833609525,0.01731238006334057,0.0,0.0,0.0,0.0,0.008065681805975168,0.9997292488361723,0.0080776648220839,0.011103194897582156,0.008646218718186539,0.0,0.007063512495398695,0.008911455026709588,0.0004129879995004654,0.0,0.0,0.0013061191454522337,0.0,0.0,0.005662150926858127,0.0,0.0,0.0,0.0,0.0,0.0,0.005392356618898321,0.007855564236449203,0.011968049709505052,0.014921975727693482,0.005335728527932272,1.0,0.012819284612185108,0.012820267808600452,0.0,0.0,0.0010073823702201443,0.0,0.023968596249752228,0.0008986744792184164,1,mscan,Probe
0.005602476375737896,0.0,0.008157128598365253,0.0,0.004232379680307047,0.009102184128221686,0.006117672064303636,0.0,1.0,0.009934491505580094,0.014425889258418364,0.0,0.0,0.009158269163864599,0.0,0.0,0.006333178689729661,0.0013629409388333069,0.0,0.01797973356955264,0.01035174458909358,0.002864179183511404,0.010420181125314554,0.0,0.0037455728565367287,0.9983156170365152,0.0,0.40340205038742144,0.8471211870653603,1.0,0.9879689761767319,0.0,0.004534236075097611,0.009427730784313134,0.014230819998074955,0.013839433225063763,0.007555681390166842,0.007230910952009584,normal,0.0,1.0,0.0,0.0,0.0,0.0,0.0006849511643982941,0.0,0.00857181375663867,0.0,0.0031812938860528443,0.006773131648074586,0.00353206275471396,0.0,0.0,0.0,0.0,0.0,0.0,0.0,0.0,0.0,0.010371402744961976,0.0,0.005359533875359617,0.007569791521000452,0.0,0.9962590806874753,0.0,0.0,0.0,0.006163717100011258,0.013613445704269839,0.0,0.02705465556484285,0.005323198239515043,0.0002812313400128771,0.00588554663765981,0.0,0.0,0.0,0.004251938851682212,0.0,0.0003169292687305603,0.005562661296004349,0.006775521099010771,0.0036085601386958138,0.0034070568897910675,0.0,0.008758299701669484,0.0,0.00048213288887149103,0.0,0.003251170133491233,0.002555213453343479,0.004274020751776015,0.006342755144446782,0.001108167326379262,0.013747446466197117,0.0,0.005062821338594302,0.0,0.0008803103549063912,0.0,0.010586181967337228,0.0009118093963264687,0.0,0.01567472453702207,0.003897566386764553,0.0008633661371089369,0.0,0.012155193468478931,0.0,0.0,0.0,0.0,0.0005697382598190065,0.007373994535354502,0.0,0.018507379170632353,0.0,0.014048901200532378,0.9968749622588392,0.0,0,normal,Normal
0.0,0.0,0.0018834421621295842,0.017484613424066254,0.0,0.0,0.03195021435306355,0.005157392053403326,0.9917108773094018,0.011884714755504192,0.0,0.0,0.0,0.0,0.0,0.0,0.00971865674447597,0.005202878368694759,0.023347934360643086,0.004120184870589528,0.0,0.0,0.005007709944654504,0.30437455872518876,0.33197909714186086,0.992771246354872,0.0,0.005010327539907686,0.9862282048696261,0.9858769639824337,0.9915052088159446,0.0,0.005401452596984791,0.003408241228933432,0.0,0.006638175425547276,0.08510580408985204,0.0734599568782298,back,0.0,0.9793350805960402,0.0,0.0,0.0,0.015586103083912582,0.008010637276095961,0.011439582732110532,0.0,0.0020968670746851527,0.0,0.0,0.0,0.020936243227144796,0.0018651375825148608,0.0,0.006320866951462554,0.0,0.008395593249420227,0.0,0.018270342077631455,0.0,0.0,0.0,0.0031575746436250745,0.01688376634881296,0.011984428353004156,0.998162792590686,0.0,0.0,0.0,0.004882435536523787,0.016675336484882494,0.0,0.0,0.0,0.004621710992796688,0.0009186029739070376,0.00998632770917166,0.0027885601376334275,0.018918837565114248,0.0,0.0,0.0,0.0,0.007004450252084987,0.009011889628651747,0.001084137932588427,0.023885459830856572,0.0,0.0,0.009268213452424671,0.0,0.0,0.0005547092380496138,0.012157041046921245,0.008012921849293218,0.01327752315897729,0.008667563819510114,0.00693119037618245,0.0012699942850530864,0.0,0.00043142094567290984,0.016215735016449528,0.0,0.0,0.0,0.0073750914243959674,0.002884517644837164,0.004639631714737606,0.0,0.007353901154382234,0.0,0.0,0.0034168795471047615,0.0,0.0,0.0,0.011872666382315229,0.017977764045337786,0.0055093961957251155,0.0,0.9999726045142997,0.0,1,back,DoS
0.007278450130843961,0.0,0.0038613578549154194,0.0,0.0,0.0,0.0,0.015283220114969494,0.9992429303465606,0.01787183666701475,0.009371995850017936,0.001865157051111519,0.0,0.0013532656546020635,0.01436605328066005,0.0,0.0,0.0,0.0,0.03436750200695635,0.042529468040715605,0.0,0.006132529928080402,0.0,0.0,0.9981708398264283,0.0,0.0047247209753503725,0.28908170370551495,1.0,0.9981719733431641,0.0,0.024864892845003508,0.018961904108273923,0.004654794420253966,7.687782993551314e-05,0.007243006991917616,0.013848803903518126,normal,0.0,1.0,0.0008479966240988823,0.0,0.0082857770916128,0.0,0.0,0.0,0.0,0.0,0.0,0.0,0.0,0.013200785962575472,0.0,0.0,0.002272176063546487,0.0,0.0,0.00621136907050513,0.005556270031177741,0.0,0.0,0.0,0.0,0.0,0.0054734048721538685,1.0,0.0,0.0035971461563002356,0.0,0.0,0.005254604254421369,0.00538260151660292,0.0036579860302501967,0.023396978512927352,0.0,0.0,0.0,0.0030681237988273427,0.019394207543835324,0.0,0.013820619793460118,0.0,0.004412646908390034,0.015800476183389905,0.0,0.010658762219123142,0.004954261404935729,0.005980855530038335,0.0002393676902803384,0.0,0.0,0.024220854492680313,0.0,0.008769612336767388,0.004559777376410871,0.0,0.0,0.0,0.0,0.01184641643995724,0.0,0.0,0.0,0.006250015571475712,0.0005764111488478307,0.003388573429245533,0.0,0.0,0.0,0.0,0.0,0.01246314804838047,0.0,0.016122932067117755,0.008861466620995006,0.009723609010319205,0.011964054926304533,0.0,0.010631209436512546,0.013435289010551766,0.9867137575438784,0.003060418656471369,0,normal,Normal
0.002082451013591987,0.0,0.0,0.002254648651047899,0.005060249402157809,0.004916974455528536,0.0,0.003529261942459651,0.0029540335925717872,0.0,0.010831356083655527,0.0,0.005672521420609892,0.000438604854199663,0.010507206868069685,0.003767396417304606,0.0,0.0,0.0,0.11405397551194765,0.0,0.002968564148962363,0.003125381452273602,0.00828423177723954,0.019641105349398384,0.05159789970313625,0.12978961059208466,0.0,1.0,0.0,0.010997980961177439,0.46028011128204405,0.9160679207455054,0.008788464212624955,0.0,0.0,0.08886499256521971,0.0,normal,0.023631640021641184,0.0015368474727358332,0.9890330605142339,0.008481933798756532,0.0,0.0,0.0,0.0,0.004012299911736016,0.01022077978991138,0.0006640410758090903,0.014860331651833422,0.0,0.012787408723925921,0.0,0.0,0.006523743323308466,0.0,0.005124588096657222,0.0,0.01857408738260977,0.0,0.0024227456876568416,0.01785738097306323,0.0,0.00341845601257329,0.0,0.011284170149522961,0.013805209930825069,0.0,0.0,0.0,0.0,0.0,0.0010327036786869585,0.00673972271005294,0.0,0.0058446403714714715,0.0,0.01097189798757482,0.0,0.0024998491286487724,0.0,0.01969273845527837,0.0,0.007245410820982837,0.0,1.0,0.0,0.0,0.0037191419908791817,0.006393042987717187,0.0,0.025107816725593236,0.0,0.002493705460546674,0.010048683617260554,0.011869168778957306,0.009647469679667385,0.0,0.0,0.0121922685697537,0.0,0.0,0.0,0.009069566789867582,0.0,0.0,0.0037465633918883495,0.0022045788375216206,0.0,0.005524219057023959,0.0,0.0,0.0,0.0,0.0,0.0,0.0,0.0,0.0,0.0,0.9896335603663865,0.0,0,normal,Normal
0.0,0.015383989490374405,0.0,0.008077477958867579,0.006520826984188642,0.0,0.006074440704513698,0.00811714456149726,0.0,0.001212194523736804,0.0,0.0,0.0,0.0,0.004357305610323595,0.0,0.0007058337252792608,0.0,9.744143084582995e-06,0.2017502328303864,0.36478082493546227,0.0,0.03045457875512647,0.008403903023968904,0.0,1.0,0.009323905687552755,0.004844027360092556,0.9922622235949816,1.0,0.996750283998119,0.0010432001758013112,0.003365507838509672,0.0,0.0,0.008334831714943577,0.0,0.00048722227670112197,normal,0.020548498224401256,0.0,0.9951334732538548,0.0,0.0,0.000748563254378069,0.012087865617959657,0.0,0.00811376232114654,0.0,0.0027860856200233337,0.0,0.014996359890627073,0.0,0.011239840895959068,1.0,0.0,0.027196894818077612,0.00030238192474963316,0.0,0.007919779285783529,0.0,0.0,0.0,0.0,0.0,0.010048887166110345,0.005750106718196174,0.01439544518613937,0.0,0.0,0.010060816589500017,0.0,0.0,0.012139008241283465,0.0,0.0,0.0,0.003411886859201117,0.008730976051107354,0.01679531952213886,0.0,0.0,0.008259421542169684,0.0,0.008393591260093222,0.013071367568627137,0.007508967748763757,0.0,0.0036514042589822944,0.0,0.0015580322313798742,0.0,0.008717626040717753,0.0006507336764664547,0.0,0.0,0.02407451800222321,0.005835073130579099,0.004233143251525938,0.005964175001064852,0.0058861476862584385,0.0,0.0,0.0,0.0007652616998420078,0.012362599676240815,0.0,0.007305620669071349,0.0,0.010221567609104325,0.023550301969329054,0.02563317070441177,0.0,0.01624393672309686,0.0,0.01062371077408203,0.0034597516848836785,0.0,0.0,0.005872554811906419,0.0,0.9988345154634852,0.004437656588755966,0,normal,Normal
0.010937508174247924,0.0,0.0035770603403238294,0.0,0.0,0.02150040138784263,0.00663356515553816,0.0014278614917040391,0.004737539981340976,0.0026350459854773923,0.013620645679553425,0.0,0.0,0.0,0.0,0.00508199510007639,0.0178528231569803,0.0,0.0015144793727474677,0.3858001164883958,0.020976884000915116,0.0,0.00987496080558033,1.0,1.0,0.06419292093278449,0.03986824066966779,0.006033082941311349,0.9950974277910314,0.07053399064868464,0.05802691744287927,0.06520618016347253,0.00443980941833894,0.013575785175578508,0.014533044195036,0.0,0.9974062123233921,0.9991459676148394,neptune,0.0017107385626477828,0.9859110498484802,0.0,0.0,0.003790737047410152,0.9916032089121037,0.0,0.0,0.0,0.0,0.0037591456716583255,0.018509715111907125,0.0,0.0,0.0,0.0025165848072514862,0.0,0.0,0.0005586650815399192,0.0,0.016087872921493194,0.0,0.0,0.012935556429222233,0.01169184696225945,0.004788744337082971,0.0,0.0032225223238973354,0.002395465778293439,0.007166971828769179,0.008980888950863743,0.0,0.0006158854482484617,0.0019901548142563135,0.0056286996372382735,0.0,0.0009256153910132073,0.0,0.0,0.014864582226164845,0.0,0.0,0.007917882838617303,0.0,0.0,0.0,0.0,0.0,0.014719960680263891,0.009091905144021247,0.001555719030938231,0.0051901514328239464,0.0,0.004855725708004557,0.002974504213771725,0.013001437714782127,0.003561214954732802,0.0,0.00892772067740624,0.004144375398915163,0.015339078907151218,0.004426248238778688,0.005789055523715956,0.0,0.0,0.0,0.0,0.0,0.0029767997365964132,0.015109863304578258,0.0,0.013526638427675016,0.0,0.01508690592645826,1.0,0.0,0.0,0.0,0.01494432123660935,0.007833141137173793,0.0,0.0,0.0,0.0,1,neptune,DoS
0.0,0.011705030292798648,0.0014767537844169063,0.0,0.0045117716046069786,0.0,0.0,0.0,0.992085067661047,0.0,0.0,0.013744602454988371,0.0021857615020815335,0.0,0.0,0.0,3.0864391379949806e-05,0.01063463928586828,0.0,0.005615289692410949,0.02048300564608565,0.0,0.10716637106282263,0.013335353916259871,0.016722430794855078,0.9900070092626506,0.01032487976324125,0.22609225212290657,0.0957313784521364,0.9936874983871158,0.998570339709893,0.008421559055455878,0.046988377561364106,0.014832108130702452,0.015475664707740755,0.0,0.003441911658552974,0.005351274461528697,normal,0.00638250842711296,0.9972480460872419,0.002036658515537962,0.0,0.0,0.006196238409725894,0.0,0.003715898957039845,0.0,0.005116790668381497,0.0,0.0,0.007262546792464343,0.0,0.0,0.0,0.0,0.01218651010158707,0.0,0.008411632953271356,0.0022902817451384643,0.0,0.0,0.009679502456960944,0.003945880926364399,0.011959367212332848,0.0,0.9907345261849533,0.0001222149497384479,0.0,0.0,0.0,0.010234443110069496,0.0,0.0,0.006553886641683915,0.0,0.008183867190328306,0.0,0.0,0.0,0.0051397751224723015,0.0,0.0,0.0,0.0,0.0,0.0,0.0,0.006277834550040055,0.008607422789849281,0.0061691221390899244,0.0,0.0028214727922668244,0.0,0.0,0.0,0.0,0.00138021007222381,0.014677037009322103,0.0,0.019258409666751613,0.0,0.029760556682758198,0.013548725125480767,0.011966166142400956,0.0,9.385201755365166e-05,0.0,0.0,0.01166332285259673,0.0,0.0034345978742675027,0.005886355833840617,0.005851368357235145,0.0,0.013675844804463985,0.0,0.00946624375934356,0.003724495539274791,0.0,0.00043180474202931954,1.0,0.0,0,normal,Normal
0.0,0.0,0.0,0.0,0.0,0.00430261600369385,0.01994508190890106,0.014356637476621359,1.0,0.018730668228388526,0.01966321342091136,0.008078832529669509,0.009053492418049881,0.0,0.0036463442017001836,0.0,0.0,0.0,0.005812327832791385,0.0031231465461076507,0.0,0.0,0.0,0.0,0.0022809085078584154,1.0,0.0,0.0,0.043369768668768224,0.9834115334459161,1.0,0.0,0.1322738509339102,0.043007350806287446,0.0,0.01256232739282216,0.0,0.0,normal,0.003188015179502635,0.9887351500035566,0.0,0.0,0.0,0.0,0.0,0.008590800045988582,0.005776776070064656,0.0,0.0005700638134237749,0.0,0.005201518649185557,0.0,0.0,0.0,0.027218858730823702,0.0,0.002149136657035141,0.0003061839363201677,0.0033215153226588265,0.0006101208515824271,0.0,0.0,0.0,0.0,0.00981013393068318,1.0,0.0,0.0,0.00020317073127199117,0.010361913763005692,0.006393192516424204,0.004913793585207329,0.0,0.0,0.0,0.010822325274940744,0.0,0.0,0.0,0.002203202809501967,0.0,0.0,0.006709544437453155,0.0029953056534809328,0.0,0.019618825989623962,0.0029959349884028275,0.014091260989667054,0.0,0.008251832250529329,0.0022516486418619726,0.019334454310854822,0.01635452291800609,0.015966509395316516,0.008742881327493552,0.0035953097982325912,0.0,0.0,0.011289754250704373,0.0,0.0,0.006558927727568157,0.011152324567537307,0.0,0.0,0.016170953533768555,0.0,0.016085139578301183,0.0,0.002817452620041393,0.0,0.0,0.0,0.0017797790382580096,0.0014090748420703618,0.0,0.0,0.002959185479794655,0.015191001913549072,0.0,1.0,0.0,0,normal,Normal
0.01168065927156808,0.0,0.018528230088037452,0.007898819747498757,0.007359149646118849,0.0034151439742668484,0.0,0.011519782779373098,0.001537392760138163,0.016484387061828202,0.0,0.013307915804558404,0.0043542749341639285,0.0,0.0,0.0,0.0,0.021397667417724066,0.0,0.009464471590873852,0.0,0.0014307445371372174,0.011478406469704,0.0,0.007133709593491136,0.9784922520077185,0.0,0.0,1.0,0.05167770495470536,0.05434302304642292,0.06583877688056865,0.007205107483116115,0.0,0.0,0.0,0.013759132237287164,0.0017132558708369914,normal,0.0,1.0,0.012671384661040504,0.0,0.010293554755204357,0.00040777983110903206,0.0011643769904017718,0.0,0.0,0.0,0.0034944199744265207,0.014370269595541075,0.0,0.012724726545816242,0.016050083387208716,0.0,0.0,0.0,0.0,0.0,0.00137632565682329,0.9867248956378808,0.015904296581390368,0.0039059935229136217,0.007020751366458774,0.0,0.0,0.00024747036920833135,0.0,0.0012492238273352394,0.0,0.0,0.0,0.0,0.0,0.0,0.0,0.0,0.0,0.0,0.0,0.004104708004004101,0.0024073933982946775,0.0,0.02232704498014807,0.0,0.0033576599998995037,0.0,0.004881159038709409,0.0,0.0024390063394065975,0.0,0.0,0.0,0.00396585264734045,0.0,0.0,0.00042626664201845783,0.0,0.011423747789383263,0.0,0.006798520103769752,0.0,0.0,0.0,0.00029325160336581024,0.0,0.0,0.0,0.0,0.0,0.00027726016964564295,0.007757355148677035,0.0,0.0,0.008336587439997612,0.0,0.0,0.0,0.0010131645340654206,0.0,0.003945899315973753,1.0,0.0,0,normal,Normal
0.01167681664038285,0.0,0.0,0.0,0.03192611428936211,0.0,0.009603966143112722,0.0,1.0,0.0,0.00966122168411031,0.0,0.0,0.0,0.005794983181894769,0.010448369534105701,0.013755163593273502,0.0,0.0,0.021481801654047773,0.029512270023205212,0.0,0.0,0.0,0.0,0.9928518363093161,0.0,0.0,0.6368806114886193,0.9893819215797437,0.9860941362208828,0.012497852953787643,0.02411038105536151,7.227066249533912e-06,0.0,0.00426258879007924,0.0,0.0068553582614889075,normal,0.002264624182402559,1.0,0.0,0.012658179393477072,0.018737204087490297,0.0030522635761606257,0.0,0.003816932424881782,0.0,0.0,0.003146685392530849,0.009997901465849295,0.01688226878153416,0.0,0.0,0.0019804466930028655,0.0,0.0,0.009368358154877318,0.0,0.0033729944701442506,0.007860553350882593,0.00728088052596907,0.018271458877717937,0.0,0.0,0.005759859815979481,1.0,0.0,0.0,0.013162324350732255,0.0025100787543709674,0.011504130138993224,0.0011652781793847068,0.0,0.0010192280743495578,0.0,0.0,0.0031890647336236416,0.0,0.001827422896450599,0.0035435656214367066,0.0,0.0,0.0,0.012657107278729578,0.009705549385448603,0.02671296912064168,0.0033662955111416464,0.0026801494874628385,0.0015177340963294025,0.0,0.01094578081069673,0.01764305015542436,8.925255909286915e-05,0.00829727833413355,0.0,0.008453706280403029,0.004385847475281336,4.658103141096794e-05,0.024878653432831698,0.012236297670172577,0.0,0.0,0.0,0.0,0.0010449628927138054,0.010665918925010311,0.0,0.0,0.0,0.013074160544651832,0.005310027974283406,0.006386878863017892,0.006901626427236907,0.0,0.0,0.0,0.0012536282631423598,0.0,0.0,0.0,1.0,0.004401752971333143,0,normal,Normal
0.018061653522947453,0.0200366002778825,0.021265387959342266,0.0,0.01649982377057746,0.012521372868124223,0.003480236403588476,0.009739269842994315,1.0,0.0,0.0,0.005766390868836269,0.0005457302010827082,0.0,0.0,0.015334366004874336,0.0,0.0,0.004396010418058898,0.03865411180390409,0.013146930139847959,0.012002418120220522,0.0,0.0,0.010434033595381727,1.0,0.0,0.15267165034068542,1.0,0.9918588258413378,1.0,0.0,0.0,0.0,0.009213075183382113,0.00927992410105502,0.0,0.007678256690400749,normal,0.0,1.0,0.0012357415902527241,0.0,0.007272559771250036,0.0015078728564642005,0.004764000236579442,0.0,0.0,0.008396029367907402,0.0,0.0010688107807612745,0.0,0.0,0.005130642288939788,0.011549795426215153,0.005757217303721795,0.001487063393160398,0.0069736105029583875,0.0,0.0,0.0,0.004161714217448551,0.01836138192244075,0.0,0.013479666386802596,0.0,1.0,0.0,0.0,0.0,0.0,0.0,0.0,0.003914584771973045,0.0,0.0,0.0,0.0008847446107278073,0.006530550290681559,0.015847629033906675,0.002256566705135129,0.0,0.015288271701657308,0.0,0.008588562199665533,0.0,0.0,0.0,0.0,0.02783779567124668,0.008584359348659717,0.0,0.008616220912626753,0.02470662123012328,0.0,0.0,0.0,0.0,0.006725056499604693,0.008006910879943171,0.004389833425849988,0.008878504608261563,0.0,0.0,0.007515394054136879,0.010459274396118459,0.007332481008838716,0.0,0.0,0.0204541710503598,0.0,0.0,0.0003049632016897427,0.0,0.0,0.0,0.0,0.0,0.0121432430021309,0.0,0.0,1.0,0.0,0,normal,Normal
0.0,0.0,0.0,0.009251855853579906,0.0,0.0,0.0017469030574217138,0.0,0.0030234986101965824,0.0068410824823104946,0.0,0.0036352384861380194,0.0,0.02312781075658338,0.0,0.007005373497953951,0.0,0.0006665335972677948,0.001474263642772413,0.436243238380507,0.010570300254455437,0.0009262533771896618,0.0,1.0,1.0,0.019748517365540993,0.09184661028787522,0.004571374574602316,0.9921953169640461,0.011444417907420014,0.0,0.09210881180267053,0.009540839485502939,0.0,0.0,0.0,1.0,1.0,neptune,0.0,1.0,0.009641961794176647,0.010227750195653963,0.003369313552530663,0.003266774199687087,0.0,0.0004850229876876592,0.0020256106830263826,0.012070818768647913,0.006612570503270816,0.011702100790884308,0.01682999028340136,0.007260114984559921,0.008582444452901392,0.0,0.0,0.0,0.0,0.00014772109483688148,0.004104166635838855,0.0,0.0,0.0,0.02172162697061883,0.0,0.0,0.0,0.0,0.0,0.0,0.007374128296451854,0.014498200973394293,0.0008826966812877912,0.0,0.010150977158357041,0.0002818510742429731,0.013568277706897142,0.007040807168213789,0.0015761903689196278,0.0,0.012856729404643035,0.0,0.0,0.008902228609216389,0.010599572431769622,0.0012692954126552309,0.015794804495928388,0.0015616814515878358,0.021913259575930932,0.02029385114632523,0.0,0.9864276082926566,0.0024234913527510795,0.00041639577541294405,0.0004378720878650134,0.00869075531710656,0.017964147113298135,0.0090368562776481,0.0,0.008702569716306346,0.0,0.004444416935712847,0.008622257508062026,0.008826088404244271,0.0,0.0,0.005826419382523698,0.0076462667202038485,0.013142636352974562,0.0,0.001918308268789967,0.0,0.004068349747800027,0.9985363411688993,0.0,0.0,0.002216775947959525,0.0,0.009178620986687648,0.0,0.0,0.0,0.012680397774379982,1,neptune,DoS
0.0,0.003153523350657998,0.0,0.006354776507728568,0.0,0.013948029093312284,0.0,0.0,0.0,0.0,0.0,0.0,0.015070724755960201,0.0,0.0,0.0,0.007412037340893976,0.006218127475418993,0.0,0.2868171791280751,0.0,1.0,1.0,0.0,0.0,0.02537909698558396,0.09928639369390962,0.0,1.0,0.003454323222493144,0.011433582068995845,0.08289492826637798,0.0,0.00035488854710897844,1.0,0.9849837703365099,0.0,0.001258044876363636,neptune,0.0,0.9875952516080582,0.0,0.0,0.006305253140122488,0.0,0.0,0.0,0.0,0.002511715208689297,0.00923708504707087,0.0,0.029676939714373615,0.0,1.0,0.0,0.0037835604359807273,0.0026507525114331104,0.01814957641865559,0.007783207479379415,0.0017101758258344282,0.00662924176440639,0.0,0.0,0.0063246026304049074,0.0,0.01240248208530926,0.014666066202111892,0.007998524550575115,0.0011193836024215868,0.0,0.012591216896088681,0.0,0.0031425830405553963,0.0,0.010827866695975017,0.007871293465516785,0.012329358899324062,0.0,0.0,0.0,0.0,0.003970653568726117,0.0,0.0,0.007710527183359952,0.0,0.005544869643806591,0.010827860516102808,0.007260444950350378,0.0,0.0,0.0,0.0058628967750730876,0.007387315150579447,0.0,0.013458298127800996,0.0028904718389710453,0.008529842851959594,0.0,0.0,0.0,0.00036414718726743875,0.0,0.015679438537336842,0.0,0.0,0.0,0.0,0.0,0.0,0.0005927990852529965,0.0,0.0023025052702476145,0.007350496499017252,0.0,0.0008801012018917858,0.009418510076173706,1.0,0.0,0.0,0.0,0.008051199528679907,0.0012324010779168931,1,neptune,DoS
0.004867487163763135,0.013345072575210457,0.00025725616820436513,0.0,0.01081446200632537,0.016351175281766276,0.004974234315801182,0.0,1.0,0.028097302605833718,0.0,0.0,0.0016445987285862874,0.02362358509746338,0.014805680856333402,0.012449201485129027,0.004149190308973182,0.0,0.013518945213705258,0.003972600566640991,0.03286900363280876,0.0,0.0,0.0,0.006840370420362713,0.9965848737382392,0.0,0.11064786391592615,0.2756458024888316,1.0,0.9787688706857105,0.007625526675692193,0.006279664843629916,0.03061520587860438,0.013100710630711243,0.0011142674937164405,0.0,0.0,normal,0.0,1.0,0.0,0.017537219835282336,0.0,0.006952652257163475,0.0,0.0,0.008454605146100353,0.01071348421033115,0.0,0.006691025158988272,0.0,0.008395855106632526,0.0,0.005466881187326622,0.010430897353346593,0.0,0.0,0.0,0.0,0.0,0.0,0.0,0.013552399721034709,0.0007080608584855746,0.009496632520512345,1.0,0.0,0.0,0.0,0.0,0.0,0.013655231953533886,0.0,0.0,0.0,0.005636884787993305,0.0,0.0,0.012636215603825636,0.0026384778267945037,0.0038734839175502797,0.0012790762962186844,0.0,0.0,0.0,0.004450440589637467,0.0,0.004430180709413325,0.00945807411790373,0.0,0.0,0.0,0.0,0.0,0.0,0.0004920514437637833,0.002451439548946983,0.0030886028578111227,0.0,0.0,0.01109974575519506,0.005952237040928776,0.0,0.004297013149919366,0.006666154344397319,0.0,0.0,0.0,0.017302404419145528,0.0,0.0024083763326484607,0.006043411793573837,0.002304888787852091,0.0051812029533726415,0.0,0.013240237256255137,0.0,0.0,0.005697631547549785,0.005171626198653832,0.9946302603535844,0.0,0,normal,Normal
0.020805486056673393,0.0030922586293146556,0.0004571540240160224,0.010543136020461521,0.0,0.006007192055524517,0.0012868845967956334,0.012984498297637677,0.9903360769967633,0.0,0.0071129551246154315,0.0,0.0,0.009288239418938507,0.007818311361842915,0.004540070439100751,0.0034835585529513595,0.013422712913726119,0.00377068600840789,0.017698196050621923,0.00012193533474185543,0.0,0.0,0.0,0.0003527127639515132,1.0,0.003833297951151769,0.007572187853190264,0.857238281209892,0.7503448638427137,0.902853032719437,0.007423177339015802,0.009554751209095555,0.005192274398233245,0.009071342064674817,0.011201381899011176,0.06730080968483398,0.0,guess_passwd,0.004430716285502992,0.9869960395872945,0.0,0.0,0.008889559191684776,0.0,0.012054890534544218,0.0,0.0,0.016176045314567927,0.0017551196570002195,0.0,0.010330748236962093,0.0,0.006476783413417911,0.0,0.0,0.0,0.0,0.00649104613584926,0.00903151240480341,0.0,0.0,0.01361559786528888,0.010669762735209594,0.010980593622837853,0.011724855712169985,0.0,0.011779374367522483,0.001141054827540732,0.0,0.023160106044577716,0.0,0.004698697061053982,0.018041433489652047,0.019728972403442287,0.0,0.0,0.015786020302418696,0.0,0.0,0.023043150945885982,0.0,0.0,0.005016043976518761,0.0,0.0030460403271436376,0.010975435824834897,0.010960347217538458,0.0019217798891966369,0.9807357805494255,0.0,0.0,0.006991140306608376,0.01136593339687326,0.00728981674808447,0.0,0.0018970219799499086,0.0017693991046624075,0.0029301448990476336,0.0,0.0,0.0,0.0,0.0023161617572037695,0.0,0.0,0.00925608140011325,0.01739956703669983,0.0,0.0,0.0,0.001477940035686084,0.0006292588375041886,0.0,0.0014610348713655818,0.0003441262990490221,0.0,0.005594194930848654,0.003164228331601846,0.0,0.013014541562040183,1.0,0.0,1,guess_passwd,R2L
0.018388116275838456,0.0,0.0,0.003970427814051641,0.0057001289645935435,0.0035702853476029905,0.00259199073042049,0.0,0.0,0.004604641375671904,0.00921087757035091,0.0007737772981130225,0.006536330961282757,0.0005932372058734177,0.0,0.010885464058759077,0.0,0.0,0.0017146613227243018,0.9965323651511926,1.0,0.009729062928117885,0.001750184235057902,0.0,0.0,0.9757712518446073,0.011140005011503664,0.0,0.9974383354156416,0.9995221507295421,1.0,0.018486800526775083,1.0,0.0,0.011985177099926999,0.0,0.0,0.0,smurf,0.987756457540094,0.0,0.0,0.0,0.0023411414064326928,0.0,0.0,0.0,0.0058700657012242235,0.0,0.0014669505934476787,0.0,0.0,0.0,0.007016442353240372,0.005739920890323673,0.0,0.0,0.9867247578339544,0.0,0.00716298852234531,0.0,0.0,0.004770870341138626,0.0,0.0,0.014126994101399783,0.012117439281506165,0.0,0.011907141151151986,0.009029792573914208,0.0,0.0016313574541372625,0.0,0.0,0.01577796743536219,0.0,0.0,0.02012806858786185,0.006212929924764151,0.006266222528713799,0.010243075150793016,0.008258245716778894,0.0,0.0,0.0030734249921286166,0.0,0.002031982402407332,0.004760667351300201,0.00174138498580085,0.012244338243150804,0.0,0.012262857206326501,0.0046534349230327576,0.00799026815274994,0.0033449992249003795,0.0,0.0021587458573212766,0.017378460055480816,0.0,0.004864505554891262,0.005510076359263927,0.008176303403106546,0.009689716202891758,0.0,0.0,0.014903498955206533,0.0,0.013082014658375914,0.00592222012403976,0.018939969292210968,0.0007098982884035093,0.01597720046952825,0.0019355962563825538,0.0,0.0,0.007730188585311053,0.0008662534707731659,0.0,0.00186973088434449,0.0,0.0,0.975535710079801,0.0,1,smurf,DoS
0.014431593710338673,0.010737428699595415,0.00766288833374095,0.0,0.0,0.003794885794998868,0.0,0.0,0.02003042778457601,0.0,0.0,0.004006621225950973,0.0,0.003903848673120469,0.009746128999916925,0.0,0.016748461789204232,0.007003636243991982,0.014356698625138655,0.015550270951923356,0.030375652045805734,0.010660652402534703,0.0,0.0006213286855287961,0.0,1.0,0.0,0.004131354515224902,1.0,0.9976317846420113,0.9916650922923131,0.0015738919817127315,0.0,0.0,0.0,0.011785019916421254,0.011874189532945754,0.0,normal,0.0,0.0,0.9963025001360178,0.0,0.024132567407380307,0.010770860968811642,0.0,0.0011459987139723286,0.0,0.013345926161013533,0.0,0.006826702491747664,0.0,0.0,0.0,0.9945927941536256,0.001240233373538266,0.0,0.001941722000395586,0.009688373342291804,0.0102246079598082,0.0,0.0,0.0,0.0,0.0,0.0029212502210077514,0.014716530624233544,0.007919567034083308,0.0,0.0,0.0,0.0009492411334465066,0.0,0.006315697507930559,0.005901272604782682,0.0,0.01325035557104058,0.0,0.022964473821803343,0.0015465920788807308,0.0,0.0,0.0,0.019164313944438956,0.0,0.0,0.0,0.0,0.0,0.017721489029960794,0.0,0.0,0.0,0.0,0.0,0.013431027337500595,0.0,0.0,0.0,0.0,0.0,0.012699002945083684,0.0,0.0,0.0,0.0007819785916869888,0.00011933081596813309,0.0,0.0,0.0,0.005476496390026525,0.0,0.009428339511819308,0.0,0.015031038693851978,0.0,0.0,0.012953474583579701,0.0,0.00881292942559014,0.022906547729076826,1.0,0.0030634830051897467,0,normal,Normal
0.0,0.0,0.0,0.004910766234970011,0.0,0.0,0.0,0.0,0.008597704585007615,5.334576510573065e-05,0.0004700545119104646,0.00414177668473239,0.003399425434128291,0.0,0.01706493251100535,0.005401471105955414,0.0007702849664574241,0.0,0.0060030935112012785,0.02899941092313987,0.006699437958744413,0.0,0.013071052871382082,0.001632085782014493,0.0,0.3112103591276944,0.5167567779113289,0.006732358379686247,0.9943082082337533,0.0,0.02237184169659908,0.9741771617794118,0.016767930748588178,0.0,0.061105045736617486,0.0,0.8909077372884904,0.0,normal,0.0,0.0,1.0,0.008328862945022185,0.0,0.0013436558913343017,0.0,0.0,0.0,0.017463529342770925,0.001391505139049563,9.205112640592501e-05,0.0012214722460386523,0.0,0.0,0.010849496433098777,0.0,0.0,0.0,0.0011272107791550961,0.0011759521696612847,0.0,0.0,0.0,0.018243572584497537,0.0,0.010899588606248371,0.0,0.0,0.004823511796635134,0.008297471216195475,0.0,0.0,0.011863893441261913,0.0,0.009454269753140258,0.0,0.0,0.010124105779904087,0.0,0.000994687034869846,0.010768171594937228,0.003260294384697411,0.0,0.003234295526856142,0.002161663149080178,0.0,0.0,0.010576822362611607,0.004583702166656749,0.01332356101018483,0.0,0.9932194865881392,0.0,0.00840512477011227,0.0,0.0,0.0,0.0009228647726236397,0.013050274116162544,0.013562302844753163,0.0,0.004752507499710168,0.0,0.006762276433716755,0.00756160402924244,0.013149909200976076,0.0,0.00589077655222497,0.0,0.011218154409832783,0.004297640600207603,0.0041644773332133326,0.010422223296949196,0.002582928649132485,0.0,0.0,0.0,0.002354858515851151,0.009113945720262334,0.012824621129976732,0.01966168903709445,1.0,0.011715426685508165,0,normal,Normal
0.0,0.0,0.00831749303914927,0.0024388421043047954,0.01135921351002363,0.0,0.011147172399254083,0.0,0.0,0.013964188374412375,0.006253400952743527,0.006627750639154514,0.0,0.0,0.0,0.008138051147715458,0.009810540157996896,0.006861107957324079,0.0004494383053510915,0.18990288411668427,0.0,0.0006683640425624179,0.0,1.0,1.0,0.009566241294955171,0.0767468715322073,0.009799172618736977,1.0,0.005139178567560918,0.0,0.0748603973691421,0.008474547176803985,0.0,0.008569366476871456,0.0,1.0,1.0,neptune,0.016334139602752675,0.9898467986904562,0.0015084369548435592,0.0,0.0003430355568125113,0.0,0.015809817242077827,0.0018332057027371717,0.02242981978067379,0.005175083227481245,0.0,0.0,0.002151210696585997,0.018002838235548043,0.0018151727133310753,0.00023100327786322987,0.004431967954098411,0.0,0.0014027521109011769,0.0,0.0,0.0019300894379428379,0.0,0.0,0.013331089232195873,0.0,0.0,0.0,0.0,0.015109124414813413,0.009793002482545587,0.008932920198635464,8.928838861297569e-05,0.0,0.0,0.0,0.015724403193793847,0.014014610944697546,0.0,0.0,0.027010523272010492,0.0,0.0,0.0007757940689745738,0.008020583903083477,0.0018438776513684419,0.0006894243092368113,0.0,0.004339293200251883,0.0,0.008049233459997215,0.0,1.0,0.0012881049046284644,0.0027746181837381167,0.003753105233724292,0.007066422921440639,0.005170823252665558,0.00014104751548104134,0.006340313471450824,0.004239153444507144,0.0,0.0,0.0,0.01360732575768693,0.0,0.0004887726231660401,0.01027539501948925,0.0,0.0,0.0,0.0,0.004900480475651149,0.012631072413998433,0.9992653769876625,0.0,0.003962470603111569,0.0,0.0,0.0,0.013610736521711759,0.0,0.000742788983355648,0.015317034111583172,1,neptune,DoS
0.0,0.0,0.0,0.0,0.004285045873627612,0.0,0.014530849473521266,0.0,1.0,0.0,0.0031452336927490212,0.0,0.013023572029744858,0.008969244078989693,0.0,0.020252455978523244,0.0,0.009997149532281037,0.0,0.01084967631573727,0.007286910145822624,0.0,0.0029714948130195574,0.0,0.01012639241595852,1.0,0.008656346402510135,0.005626924880237781,1.0,0.8364374973838333,0.8291385062408254,0.03905541542858214,0.009739918558146167,0.0015552728015031415,0.0,0.0,0.03449856643393681,0.0004571542676052395,guess_passwd,0.0,0.9782082381726281,0.0,0.0,0.007068578805508194,0.012255303668231266,0.0037655237353159403,0.0,0.0034434459919575966,0.0,0.011795322324004738,0.01511588051347511,0.006125303530977913,0.0,0.0,0.0,0.010621415599145909,0.007942954750521128,0.0,0.0,0.0,0.007670023446217691,0.004891178826297468,0.01467014813169921,0.0068541663699645166,0.00829012667451273,0.0,0.004977107685583646,0.0003933433881968902,0.0,0.0,0.0,0.0,0.0,0.0,0.007376917625707987,0.0,0.0,0.0,0.00713428287958386,0.01404871886531789,0.0,0.0,0.0,0.015617065402319564,0.0012590996397896443,0.0,0.0,0.0,0.025151441807735053,1.0,0.0,0.0,0.0,0.0,0.0,0.007732830399473465,0.020211651397552,0.0,0.0028127543968314646,0.006829394343133165,0.0,0.0030060524214070745,0.01313146483620584,0.0,0.0,0.0,0.0,0.007845817193487101,0.01814620857800105,0.012474244988918035,0.010874867354617188,0.005988268077405437,0.0033558725291160177,0.0,0.0,0.0,0.0,0.0,0.005300170077969852,0.0,0.001988072622402156,0.9947313332333865,0.0,1,guess_passwd,R2L
0.0,0.008223734017090941,0.01363868157754598,0.0,0.0,0.0,0.008872328724883752,0.015557819177132429,1.0,0.0032641273722262103,0.0,0.0,0.0,0.02614823427055005,0.00818073229521615,0.0,0.0,0.001043571816271937,0.010321733758225145,0.011514807599654241,0.02662644375204557,0.019637815966977345,0.019331786142034055,0.006063864405895342,0.0018556807818652498,0.9810608369820173,0.0,0.0011565422014741286,1.0,0.9973319302134119,1.0,0.003907517114401925,0.0,0.0,0.0038269732141350188,0.0015783267854599914,0.0,0.0,normal,0.0,0.996211760669858,0.0,0.015607207903853964,0.0,0.0031608259209072926,0.0043209085254286754,0.010832139705701875,0.0,0.0,0.01701357118961986,0.0,0.0,0.0028873262576478947,0.0,0.0,0.0,0.0,0.0,0.005541113296993263,0.0015551570403115017,0.0008037865406903434,0.003594851233042866,0.0,0.017510399845956377,0.0077236667762344,0.008149936064113066,1.0,0.013798672014552949,0.013920556157460875,0.0,0.0,0.012857502762465382,0.00024797185043529634,0.0,0.0050637825709380115,0.0006735883953649507,0.0,0.0,0.0,0.006398586161507526,0.002117898032205691,0.0,0.0,0.0,0.0,0.0,0.003352946181076395,0.0,0.011345718615618292,0.018048758704688878,0.0003500891603985528,0.0,0.0,0.0,0.0,0.0114384199578434,0.008309995206288529,0.0019262375332297376,0.020498957258666187,0.0,0.011986484371786994,0.011743698172352195,0.0,0.0,0.0,0.013117666979575457,0.0,0.008179562444298988,0.0,0.003945850786361793,0.006734861562137935,0.0,0.0,0.0,0.0,0.0,0.0,0.0034184212055619863,0.013222765770173638,0.0,0.004300817643211997,0.9904453380562008,0.0077922072833624635,0,normal,Normal
0.002865173447326755,0.0,0.0,0.003990655543665744,0.0012666808290721,0.0,0.0,0.00587054588007913,0.9995539781276788,0.0,1.5603368126124415e-05,0.006522256994959168,0.0,0.002881119496411178,0.0,0.0,0.007446272492829371,0.00856390164654466,0.002043041667710801,0.0,0.0,0.0055168683346975425,0.0,0.0,0.0,0.993895994745148,0.009243867347836906,0.0,0.9913656238788431,1.0,0.9862743344260376,0.005245999889201798,0.014201088573183345,0.0,0.0,0.0,0.020132693976687883,0.0,normal,0.0,0.9875498973020381,0.0,0.00833847172910689,0.004524009701255798,0.0,0.0,0.0,0.021934591801278963,0.000598873698004589,0.003931373511274006,0.0,0.0,0.016551216521315734,0.0,0.007878156950899556,0.0024542743289060628,0.0,0.0,0.0,0.0,0.0035929082263795498,0.009768169428265097,0.0018464045812598192,0.01355935574373101,0.0,0.005203123583552818,0.9919792068382106,0.019341689492594072,0.0026397469267483526,0.0,0.01656821162319057,0.0010204068522149828,0.02082817377450745,0.006159794649920263,0.004743398808920412,0.0032901571691431376,0.0,0.0,0.003248523392148555,0.0005770048152501649,0.01102592042487461,0.0,3.803449704321841e-05,0.0,0.0019162218481079344,0.021397311553558916,0.0,0.0,0.00798558530397221,0.0,0.0031574384825872664,0.0,0.005559173314137509,0.0,0.0,0.0,0.0,0.0,0.008528975906011852,0.004737347781677841,0.0,0.0033355603067847885,0.0,0.0,0.021368560770283894,0.014833453710406369,0.0,0.0,0.0,0.006334613734690504,0.0013809864092461574,0.005219926540002512,0.003181383839362605,0.0,0.005482929505061031,0.0036576024930640694,0.000864204962159314,0.002440695537394081,0.0024595973617913386,0.0,0.0028049905734427918,1.0,0.026195763229815552,0,normal,Normal
0.01859296485843344,0.005907170016999789,0.010046516891286097,0.0,0.0,0.0,0.0,0.0043489452209565325,0.9959960717201327,0.0,0.013725110440297622,0.0,0.0,0.010109128819906464,0.0,0.00045682586387927514,0.0,0.016706449736239457,0.011548694363011416,0.020807990149846394,0.008017747262228429,0.0,0.0033499479242454916,1.0,0.988397588897245,1.0,0.0029335822797696503,0.001625509238031751,0.9922549405062967,0.9629657836847711,0.9607220259627485,0.005556612362286979,0.007888164654564038,0.004186933658068161,0.02597429155874578,0.009379695327384713,0.4803519699101785,0.5118494350648553,apache2,0.0,0.9977259976746528,0.0,0.011422950640141339,0.00514344199793565,0.0,0.011702011506612018,0.0,0.0,0.014149546492053331,0.02432117497918356,0.0005803756684219788,0.0,0.010609026918992976,0.0,0.005727866493594667,0.009998346040942399,0.00491645597673588,0.0,0.0020463089651927826,0.01852032074496415,0.0,0.0,0.008150893961049451,0.0010862676055087119,0.009519062807161766,0.0,1.0,0.0,0.0,0.0,0.0005478768116798276,0.00555053097825103,0.0032161147789811274,0.0,0.0,0.003313354405600995,0.005379782441920213,0.0033529418831321324,0.004102803046892426,0.009655389179620487,0.006399723895262681,0.0012852151693680846,0.01802834593249958,0.00273371877429054,0.01019230841407571,0.00035820948685053136,0.0,0.002180691854611174,0.003611676740313844,0.0,0.0,0.0,0.00881241698566119,0.0,0.0,0.0,0.0,0.0,0.0,0.016023675511565433,0.013396755353952974,0.0005311207763436589,0.015642528472270018,0.008472605734450191,0.0,0.020239594888913387,0.0,0.0,0.0,0.00048756577647042547,0.0,0.0,0.004866932933605069,0.0,0.0,0.0,1.0,0.0033467345772757694,0.0019410020687028896,0.0,0.0,0.006408308669295185,0.0,1,apache2,DoS
0.006520920055606709,0.009011506621139021,0.002137541353017058,0.003213502511793987,0.024334124186136213,0.0,0.0,0.0,0.00010301111760934676,0.0033692078107992822,0.015267187741420114,0.008014391519974884,0.003993833767063422,0.019143335820245813,0.01565548963691197,0.0,0.0,0.012918205129260956,0.003156465381676299,0.0061259570606510515,0.0,0.0023871846256274406,0.0,0.0,0.005453962197210342,1.0,0.0021667349136127805,0.0,0.0,0.021451033363103576,1.0,0.0,1.0,0.34510094162085225,0.0,0.001166316683171903,0.010850559456731022,0.002625497707627598,warezmaster,0.0,1.0,0.0061499934853463415,0.009182448868318625,0.01012691362445621,0.0,0.0011689196002322062,0.015311015855710994,0.0,0.012190939599241377,0.025722918692687117,0.015218373058050443,0.004973138743910803,0.0,0.006024811239784983,0.005697106700512361,0.0068078632276141,0.0,0.0,0.03324814131153397,0.0007952459934645713,0.005524549872032629,0.014334594761228175,0.971049424976105,0.0,0.013967328606058994,0.0,0.0,0.002330310267440731,0.003399900386229109,0.008063685041389903,0.0,0.0,0.0,0.004015960398014647,0.0,0.013293895954708071,0.0,0.0,0.0,0.018119115887617332,0.008459956262438761,0.0011377267476140737,0.004495591885780024,0.0017684212882301202,0.005492689653996567,0.0,0.014113989474097857,0.0022670073399350572,0.001556606678213301,0.0,0.0038125948950837748,0.0038522788882420045,0.0,0.0,0.0061379349509455925,0.0,0.011368978660679334,0.0,0.0044124499790751835,0.0,0.0011409909572213856,0.0,0.0014578283780070419,0.0,0.00450633224293736,0.0,0.0058290145505062296,0.00044499112542274895,0.0026862457633729992,0.0,0.001723055996265427,0.006312108683187493,0.0,0.0,0.0,0.010466753001851297,0.009383440997740182,0.001890038730785049,0.0,0.00023005652740398013,0.023987092104825,0.996596929697938,0.0,1,warezmaster,R2L
0.0,0.0,0.0,0.010934617838275637,0.0,0.02192425961345226,0.003269169817103103,0.0,1.0,0.00038824756000149216,0.010445007581186713,0.0017701975272130025,0.0,0.0,0.0,0.0026615740451211667,0.0,0.0023487466395992296,0.0,0.02310945917390211,0.0460070336581692,0.0,0.0,0.0,0.007533265892897515,0.9908905911414043,0.0,0.0,1.0,0.9984665578246573,1.0,0.008238834181177209,0.0014670670441884793,0.0026158234272059106,0.002930366382231202,0.006750929020167931,0.012123666853904869,0.0,normal,0.015768562791912265,0.9947335483359686,0.012979728011439054,9.116132138836663e-05,0.0,0.0,0.003573710741418081,0.004711342802855247,0.0005978925200643251,0.0,0.0,0.0,0.009957557618382533,0.0,0.0,0.002663503750062289,0.0,0.0,0.004728182754096253,0.016559483459661423,0.004553801108452451,0.002875561349836979,0.005292356687315768,0.010094073032295132,0.0,0.0,0.0,1.0,0.0,0.0,0.006210265312940046,0.0,0.0,0.005786155439550713,0.01845870317634888,0.0,0.0,0.004322908341845309,0.010918951700157444,0.010702669666372008,0.0,0.008998979049709891,0.0,0.006729170257217913,0.0,0.0011527189448892374,0.0,0.0,0.0015647847289396357,0.011704709467946488,0.018184101468222646,0.0031169611656385854,0.010217967995941386,0.0038873109112487285,0.008898886393640396,0.0,0.0,0.0,0.015441274397278925,0.0,0.0,0.0,0.0,0.0,0.006355664986526701,0.0,0.005929627674282895,0.0,0.0,0.004289212493854916,0.0011986710708469044,0.006276732091889654,0.013846180483879082,0.0,0.0,0.0,0.0,0.0,0.017118252595278393,0.0,6.222681034363674e-05,0.0,1.0,0.0011276486781702556,0,normal,Normal
0.006660957300522623,0.0,0.02053705862864972,0.005278665344486264,0.01105192161293804,0.0,0.000549820972788495,0.0,0.004087117190970708,0.006018860063895692,0.0,0.0,0.007840400623289997,0.003646161415945391,0.007006786336224857,0.0,0.005116069025954031,0.005906136878798842,0.0,0.5276593846005797,0.0041835616458525075,0.9977354179041081,1.0,0.0,0.009096320358318987,0.000327030318396742,0.05357443006357958,0.0,1.0,0.007133627827461351,0.027470554467958673,0.07289078669300168,0.0,0.027595562145052727,0.9921435991898525,1.0,0.0,0.0001646498889691142,neptune,0.0,0.989310446688429,0.0,0.004880995963818711,0.0,0.0,0.0,0.0,0.9986665637047153,0.0,0.0,0.0,0.0,0.0,0.0,0.005198236396678522,0.0,0.021844789381510448,0.003607610579542141,0.0,0.00948207663821723,0.0,0.007890985224262488,0.0,0.0,0.008240142165612516,0.006722921717406361,0.0,0.0,0.0,0.005000587105837065,0.00851908296860165,0.006540635729412516,0.0,0.0075994343623562045,0.0061169873720373245,0.0,0.010677056138655409,0.0022196498484447556,0.02485460063120971,0.00261841542666685,0.0036646665554134466,0.0,0.00400855793642459,0.0073135525548378546,0.020935177525072284,0.0,0.0,0.0,0.0,0.014807000490073437,0.0022720786227862096,0.005983721654471753,0.013559749105333741,0.0,0.0,0.0028337153603716354,0.004907784167296259,0.0,0.0,0.0052801830855851726,0.0,0.009361864128383529,0.012129707299840366,0.0006769997595994336,0.00036574399144753147,0.0,0.0,0.0,0.0,0.0,0.0,0.0,0.01194037435359733,0.002406431950228065,0.0,0.0,0.0,1.0,0.002561471112525453,0.0005415259042909953,0.005517984668150646,0.0,0.0,1,neptune,DoS
0.007110692930995077,0.0021747901704336657,0.0,0.0,0.0,0.0,0.0,0.010192352237095184,0.0,0.00365439633330469,0.0,0.004340777833531356,0.01696112430979979,0.01114238260547948,0.0,0.00015081527958530223,0.0,0.007489468362258551,0.0,0.021685044871079234,0.024244426920672732,0.0,0.0027805806356270197,0.0,0.018434284530273293,0.3046880461685124,0.30147596416982464,0.0,0.9933102019118665,0.011287406806342775,0.014154499519559575,0.1620145882203655,0.999246015376779,0.0,0.0,0.004985723307586978,0.004591374338990911,0.017794991629728935,normal,0.011015875459664775,0.006713005358611352,1.0,0.009869885731263487,0.0,0.015396673173307038,0.009547925318945842,0.0014897295929395546,0.0,0.017512283976209072,0.00039084578441772366,0.0033241114285720895,0.0,0.006098619695355971,0.003299438531400363,0.005148658374615579,0.015546654757756918,0.0,0.014028606896261592,0.0,0.0,0.006798581519339976,0.0004931714790718781,0.0,0.0,0.0,0.03520675046088621,0.0,0.005685240542685348,0.0,0.0015520995343770892,0.0,0.0,0.0,0.0013027806179101201,0.005337208821829341,0.003783202204228467,0.002393019800620404,0.0075436499617292764,0.0,0.004720821302235218,0.016011434463684547,0.0,0.0,0.0039190742328848996,0.0017111327008970585,0.0,0.0,0.0,0.008515530915106408,0.00013023405583091155,0.0166455696794119,0.9890505428028314,0.009453595563803435,0.0,0.0071861484349307544,0.0,0.0018771378927022297,0.0032747353447907983,0.0,0.0,0.021618140787673483,0.0,0.0,0.01181218359547159,0.01048907992714887,0.0,0.0,0.0013867072751661492,0.0,0.00920559142461862,0.0,0.0,0.00575910830022145,0.007792442022703964,0.0,0.0,0.020202405699884084,0.0,0.0,0.005903266636221573,0.018257074015149668,0.9968634899010846,0.0005667763075290659,0,normal,Normal
0.0,0.0005105477350671373,0.0010809089058059686,0.008415620690135218,0.0003335178747893606,0.0,0.0,0.0,0.0,0.0,0.0,0.0015773043022538156,0.01953495000053932,0.004969338941115279,0.0,0.006147584750711976,0.0,0.0,0.0,0.907951120428925,0.9102589909057989,0.00435686447445109,0.01667822129044652,0.0,0.0,1.0,0.009915462950479697,0.0,0.9997737219032427,0.9980798819510075,0.9957077915919511,0.00485421575323706,1.0,0.00647309823054079,0.013900103756326651,0.0,0.0021324952478264485,0.0,smurf,0.9918257368395738,0.0,0.0,0.007631894764131377,0.0,0.0,0.0,0.017692263875468482,0.0,0.02144030280480906,0.0006581530251311476,0.0,0.010807495308752033,0.003233110161018402,0.0,0.01577219286356857,0.0,0.0025033108020879567,1.0,0.0051757959819888335,0.0,0.026724155732392153,0.0,0.015476458372336506,0.0,0.0,0.006146405974029455,0.0,0.0060217246337158385,0.015944546668066346,0.002577720162468526,0.0,0.005643720737025083,0.0,0.008858704569019797,0.01639851383903134,0.0,0.0,0.011276110089608294,0.004628099342804038,0.0011684111949735352,0.0,0.0,0.004125679667824101,0.0,0.0,0.0,0.001343140490563641,0.0,0.01879056054514769,0.011766789671218952,0.0,0.0,0.0015872289200633272,0.0,0.0,0.007933737643289472,0.0,0.0,0.013510882995811862,0.006444262259974492,0.0,0.0,0.00887101132121297,0.0,0.0,0.013930497883993734,0.004971984789653665,0.002487923851329515,0.005529645676998333,0.0,0.0,0.00801821730442199,0.002274884328656125,0.0,0.008685467961242931,0.00017484869651505382,0.0,0.0,0.0,0.0035282812443356193,0.0,0.9892912544942811,0.0,1,smurf,DoS
0.0,0.0,0.0,0.0,0.0,0.0010834190574319346,0.012191630298666685,0.0,1.0,0.0,0.012820671523678278,0.0063055573028450405,0.005288387395458036,0.0,0.0,0.009166283322346069,0.005958941888710609,0.0025638206037286323,0.0,0.0,0.009122057106229653,0.011196599524510855,0.0,0.0,0.01888917176756425,0.9950655139936025,0.0,1.0,0.995395998992567,0.5640554177164642,0.5517893229353203,0.03408090721817697,0.013491552961860043,0.0,0.0,0.0,0.0,0.0004801203249040759,normal,0.0,0.9983875168419901,0.0,0.0,0.0,0.0,0.014863730430762601,0.004126494885622748,0.00738394188696418,0.012443990070233031,0.00030489663366300936,0.008596325646255542,0.0,0.012155253374916495,0.00606949586483662,0.0008500612452813507,0.0,0.0,0.0,0.0082008927334478,0.0,0.010918030257886253,0.01267624488609967,0.0,0.0,0.007323087775708845,0.012070387968184777,0.025306467794540023,0.0,0.0,0.0,0.0,0.008011019608214338,0.0,0.0,0.0017328753044103494,0.014954638328509236,0.009084141285984339,0.0,0.006782423212541263,0.006807728706488663,0.0,0.01257492593076208,0.0,0.0,0.0,0.0,0.020456687517374682,0.0,0.00028866153873961076,0.0,0.007665170931052373,0.0,0.018354868978778992,0.0,0.0,0.0,1.0,0.0044931786573210696,0.0027725589946389806,0.0022971854498072437,0.007676846182083488,0.006406008566586181,0.007146171420235821,0.0,0.0,0.0,0.011065848401442311,0.0019021025765620062,0.0,0.0,0.00594943009244782,0.008307900362984144,0.0,0.0,0.0,0.014222212869973827,0.0,0.019684811027800817,0.0015332695574481895,0.01842300866017933,0.0,0.9927751291718251,0.0,0,normal,Normal
0.0019162379487651278,0.0,0.007003345107730289,0.0,0.0009208788550114494,0.0,0.0,0.0,1.0,0.0,0.0,0.0,0.015303145616706922,0.0,0.008842355693328315,0.012747385922499715,0.0006152689756332144,0.0,0.0,0.0,0.0,0.006561863486283402,0.014924918507642458,0.0,0.015078847038628263,0.9975359409071862,0.0,1.0,0.2395322729950722,0.648616376636798,0.6511160925234986,0.07538081900794816,0.0169374161865415,0.0033308554947186217,0.007547642731835684,0.003895852186153732,0.0,0.0,normal,0.0,1.0,0.008940505791399113,0.004212636421564685,0.015721531332307734,0.0006540499097665964,0.0,0.0,0.0,0.007864055343210982,0.008904976530080676,0.0,0.0013730919690641127,0.0,0.00914001960214477,0.0029848893545176033,0.0,0.0,0.0,0.000942536081823208,0.012028349886048131,0.0,0.0,0.0012229357259317048,0.005221371400274788,0.001493782626127591,0.0035311133168449776,0.00455662001838473,0.006257550085565623,0.0,0.0,0.006477263818587463,0.011123949114257903,0.0,0.005299098207155495,0.001117478598134181,0.0,0.0067907234507053865,0.010942510249591036,0.0,0.007909408623171335,0.0,0.011590712079664927,0.0,0.0013275221666704448,0.00013949919090222603,0.00242412082424357,0.009062352909486177,0.0,0.01958358932446195,0.0,0.0,0.0,0.006406370946900248,0.0005561251873976736,0.0,0.023510388494064373,1.0,0.0016092406754486604,0.0,0.002947286234018385,0.003408862920656524,0.0,0.002856163254281548,0.0014299902056798292,0.015078191062797813,0.0,0.010713554291599533,0.0,0.0007471177069383436,0.0041566508173505184,0.006031511058837304,0.016231487869653324,0.006271697111429647,0.003959671678253668,0.0,0.008430405377122264,0.01259136413846106,0.0,0.0,0.005676736737014634,0.003106205203618601,1.0,0.0,0,normal,Normal
0.004782090567762067,0.0,0.0,0.013936521714877494,0.0004975096296062189,0.012721269074113218,0.01182480831753128,0.0,0.992030874173906,0.008372394961436597,0.0,0.0,0.0,0.021275007755847505,0.004209396955279503,0.0,0.014241565321187255,0.0042802355033219565,0.00013335719271909566,0.0037413310785384185,0.009927838473860943,0.0,0.006672016484927104,0.0,0.0,1.0,0.01235089981518389,0.0012622058513693218,1.0,0.9907177706670236,0.9941823437884529,0.005434243156120003,0.007968863986867181,0.0,0.005445742765641782,0.01162181789237573,0.0009649116063073657,0.0,normal,0.011247746127328026,1.0,0.0022740946061184076,0.007233650537539474,0.0,0.0,0.0,0.0,0.0042033472816900294,0.0,0.016184762819587556,0.00699677789922803,0.0029974093650828,0.008559233518013565,0.0,0.0,0.0076898273138175845,0.0,0.00039679719607552274,0.0,0.009562269435152313,0.020569185458873675,0.01618413927728883,0.0,0.0,0.0018449629283312013,0.013361348384209874,1.0,0.0,0.0,0.0,0.00015436215116526546,0.0,0.026021721605639023,0.001988342351020616,0.0,0.0003696766049082631,0.021530415990877762,0.0,0.013287107888561035,0.0,0.0,0.010742012000537116,0.001300324543128738,0.013588601849722081,0.010002971251232886,0.0,0.0,0.0,0.0,0.0006116439709230484,0.009486142674700672,0.0066624725902485905,0.0,0.0,0.00903701554243353,0.013734354971049207,0.013427426984076674,0.0119658476153541,0.0,0.0,0.002386641007687391,0.0,0.016414383349794028,0.0,0.004523351494973883,0.00959262806278553,0.0003036189089317606,0.0,0.0,0.01205506895609337,0.01772861130119153,0.010662950538087504,0.0,0.023796688941513842,0.004877180694163912,0.0,0.0,0.0,0.014037576195606702,0.0,0.008350963154939987,0.9900817795115847,0.0,0,normal,Normal
0.008219527266774936,0.0,2.451993960700003e-05,0.0,0.005934751875507443,0.010965824679971148,0.006674024524996525,0.0018873704209089392,0.0,0.0008979779890098839,0.0,0.0022796980177700187,0.0011263283328569063,0.005066690875349974,0.0,0.0,0.00907195468358256,0.0,0.0,0.46778257782117477,0.03944684885702219,0.0,0.0,0.9911377526711568,1.0,0.07896026867488341,0.05788695042251341,0.0,1.0,0.08834296814099145,0.08224637275022668,0.07194253479818918,0.0,0.0,0.0,0.016280292726988027,1.0,1.0,neptune,0.0025555459171518334,0.9802247865426924,0.0,0.0034621942821689094,0.0,0.011970864088367844,0.014619588545914317,0.00020812098356669964,0.0,0.0,0.0,0.0,0.0,0.0025805613619991415,0.0,0.0,0.0,0.006444258832158809,0.007022989294806168,0.002187778111641198,0.0,0.003522040011953632,0.017200380207278446,0.013332665902225663,0.0,0.02105680288714468,0.0,0.0,0.0,0.008541039267155591,0.0,0.0,0.0033478698141073894,0.0,0.00774330255493555,0.0,0.002607811864929327,0.0,0.006808000028677237,0.012663525787962074,0.0011404823862402793,0.010376993830159845,0.0,0.0,0.0,0.028022863543127757,0.00870828485972782,0.0,0.008308261466439648,0.024123030045394324,0.006802386145826298,0.010526876227567044,0.9948076288482863,0.0,0.015104310848449924,0.007369689375515154,0.0,0.0,0.0007434609529918364,0.0,0.008481638299210758,0.0010971625937192787,0.003941270992635803,0.0022136357031744443,0.006072321220539305,0.004603618740027292,0.02152079173500731,0.0,0.010660419100583138,0.0,0.0069815621036695506,0.010906427782673415,0.0,0.0162129689181977,0.9991287004234564,0.0,0.0,0.006246294874274157,0.0,0.0,0.0,0.008729472960271913,0.014802171303297485,0.0,1,neptune,DoS
0.0044248219468104215,0.0,0.0,0.0005842466523034017,0.005616601581471183,0.0126512746995881,0.0,0.013009777488819915,0.0,0.0001795556301794867,0.011273672752330415,0.005255753739340564,0.00023834578274743484,0.0,0.0,0.0,0.0,0.0020334696214904012,0.014382025325282481,0.49656729207424377,0.022504373086773048,0.0,0.0,1.0,1.0,0.04481530577480103,0.038815533189386006,0.011161217491308259,0.9928922140816324,0.04410266258145749,0.052162040679776124,0.05583340930405089,0.0025115124578509247,0.0,0.0,0.01029282132948713,1.0,1.0,neptune,0.007874215922998503,1.0,0.0028979584592349395,0.020484994223390358,0.010822442438087889,1.0,0.012518584224359941,0.009504001182714968,0.018012791940782293,0.0,0.0,0.0,0.0,0.0021515785447017055,0.0,0.0,0.0,0.0063193959686363415,0.011131398163063601,0.0,0.0,0.0,0.023340498851370364,0.0,0.0,0.0,0.007985418718306873,0.011776873667005505,0.009044626848883975,0.0008093996951559525,0.0,0.0,0.0,0.0,0.0,0.010109522051936031,0.0,0.003585830233309277,0.0,0.012318092678861428,0.01754518351898358,0.008410896476279975,0.0,0.0,0.0,0.0,0.0,0.009943225162770722,0.0006319288132452062,0.009417686062766195,0.0,0.0,0.0,0.028057594242842293,0.002787789073956985,0.00849431019719923,0.0,0.0,0.0030434304594536914,0.0,0.0,0.008146682667516551,0.008629964425396461,0.013707502362864141,0.012923424540338097,0.0,0.003130894795323697,0.005040733203663187,0.0,0.00757786912403812,0.0,0.0003010014651171738,0.0,0.0050273907051644915,1.0,0.0,0.0,0.018053187486352908,0.0,0.0,0.021293983777159013,0.0022413657360059575,0.0,0.014053791159042808,1,neptune,DoS
0.001837470365742393,0.01961835253224099,0.016894232846440493,0.0,0.0023569757821659387,0.0,0.0,0.020543184289337667,1.0,0.01050355690474674,0.0,0.009718607976833,0.004574873542344506,0.0,0.008881965024780255,0.0,0.0,0.0,0.0,0.02320333902883216,0.02485121769466034,0.005421288893397958,0.0,0.0,0.011720970543213005,0.9881746407415535,0.0,0.0,0.225848531043502,0.9778210216906141,1.0,0.0,0.015611009990330271,0.05353802630532668,0.006448128078342197,0.008598320736133855,0.0,0.0,normal,0.0,1.0,0.0,0.0,0.01593798325714019,0.0,0.004506101068079451,0.0,0.0,0.0038362643748545856,0.0056996886214012756,0.0050720752526534395,0.0,0.0,0.028264330469265717,0.015293906840147567,0.0,0.013630329633061747,0.0,0.0,0.010897764426029567,0.0,0.0028015816508440805,0.0072784640108229616,0.0017479075071758655,0.0,0.0,0.9920276871454946,0.014229799559545564,0.0,0.00921902827174394,0.0,0.001621434481491985,0.0,0.0,0.0,0.0,0.021840274672355275,0.0,0.0,0.0,0.011183355435722969,0.0031773586961870237,0.0,0.004827695579823057,0.0,0.011076547263543197,0.00022388908493026132,0.0032846758780195047,0.008616688858015514,0.0,0.0,0.0022952065495078127,0.011813315051951394,0.020792833909089738,0.0038497303359506458,0.0059657691555113,0.0,0.0,0.0,0.006636372294615625,0.0,0.0,0.0,0.0019526780877784174,0.009356532807044682,0.0,0.0,0.013756160392038193,0.0,0.0,0.0,0.0,0.0029654063274135068,0.0008979105891556492,0.003973032505098714,0.0,4.022494139626804e-05,0.0,0.006743372475771421,0.004024577385489632,0.0,0.9903461554813185,0.006480047708874503,0,normal,Normal
0.0,0.0,0.0,0.0015693914880327636,0.0,0.0053943922884253015,0.000434124522021992,0.0,0.9881594123234501,0.0,0.0,0.0,0.0,0.0,0.0,0.0,0.00440595436591609,0.0,0.0,0.027990816311002968,0.030746773405119363,0.0021507328573029763,0.0,0.00020445524160459197,0.008682029559604143,1.0,0.009285283171076,0.0,0.9942416686714994,0.9901478250171701,1.0,0.0,0.0026264271448174707,0.004314638520631112,0.016785559821296078,0.0036484341459406284,0.0,0.0,normal,0.0,0.9879147359139223,0.0,0.0030511129868363756,0.0,0.010451727288136954,0.0,0.0,7.930133024796213e-05,0.0017562244719899012,0.010157749616719194,0.0026536984754102293,0.0,0.0,0.013951316719609133,0.015440127205928487,0.0,0.0,0.010029393073860969,0.0,0.02891909844897103,0.0,0.0,0.0,0.0,0.0,0.005568098931545981,0.994384643015136,0.023708237421894394,0.011828698380831901,0.0,0.0009263940816804938,0.0,0.005234878751101261,0.0,0.0,0.004883138394903756,0.0,0.004407958526452599,0.002580992066925234,0.0065708810984431675,0.0,0.0,0.0006404434669765366,0.007400842957482303,0.0,0.005921968204238356,0.003369207265733281,0.0018427156275770983,0.0,0.0,0.0042210264426826025,0.0,0.0,0.0,0.0,0.0,0.00346338779738556,0.0,0.0021750665846309598,0.0,0.0,0.0008814793997883234,0.004466946267702717,0.0,0.002141995708017268,0.0,0.0,0.003717503971542433,0.006533252451736161,0.005096680939803835,0.0,0.0,0.0056508983729328015,0.0032511096370079267,0.0,0.0029314659019903174,0.0019235643386794025,0.0,0.0009847260438956159,0.007513018297379586,0.0,0.9981529228404377,0.0049585357802672085,0,normal,Normal
0.017157263747721984,0.0047511326789522945,0.0,0.001101244281791,0.0,0.01878288962986789,0.018576426254091366,0.0,0.9970191589068471,0.0,0.01782432815429097,0.0031783416356892455,0.008708513842659247,0.01140082317764173,0.0,0.005232622636162058,0.010683263707179607,0.0,0.0,0.02654595068791886,0.04257489453236492,0.0,0.0029099041221810175,0.0,0.0,1.0,0.011741609616804942,0.13054585365745044,1.0,0.9956124083861121,1.0,0.004500939322637179,0.009661102894555964,0.0005013668369174157,0.0,0.006977627936168743,0.005858909944570257,0.014789243354308567,normal,0.0,1.0,0.0,0.02190417284499885,0.006920847207177042,0.0,0.0,0.0036999395367019513,0.003656243630089781,0.0,0.0,0.0,0.0,0.0,0.006799563996315257,0.0,0.0,0.0073296884918703335,0.0,0.005982951109443735,0.0,0.005804207771410921,0.017331089840585925,0.014987395243654977,0.009186976467845153,0.0,0.022796456712943163,1.0,0.01519370526413162,0.0,0.002184088304083561,0.0,0.0,0.005369977701936598,0.0,0.0003387902489088923,0.0,0.0030600383678718646,0.004346031765340027,0.0,0.019431536561549344,0.005457011412500252,0.0,0.007255775180963699,0.00910664944396145,0.0,0.0,0.0014452927365108195,0.004659242909596108,0.0,0.010975828736072009,0.0,0.0,0.013073276777035221,0.0,0.015107597637229374,0.001610352067229875,0.0,0.0054296829876668415,0.006044946116013694,0.005356481375992451,0.0,0.0,0.0009807425722214319,0.0037110863425302617,0.0,0.006637470643885206,0.0,0.0,0.0,0.0,0.009392709438444178,0.011929992100224402,0.0,0.0,0.0,0.0,0.0020408549284332755,0.013879575416275094,0.0,0.0,0.005726162607358122,0.9953279122781894,0.013205821532330849,0,normal,Normal
0.0,0.0,0.00028445744790323176,0.008583604120357417,0.007341901326922916,0.0,0.00046003185376572876,0.0,0.009475759699719729,0.0,0.0021299469678588167,0.0,0.010943783614059772,0.017590656210367265,0.0,0.0,0.006730840218807113,0.0,0.005010791959790317,0.016491523242126216,0.004117002627962097,0.0,0.0,0.0,0.005423052048161083,0.9912130064052362,0.0,0.665565557461856,0.9991474441268385,0.9893816037297405,0.9749378605980497,0.0,0.0,0.0,0.0,0.016510339487827562,0.0,0.005521444655804384,normal,0.0,0.0,0.9869490578219151,0.0,0.010218106969906212,0.004423652261325028,0.009723728487300999,0.0,0.02440478916659762,0.0,0.023895149990345615,0.0,0.0,0.0,0.0,0.9926818673645386,0.0,0.0,0.0,0.0,0.0,0.0,0.011464054909088608,0.0,0.015641532451292635,0.005852197781238475,0.003983917291409705,0.0,0.0,0.0,0.018238476161384194,0.0,0.017870672022412003,0.0,0.0,0.0,0.0012969138952858132,0.02686278988052732,0.0,0.0018602218416874075,0.0046387165218704845,0.0,0.0,0.00472699578086997,0.010676619570170935,0.0,0.0021545575722089405,0.0,0.0,0.0024900629185389163,0.0,0.0,0.008113060853411496,0.0,0.0,0.0,0.0,0.003053676552734137,0.0,0.022132195204489013,0.0,0.0,0.011040950030275023,0.0004507981564405552,0.011751809752990942,0.002877207538043878,0.005391009433999929,0.0,0.00023461158768041938,0.0,0.0025307088307207908,0.0034533679482595314,0.0,0.0,0.0,0.0,0.02128637936655179,0.005487840878653311,0.005972814044866321,0.0,0.0,0.008581925712579876,1.0,0.0,0,normal,Normal
0.17128802041603533,0.01368804240603723,0.010087576993344139,0.0,0.0,0.0,0.0069663446382942,0.017177803690606907,0.0,0.008460204056923123,0.0,0.0,0.0,0.0013552516413493322,0.0,0.004286796511931563,0.009909226476382052,0.0024908079216817386,0.0,0.009832225655640812,0.006076745894766446,0.0,0.005870345624803691,0.005391545591794276,0.0,0.9981159485424597,0.015269767491759732,0.0,1.0,0.6614482674511372,0.6564869828013681,0.02171618598243484,0.0016405467867209877,0.0,0.33299498844714903,0.5031864033201053,0.09801066419513198,0.06832388146598076,processtable,0.002229503871291643,0.9911037767689018,0.0,0.001270270035979141,0.0,0.000757350647277298,0.00019224747231299488,0.004416141527081459,0.0,0.01218220939844293,0.0,0.0,0.0034193882790510867,0.0075179859371039374,0.012134576268637228,0.013564663438081988,0.0,0.0,0.00894532720480929,0.0,0.009757832193544818,0.006435571717120634,0.0,0.0,0.0,0.0,0.0,0.0,0.0,0.0,0.0,0.0,0.0,0.002610255025575518,0.0,0.0,0.0,0.0,0.0005792204478960633,0.0,0.0,0.0012502815892869066,0.002892116341161121,0.009591830224862555,0.012806484660345993,0.0,0.0,0.0,0.0,0.0,0.007907313878464956,0.0019932031871520727,0.009924301629953681,0.0,0.0,0.0,0.0,0.0019575937738442357,0.0024822282353138807,0.0,0.0,0.015572882337792377,0.0,1.0,0.0,0.0,0.02003911872501759,0.008503604459872992,0.007572183225367134,0.006529976810263726,0.0,0.010791085583868262,0.0,0.002864791143579479,0.0026475690824741887,0.002958018456008742,0.006693901646026695,0.0027816029083984084,0.007617758469922167,0.0,0.0,0.0,1.0,0.0,1,processtable,DoS
0.0,0.0,0.0123012593996782,0.0044649357986364996,0.00641713075980008,0.0,0.004042720066190651,0.0012811619622416222,0.0,0.0011431051697010175,0.0,0.0,0.0,0.004686796810947559,0.0,0.0,0.0006580054339534361,0.02162767063426469,0.003043191599194562,0.22973943308417435,0.003314437474748898,0.017304347366929946,0.0,0.0,0.0019478279303206856,0.07168237369562007,0.7147671192099806,0.0,1.0,0.05122402026817029,0.039322217108420314,0.7634706432626521,0.996775579678235,0.0,0.0,0.0,0.01586353374994958,0.0,normal,0.0037844365483214455,0.0,0.9897964623848872,0.0074528338085671775,0.0,0.0,0.0032725191881908216,0.0,0.0,0.0,0.012423309026139076,0.008381048564427234,0.0,0.024728762409475216,0.012742604227658855,0.0,0.005359209292784042,0.0024284230115828916,0.0,0.0,0.0,0.0,0.0,0.011864920946881697,0.008905674844881068,0.0,0.004468961210061038,0.0,0.0,0.0,0.0,0.0059267921930442205,0.0,0.01714694910309149,0.0,0.0,0.0,0.0,0.0,0.0,0.0,0.005555630837067612,0.001284929045127944,0.0,0.0,0.0,0.00021312005476904275,0.0,0.004332009672866357,0.0,0.01090371979049408,0.0,1.0,0.00033210307061411394,0.0,0.02855074174546225,0.0,0.005209979751556023,0.00307271576308693,0.017379598995588198,0.0,0.012130492790168432,0.00923096080203882,0.0,0.005384896301442628,0.0,0.0,0.0,0.007785974614546959,0.0,0.0,0.0,0.0,0.00812342819390479,0.0,0.006959893771557496,0.005793317373306056,0.007027672180018715,0.0,0.0,0.0,0.0,0.9996078473532765,0.004016819092616957,0,normal,Normal
0.0,0.0,0.0004799069544825035,0.0003386843949371393,0.0,0.0,0.06962033863696898,0.0,0.9868962994422097,0.0,5.651174318682953e-05,0.0013941007218433647,0.005786388201778303,0.008151955468115432,0.0,0.0,0.00271548395687285,0.0,1.0,0.0,0.0026394877680278516,0.0,0.000638170996526483,0.0,0.015508082019634668,1.0,0.0,0.0,0.9384567345365127,0.27509164083916166,0.26230527573000817,0.01781104786562943,0.01858448332449981,0.0,0.002579248464988813,0.0,0.0006010432950513938,0.02031885065878358,normal,0.010033811231602753,1.0,0.0,0.02307773505360098,0.0,0.0,0.0,0.0,0.0,0.006932977049695253,0.0,0.0,0.0,0.0,0.004335001165377468,0.0,0.00497528425850853,0.010112661218735662,0.0,0.01468334695329145,0.0036790067436263158,0.004753001917375867,0.9818230230450326,0.0,0.0032583217144158505,0.002286306601562762,0.0,0.0,0.0,0.013409735164216912,0.0,0.015386076536555255,0.0,0.0007693235136320558,0.0,0.0,0.0010880651340819695,0.025015215069772983,0.0,0.005800027169251419,0.0,0.010636498129308695,0.005466551900462257,0.017187830642053203,0.0,0.0032379952903949924,0.0,0.006575920192131017,0.0035851251783462087,0.0,0.0,0.0,0.0,0.0,0.0,0.00025418551115459666,0.004228137290430398,0.006788712853576835,0.0,0.0,0.0,0.0,0.0012860257754374565,0.0,0.0,0.0,0.0017470878719273403,0.0,0.008007610929921421,0.0,0.0,0.0,0.0,0.0,0.0,0.0,0.0,0.0,0.024024571682620906,0.0,0.007409784525933785,0.0,1.0,0.0,0,normal,Normal
0.0012306795088026087,0.0,0.009134755748772748,0.0,0.0013383529682771036,0.008524839132101647,0.013263885334038475,0.0,1.0,0.000727340872206895,0.00415496697366378,0.0008794658902421895,0.0021982744324810593,0.0,0.0,0.025038176235677164,0.00401457669184532,0.004884419635218273,0.00036339280646678277,0.022784450420534272,0.006730305581975921,0.0,0.011600644986938188,0.0,0.011722697458074405,1.0,0.0,0.0,0.990570916708029,0.9808227783540999,0.9854759614181312,0.001257157478866663,0.0,0.016093095430387522,0.0,0.008243173374754387,0.008395110490889764,0.014559058370866716,normal,0.0,0.9868023920555198,0.0,0.0,0.009891519619844132,0.008067902840950613,0.0,0.0038934977867254284,0.0,0.0023836464102134965,0.0,0.0,0.0,0.01266064905960975,0.015681822733085007,0.0,0.0,0.0,0.0032532499037298945,0.02598630058135338,0.0,0.0,0.0,0.0,0.0,0.0013929277843030851,0.0,0.9888341283943309,0.0,0.0,0.0070588124081248284,0.0,0.0,0.009773563572489067,0.0,0.0,0.0,0.0,0.0,0.0,0.0,0.009472501895689371,0.008511281048211456,0.010719658240405496,0.0,0.0020786565785788293,0.009330160053845486,0.002981320898251027,0.014117507316339291,0.010111500743960859,0.006850613741458724,0.0,0.014851601415913422,0.0,0.0,0.0,0.0,0.0,0.0,0.0004355896258130438,0.007764238704283162,0.0037268185260030773,0.0016895660545681943,0.0,0.0,0.00017592355172551898,0.018492692970710937,0.0,0.0,0.0,0.0,0.0,0.0,0.009348627549102593,0.0,0.008108797426186401,0.0,0.0,0.0,0.0025072575921743167,0.01592026373734904,0.0,0.9984339657889819,0.013302307965122075,0,normal,Normal
0.015374529330711921,0.00784628613255806,0.0023115770939582834,0.004363702260742323,0.0002210790886209354,0.0,0.0018558260375707597,0.0,0.0,6.50442944450948e-05,0.01214864711427143,0.0,0.0,0.008816715100704024,0.005598542009785811,0.010297906839827665,0.0,0.012324413035271082,0.0,0.0031476773299603956,0.014097708933349358,0.0,0.006109292799763142,0.011773760811437722,0.0,0.9958004272883445,0.0,0.0020751479797559893,1.0,1.0,0.9791095192461408,0.008676850393340005,1.0,0.0033202800770267362,0.0,0.0,0.002636341439626876,0.0,smurf,0.9884357863820378,0.0,0.0,0.0024512275031369035,0.0,0.0,0.0018886926432871945,0.0010105921354855117,0.001875842298006961,0.0,0.0,0.00282858071808469,0.0,0.0,0.0,0.0,0.002385295600871052,0.007050364738650462,0.9841189136484305,0.0,0.01028824247336545,0.02307340450593364,0.0,0.0007649443570885998,0.0,0.0,0.0,0.0,0.0047551110068049145,0.0,0.0018465317155370268,0.0,0.006870661306944993,0.004999936426992778,0.0,0.014803290248774841,0.0007612833087818551,0.0,0.005640997096076989,0.0,0.0,0.0,0.0,0.0,0.010113331032382083,0.013289170776148565,0.018230423640909363,0.0,0.004312212926383074,0.008370307911592226,0.0,0.006800212997782523,0.0,0.005590544904840212,0.0017265521311548243,0.0,0.0,0.004015168340297653,0.0,0.0019494511411851003,0.008761808300343715,0.0,0.00047869459252297626,0.0,0.0,0.001268455833242856,0.006063978600050414,0.022043785743059402,0.0,0.002956708131193363,0.0,0.0,0.00904499596994294,0.0026891658675555746,0.01406514747777413,0.0063322884631351155,0.0,0.0,0.0,0.023255272789034227,0.003925283618388238,0.0,1.0,0.012796918721397668,1,smurf,DoS
0.0,0.0,0.004144752256840591,0.0,0.0,0.008111920558722004,0.02322947591741442,0.00803399802076228,1.0,0.0,0.0,0.0,0.0,0.0032198955267666403,0.002741099844814074,0.0,0.0022915548514083634,0.0,0.0,0.0,0.007352938845064826,0.016484261984251878,0.0,0.0,0.0,0.9939170158819581,0.001998207224947832,0.0030591865134426462,1.0,1.0,1.0,0.016874787999999953,0.014252355352512324,0.011582950916739701,0.008197076029786279,0.0,0.0029894480867647577,0.011746046695278569,normal,0.0,0.9756590577927465,0.014299889187996982,0.0,0.006084887005974064,0.009498515902206735,0.0,0.0,0.0011057827063557233,0.02023962844879004,0.0,0.011857672954192405,0.003691942200735604,0.004508371859870895,0.0,0.0,0.0,0.02164552926772129,0.01727713750140593,0.0023676723867428686,0.014545893745371146,0.0009834952803558978,0.003331727015076193,0.0015698608202255682,0.0,0.008349420092814471,0.0,0.9881081055913203,0.0,0.0030963590355561122,0.0,0.02106268758979417,0.005158702358592184,0.004932731785867528,0.002760928674550789,0.01056045006772691,0.0,0.0,0.0,0.01298811909014594,0.016216312619620723,0.0,0.012841873404034533,0.0,0.0008008777878403704,0.012241805998751232,0.00030967279891226147,0.008032484482256835,0.0,0.0,0.00117690193557183,0.0012391179179947118,0.0,0.018692326878939524,0.008906697462743635,0.0,0.0,0.0,0.0,0.0,0.0,0.0,0.003519143681458293,0.0018476712019015642,0.012221466698872252,0.0,0.008011850210899606,0.0,0.0,0.0,0.006381802446335225,0.0,0.0,0.013426683397173695,0.0,0.0033481161693226253,0.0015501542841537858,0.0,0.0,0.02021011294665606,0.0,0.00030922084506479833,0.9971834464532484,0.0010397590223358347,0,normal,Normal
0.010840900335060523,0.0,0.0,0.006976313927881653,0.0,0.002004597997528472,0.0,0.0,0.002902480911372237,0.0,0.0,0.0,0.0,0.0,0.01272466075317571,0.0,0.0,0.0,0.0,0.28861633882972837,0.008344016691634513,1.0,1.0,0.002061323923218675,0.007878190766363263,0.07369702510057954,0.08805941157569494,0.01331589146401676,0.9938781654561912,0.06223134601329155,0.04470509367534946,0.0587012034722939,0.003304128846486357,0.0,0.9980813208511115,1.0,0.0,0.007625472653766436,neptune,0.0,1.0,0.0017330803075482934,0.0,0.0,0.013156033228440212,0.0,0.0009777973704262473,0.0,0.0,0.011535819014414654,0.009921262154221238,0.0,0.013490450711229784,0.0,0.0,0.014912999906000684,0.0,0.0032720382462158304,0.003258031050303172,0.008006257236842607,0.013024546339097451,0.0,0.0,0.007455829787630466,0.0,0.007093978149309827,0.001812728935277742,0.0068621086014977505,0.0,0.022588617646041507,0.0,0.005238905178693537,0.0,0.0,0.0,0.0,0.0003709738695407778,0.0,0.016284997150861097,0.0,0.0,0.0,0.01892425038127571,0.0,0.0,0.005109742045828382,0.0,0.0,0.0,0.0036527045305413596,0.005321322259918307,1.0,0.002981176579884006,0.0,0.0,0.01335538177748144,0.0,0.0,0.0,0.0,0.004298079426006857,0.005856739081135117,0.01705122151461147,0.009001484340911192,0.0,0.0,0.010493680691305882,0.007635768298728472,0.004587317224965022,0.0,0.0,0.0032611937328378784,4.6015106051379544e-05,0.0,0.0,0.01013556337497741,0.0,0.9951563001311944,0.0045786422430230955,0.0,0.006389641915508399,0.008411045399720093,0.009575285549821325,1,neptune,DoS
0.00043531573933667703,0.0,0.0026580145121785892,0.0,0.0059164068082637215,0.00935244603454278,0.0,0.010420791566174694,0.0,0.004194497491093186,0.0,0.0008650093854376638,0.0056944387218267455,0.010612614910096716,0.0,0.00326570209649927,0.0,0.0,0.003959845915380398,0.0,0.01121276664204085,0.9910496941492465,1.0,0.0,0.0031833594429582367,0.9955493341887386,0.0,0.0,0.9945745482169827,0.5223066868631804,0.5113949986370083,0.03346219133125348,0.021517138442021033,0.009785917512958016,0.5363651101633139,0.4484699681023468,0.005554613842342195,0.0,processtable,0.0037957534212284105,1.0,0.0,0.0,0.0,0.00022750096305891983,0.02303831649312205,0.0,0.0,0.006272196513813249,0.0,0.0,0.015838305321946227,0.0,0.012346522521358125,0.0,0.00046611789008635363,0.0050796784556949685,0.016166954193128337,0.0,0.0003518251904995624,0.014735081093141783,0.0,0.0,0.0,0.0,0.0006887638948966289,0.0,0.013287049566751218,0.009450601889268205,0.004124357211177591,0.01048364249908052,0.007487477076744571,0.001409047054580873,0.0,0.0,0.012796297811592024,0.0,0.008830966941525771,0.00918156908320624,0.0138214326427579,0.0,0.005322558208190918,0.003922794773062215,0.0,0.013494885563866575,0.002842988368488078,0.008022831800053542,0.003282192796830358,0.0,0.0032210200851210714,0.0,0.00365415696630071,0.0,0.015057887240789445,0.0,0.0,0.0151228071045974,0.0,0.0,0.00021835167456994947,0.0,0.0,0.9968148409732582,0.0,0.0042969995454408575,0.0,0.0,0.0,0.006788586749157359,0.00048416865911331107,0.0,0.0,0.00015420193087067822,0.0,0.013265146818433597,0.0,0.0023866177683606058,0.0,0.006637268298869803,0.0,1.0,0.0,0.01721431837914411,1,processtable,DoS
0.0,0.010127573099677746,0.0,0.0,0.009108825706248345,0.0,0.023078695099523358,0.007154477765618923,0.9971066913934288,0.0,0.0,0.003552896091752605,0.0,0.0,0.003920196401432687,0.0,0.0056675889093541695,0.00163598591370927,0.0021786187377904184,0.0184131069494552,0.008348345841612021,0.007572766852886135,0.0,0.00690100304389478,0.0074695504756932245,1.0,0.0,0.003207104497649162,0.028633974628128427,1.0,0.990915829325779,0.0038083504560564026,0.21068942977768568,0.0072067843273964805,0.007645711500802136,0.0,0.005534143090710152,0.0,normal,0.014753591418162626,1.0,0.009162408913548789,0.012900586835854402,0.012841480303568315,0.003376226763253993,0.0,0.0,0.00039318521585566044,0.0,0.0,0.007922504341129816,0.0062577403540582865,0.0,0.000750586118555351,0.010444814929392946,0.003498140639753451,0.007083072671685933,0.0,0.0,0.0,0.017499679152064487,0.0,0.0,0.0,0.0,0.0,1.0,0.0,0.0,0.0,0.0018703817582842771,0.0,0.0,0.0,0.0030045185498935507,0.010834500199230627,0.0,0.007651634265522539,0.0,0.0013057778661219764,0.0010715282756815854,0.0232074215995547,0.008873168794249497,0.00045435805848523665,0.001980980295229523,0.002293336796035884,0.008545200681232682,0.0,0.0,0.0023691507964204066,0.009024251806923757,0.0,0.010519660953078392,0.01429837939545334,0.0,0.0,0.008558030891559893,0.0,0.0,0.015691346391022896,0.007619000521416933,0.01728522038372009,0.010707902253844569,0.0,0.005197093752752186,0.0,0.003449520279846059,0.01522171147568183,0.0,0.0,0.0,0.00996376761978343,0.025273210778763294,0.0,0.011836670791439857,0.0022552941444202866,0.0,0.027720926125118957,0.010979258584130316,0.0,0.0,0.9921088507088757,0.0,0,normal,Normal
0.0,0.005811367250227006,0.0,0.030456007159827207,0.0,0.0070169541023021,0.019393492679213416,0.0,0.015097572104011405,0.004972554352409376,0.0,0.00918764779486914,0.0,0.0,0.0,0.00016807201545837456,0.005706347841290288,0.0,0.016548962786791292,0.0,0.0,0.008450089393481314,0.013130598299133323,0.009543449109839702,0.015564958132754799,1.0,0.004364206784793847,0.0,0.045923785655365076,0.05926557054947708,1.0,0.010005846449376181,0.9920185543132829,0.16513551438816082,0.002912285365335137,0.08107833118297013,0.002799600367725541,0.0020074140075845644,warezmaster,0.006210998756744888,1.0,0.00902704223228951,0.0,0.006311747180345102,0.02191321074065292,0.0,0.004077933939257193,0.0,0.0,0.0,0.0,0.0,0.0,0.0,0.0,0.0017611931849655614,0.0,0.0,0.0,0.0,0.008245087677706178,0.0,1.0,0.0,0.004134335337058868,0.0,0.007323642309837114,0.0,0.00432478390941285,0.00839516879987259,0.0,0.0,0.0,0.0,0.0059079338639766756,0.019387139460304938,0.004194310189391322,0.0006492496007511116,0.020762682703495305,0.0,0.0,0.0007617096246553302,0.0,0.00642953762290729,0.0,0.008765363488439086,0.017175377145022905,0.0,0.0,0.0,0.0,0.0,0.0,0.005504898774376958,0.006203530646332504,0.0,0.0,0.004020104879791361,0.010874375347887232,0.014753123618531212,0.00683372830884944,0.0,0.001881025572894077,0.0,0.0,0.00587918571251282,0.0,0.0,0.0,0.0,0.0,0.0,0.0,0.005700624564670032,0.009969745559725133,0.0,0.0,0.0,0.006977292056576628,0.0006659283314035916,0.00817390538500235,1.0,0.0,1,warezmaster,R2L
0.009909452615265272,0.0,0.0,0.010617628867377922,0.0,0.017512557050819753,0.0014880082555658038,0.014510055030049658,0.004372806255362128,0.0,0.0,0.0,0.013088217636732204,0.0,0.0,0.00025644439191357303,0.0,0.0,0.0,0.3129067522774693,0.0,0.0020917865759488233,0.004592631553478323,0.0,0.005476863810465644,0.001480865532415004,0.9988572420693774,0.0,0.984329616787171,0.0,0.0,0.6676553515398125,0.9890474681946865,0.0,0.01686509955620062,0.0,0.0,0.01063876388740364,satan,0.015821781262167985,0.0,1.0,0.0,0.0,0.0,0.0,0.0,0.0,0.0,0.007819482969165716,0.0,0.0010546370043110493,0.0008699555524378773,0.0,0.014221821711582388,0.0031657589357669603,0.013163120552812055,0.006138660691829141,0.015434391341851593,0.0,0.021369033505240786,0.011793161018680035,0.0037307033827755545,0.002909762454885862,0.015225500489110793,0.0,0.0,0.003609513394154075,0.01468373862244975,0.011141951230180839,0.0006069086059770794,0.002876387955975555,0.0037961999466991766,0.006951031487008871,0.014954752855280735,0.0,0.019548635146004762,0.0,0.0,0.004716067411421456,0.0,0.017375533524323934,0.0019421013575062671,0.011775488379346607,0.0,0.0,1.0,0.0,0.006008196823632509,0.00023867693527511398,0.0,0.007217907972387867,0.006352027623206521,0.0,0.013709036459236079,0.0023651873867065053,0.00950972487889689,0.0,0.0,0.01221249582532483,0.011657472171782035,0.004035112256191497,0.014412843497798715,0.0,0.0,0.006371491124206025,0.0,0.001335997388825054,0.0,0.007656146627901851,0.0007636844394662074,0.0,0.0,0.0,0.006038674641572437,0.0,0.004697087560634845,0.005437038956298419,0.0,0.0,0.004306376527002508,1.0,0.0,1,satan,Probe
0.0,0.001260539699389223,0.0,0.0,0.0,0.005575952992522424,0.00540559909219651,0.005733197254734772,0.0010299733841655776,0.0,0.0,0.0008220690597252467,0.0012702154746825575,0.0,0.0,0.0,0.0,0.0018232135467796742,0.000710995856998781,0.010290283474603744,0.021407995170450552,0.9952754648971442,0.9991086236956396,0.0,0.0,1.0,0.009769202649125652,0.0,0.9908165522873444,0.30703766820218115,0.2996865035394328,0.6274719764186635,0.0021363555771893557,0.0,0.22157206675245772,0.6816886184682175,0.6115122317557349,0.027653063228271112,processtable,0.0,0.9972990142035494,0.0,0.0023857091535605572,0.003702637369818298,0.0,0.0,0.003040660927551022,0.008434751599255599,0.0,0.0011339499263944544,0.0,0.017824939700753953,0.010460250175221517,0.0018492455490223955,0.0,0.0,0.0,0.0,0.0,0.012339248807365847,0.0,0.002809778634417375,0.0,0.0023251669616248262,0.0,0.0,0.0,0.009903598023671623,0.0,0.00947674116645767,0.017202762103595108,0.0,0.009296638101278764,0.0,0.0,0.010826943850089626,0.0,0.0,0.0,0.006427430971245693,0.0,0.01793725509308046,0.012723191025134233,0.0,0.003803121064873728,0.0,0.011102296871030554,0.0,0.013842755500409337,0.004702714276075826,0.0,0.00868082154553357,0.0,0.0,0.016871665931000424,0.0,0.0033852512262436984,0.015422529633187283,0.0,0.0,0.0,0.012428953044126185,1.0,0.024226692956652245,0.025171703555363925,0.0,0.011937831725619952,0.004824905408485606,0.0,0.0,0.0,0.0,0.014827953809788304,0.005470407959294008,0.0014700064214933134,0.0082283439454013,0.01386752949057986,0.0,0.006034341321152348,0.014948008330559686,0.9903920035586107,2.1188691649701628e-05,0.0,1,processtable,DoS
0.0,0.0,0.0,0.0,0.0032215225211769615,0.0,0.010111822125945998,0.00688654805433152,0.004999538760733193,0.0056640998501460505,0.002346263544934264,0.0,0.0,0.008657593134697833,0.0,0.01993675533256124,0.004102412577352845,0.0,0.0,0.2651160667393277,0.043365369693659964,0.0,0.006245863396476662,0.9899588853631212,0.9944516786559962,0.13057718741879248,0.0505334187855342,0.009317883133637133,1.0,0.06249311076542437,0.08292728662022018,0.07015890278178816,0.015488221004424145,0.0,0.003396413151897927,0.0,1.0,1.0,neptune,0.0026085081268398826,0.9986171449507343,0.0007240137181554983,0.0,0.0,0.0,0.0106776041044207,0.007384746285957909,0.0012747783955357403,0.0,0.0,0.014320640025583389,0.0,0.015243183753752831,0.0,0.003653074060895539,0.002897279913775136,0.008867323305315845,0.0,0.004261950746090186,0.007105257793890473,0.006309443558583213,0.018057671794883923,0.0011774993381437188,0.0,0.0,0.0,0.0,0.0,0.002535056179961367,0.0,0.004726342750775943,0.01804392708057411,0.0,0.02404386014900961,0.0,0.009899431225231799,0.01532908870826968,0.008243443827531482,0.0,0.015393731741462736,0.0,0.0,0.0,0.0,0.0035782543536951135,0.0,0.0,0.013819178345692313,0.013314588919979609,0.01155217280290006,0.0,0.9932684848074405,0.0,0.0,0.008241986967778456,0.0,0.0,0.0,0.005649188388372987,0.0,0.0,0.012975559257870604,0.01350451502549706,0.0,0.0,0.0,0.0,0.0,0.00014346704709214324,0.03166402011097011,0.0,0.0039281953298838405,0.0,0.9923215293245448,0.001090475158335278,0.004081874764251036,0.0,0.0,0.011762763096811376,0.004604029214915149,0.0,0.0019757926649047832,0.0016289242630875358,1,neptune,DoS
0.008606902039399197,0.0,0.0,0.0,0.0,0.004800555720394026,0.0,0.0029447142462391573,1.0,0.01366162183371052,0.01659231311215166,0.005560007303562153,0.0043245651040556546,0.009126721925832713,0.013203446105267707,0.008235135453638501,0.020380562690182794,0.0,0.011595818052127501,0.01438405095677273,0.004853082763632987,0.0,0.014426194433189132,0.0,0.0005997509463067195,0.9987793094556466,0.009471226203712898,1.0,0.9789115614355428,0.993386558367274,0.9982791697238739,0.0027987576307539333,0.0009339220711631787,0.004676749267238945,0.011222351794527555,0.0012266040353101698,0.0,0.0,normal,0.0,1.0,0.0,0.009612382462489582,0.0,0.0,0.0,0.0,0.001235197411589359,0.005462564968270685,0.00015108822969004816,0.007856422026996322,0.009728775099959104,0.0,0.0,0.0,0.0,0.0,0.0,0.0,0.016485530593615197,0.0,0.00904984269200468,0.011721773845318086,0.016187373077557854,0.0038393209959433996,0.009719332543357877,1.0,0.0,0.004728199623495165,0.0,0.0,0.0036625351065143366,0.014030395755684108,0.0019005393310655813,0.0,0.0,0.0,0.015541988779308916,0.009637287104060368,0.0,0.0,0.004352671342014896,0.0,0.027942139202204164,0.0,0.01275025260326964,0.0,0.0,0.0,0.01398730023086586,0.0,0.0,0.0,0.0015399178801938657,0.009260860339008317,0.009469386207354305,0.006287973426154796,0.006383947562429739,0.006417090779681995,0.004372985706193494,0.022894749168212065,0.0,0.004121915534711825,0.0,0.0,0.007214423405374327,0.0025758136741917265,0.0065053107473724845,0.013993779855149038,0.015705414434477327,0.003072936256142193,0.0,0.010693146540974254,0.0011679134257558885,0.0,0.004969409389524746,0.0007849944109675904,0.0,0.0,0.0,0.01091353379186148,0.9934513882854491,0.005481193967985089,0,normal,Normal
0.01778695394899599,0.0,0.0,0.004113378648511064,0.0,0.009428610228579897,0.027840623204676562,0.0,1.0,0.006775804036635866,0.0,0.0,0.005630647635454896,0.0,0.0,0.0,0.0,0.0,0.9903453315888323,0.0,0.0,0.0,0.0,0.013202837338259894,0.0,1.0,0.0,0.0,0.06245296977043834,0.061948423257573576,0.9283226458817279,0.17613620173876074,0.07441218767262398,0.0,0.006367980347015764,0.0,0.016437968039200494,0.009715968055026399,warezmaster,0.0,0.9872018547015915,0.023107768016092597,0.0011460285676844716,0.0,0.0043442715470483366,0.0,0.005473502478466209,0.0,0.0,0.0008886765219812398,0.0,0.0021786039570488576,0.016150888901287516,0.0,0.0,0.0,0.0,0.0,0.01287859812015974,0.0,0.0,0.9878506191234544,0.0042627104283387025,0.0,0.0,0.0038934256668172263,0.0,0.004211094552460241,0.0,0.000580906903739479,0.001622121389007614,0.0,0.005221270250441009,0.005090054329452102,0.0,0.0016237014666163419,0.0,0.004626120312244139,0.0,0.0037537265913494744,0.0,0.0,0.0,0.0,0.007668331262342173,0.0062543608171243695,0.006473932427688805,0.0,0.006366894065649943,0.002722074534164249,0.0,0.0,0.0,0.0,0.013524212525724569,0.004422291419191387,0.0,0.008326348948183565,0.006798692990697328,0.012055212909574268,0.0006960203013767459,0.012985669556001063,0.002978313046886738,0.0,0.0,0.008613533823009518,0.0,0.015641836128720724,0.006323814882926761,0.0,0.002701955375963784,0.0,0.006809625820310591,0.0015651209359618045,0.009067935935841872,0.0,0.0,0.005905432979536983,0.0026459644186060992,0.0,0.0,0.9850919973047968,0.0,1,warezmaster,R2L
0.00038955011440318713,0.008851127539737266,0.0,0.0,0.002527934241983229,0.005365968752587142,0.0,0.0008697211259416349,0.0,0.0025123900533394667,0.0,0.0,0.0,0.0017512152664849476,0.0,0.0,0.002247318134711427,0.011213475580418072,0.012543501378379769,0.34216357908368,0.012803007456585356,0.9902592212194296,0.9979232766540772,0.013552147550342222,0.0,0.08573334788528919,0.07819739185286916,0.013473532639679398,1.0,0.051563838385496934,0.04181342012406984,0.09341964898455297,0.0,0.008821562344364993,0.9900524131310461,1.0,0.0,0.0017865579620269688,neptune,0.005659546349494077,1.0,0.005687980200971732,0.007654467489260752,0.0,0.00744261120635343,0.013553957986098276,0.009843072371242722,0.004812304635238961,0.01223129649621438,0.0,0.006344172424388516,0.0076141296567421015,0.0,0.007951812146347168,0.002495303790009428,0.009874888476104874,0.002715589273146232,0.0,0.0,0.0,0.0,0.0,0.0,0.0027097024307876603,0.006403858928554609,0.010594285139135993,0.0,0.014382642411179572,0.005261296551855489,0.0006674375762022673,0.0,0.0,0.02729857869441567,0.0133502082279678,0.011498998222889934,0.0,0.0104482841547574,0.002899531104136251,0.016746254049419058,0.0,0.0,0.006747004201195956,0.0,0.009908833469078901,0.9988292842306702,0.0,0.008135581564061784,0.000586021955935427,0.009536668011466005,0.02189257037051627,0.0021646984998109206,0.0,0.017746179825036814,0.004869220925848648,0.0,0.003457538890597996,0.0,0.0,0.006033870167443857,0.01155043312281019,0.006865078194424285,0.0,0.0,0.0,0.008946750834429577,0.0016077823363779184,0.00675582964497108,0.0,0.0,0.0,0.0,0.0,0.0,0.0,0.01834141197582832,0.0,0.003932581755541099,0.9940006375365139,0.0,0.0,0.0014692632795145705,0.0,0.0,1,neptune,DoS
0.028368478054327392,0.004132245325273914,0.0,0.0033391801330308795,0.004571164400617455,0.012610247953130916,0.009431439014793265,0.0,0.9828372696303244,0.0,0.007873933639950346,0.0,0.006068078186051029,0.0,0.0,0.01883953092010144,0.017265572442160215,0.0,0.0065818484102573,0.07937514002911747,0.05924510148015903,0.019809794398801348,0.015423210856678164,0.9700991156223214,0.9614988190630782,1.0,0.000800843385566995,0.007651884825680145,0.9981968680246042,0.989951304224797,0.9829042139379434,0.013915091492356445,0.002492156655431768,0.0,0.0065959441519733725,0.025032202339392143,0.6313685970238732,0.62924525727746,apache2,0.0,0.9945707429372306,0.007501291789887254,0.002836272116400051,0.021236098962386905,0.0,0.0007470259306877031,0.0,0.0,0.01698065381432506,0.0,0.001727847246772583,0.0036842255940908626,0.0,0.018513445592259904,0.007358764675428071,0.013746377921108499,0.019559500126457456,0.014415052393016279,0.023261043105500936,0.0,0.014060032845192668,0.0,0.003909165120259234,0.0,0.0,0.0077583918103600845,1.0,0.009294946472484085,0.00353123349936334,0.007188408362653306,0.0,0.013336910701290994,0.0,0.0,0.01355590849946023,0.0,0.0,0.0212433553356193,0.007649182818962772,0.0,0.0023278612547360683,0.0031747561183142394,0.0,0.0,0.0,0.0012215667346357757,0.0,0.0,0.011707897457790259,0.011865583672342908,0.0,0.0035210804685011842,0.002510661317703676,0.0,0.0,0.0,0.002843216493924121,0.002651535402321309,0.0,0.0,0.0,0.007798962428952108,0.0,0.0,0.0,0.001551194468358688,0.0007392361150811945,0.0,0.011702712086680453,0.0,0.00027218669599647936,0.0,0.0,0.010823260884149963,0.0,0.0,1.0,0.011888192620782835,0.004387279703051602,0.0033966790018596193,0.0,0.0048861889545444275,0.007027764982466877,1,apache2,DoS
0.0031129066633880298,0.00462996458389961,0.0,0.0,0.0,0.0,0.02221127927844976,0.0,1.0,0.012634364401033027,0.00029296608974959873,0.00143623328160221,0.0013318311202963442,0.00039070828182842537,0.013855316536437857,0.0,0.0023515004189356924,0.004667515587476063,0.0,0.009720618846353226,0.01777325845538818,0.0028199737108924555,0.0,0.02389815050869798,0.007430738536253225,0.9889781309547655,0.0,0.11782013792244343,1.0,0.9928869576337622,1.0,0.0,0.011649169778761027,0.01019467863491021,0.03291744769192634,0.01260731971489817,0.07666558275396365,0.07132624948663802,back,0.0,1.0,0.0,0.0,0.0033439219433163744,0.0,0.0,0.0,0.0,0.014934839095213176,0.006927387492371872,0.0,0.0,0.01725401825557161,0.0,0.0014920168847100835,0.009867406641469524,0.0,0.012562323266317173,0.0,0.0,0.0,0.0003720689507844359,0.007883849410495471,0.0,0.007833245730591853,0.0,0.9986873800680794,0.024173797134574765,0.00033582892786619147,0.008831588276754173,0.009308502501776087,0.0,0.009638059086683479,0.0004357312340673581,0.0007749563732334447,0.0,0.006731530965071886,0.0028997449989768592,0.012385726971766795,0.0,0.02584511674161703,0.0,0.0,0.0,0.0,0.019884042394207633,0.0,0.0,0.0,0.0010291666116388886,0.0,0.0,0.0,0.015704244983662415,0.005090780619741021,0.0,0.017527480085731104,0.00834496102194157,0.0,0.0073889056629863606,0.0,0.0,0.0033538455515879154,0.0,0.0,0.0,0.0,0.0,0.0,0.0,0.0,0.0,0.0,0.0016128779023121393,0.009928700625827902,0.001644171144405381,0.0,0.006443807650429343,0.008218189148857795,0.002118372558585337,0.0,0.9988449626083049,0.0,1,back,DoS
0.0,0.011180285706794236,0.0,0.0,0.00042203159969246974,0.0,0.0,0.013559889284206211,1.0,0.0,0.002338938562531069,0.0,0.0,0.0,0.0,0.008315426136402918,0.011264424842188137,0.0,0.020154913361067547,0.0,0.011221753620091023,0.0017420163062723012,0.004952185444817438,0.0,0.00420697009190276,0.9952870325151045,0.0,0.25182225595793667,0.2258816747586755,1.0,0.9835657030845204,0.01142614146989862,0.020477186626582013,0.024528837146716442,0.019322293236641305,0.00044482464437515596,0.0,0.0,normal,0.0071480636051907765,0.9938209625037923,0.001292030970467074,0.0,0.0,0.0,0.013402059408700814,0.025887731486376114,0.0,0.005197554566039708,0.0,0.0,0.0,0.0,0.0,0.0,0.0,0.009514841087635638,0.004845509163764011,0.0,0.0,0.007327781814588549,0.010778534115169672,0.0,0.0034808302177269947,0.0,0.00044145459394855265,1.0,0.011833262895315277,0.005300726538667417,0.0,0.01674237141958969,0.0,0.0026441153278776953,0.0,0.0,0.0012019411348891322,0.0,0.003266489078090949,0.0038807305912787454,0.0,0.0,0.007882954760720406,0.0002518988062132091,0.0,0.00439903434185395,0.006662451320092283,0.0,0.0,0.0004200372147030067,0.006657706752723288,0.0,0.0013500358086639842,0.01051233042857975,0.004554169792725321,0.0,0.01227476641172685,0.0,0.0,0.0,0.002808916232158919,0.0,0.0,0.007823638060653067,0.0,0.0014741648705585454,0.0014207397287181918,0.0,0.0022292235977021697,0.00707229814139977,0.003266476324138508,0.0052512800949435934,0.0,0.03030022855537421,0.0015365169324411678,0.0,0.0,0.015010377081708092,0.0,0.0,0.008894727857086756,0.0,0.9962492579642782,0.0,0,normal,Normal
0.0,0.0,0.0,0.0,0.0,0.0,0.012684739517812472,0.007635188617430523,0.005143835695308014,0.001364612335274654,0.009434172701044994,0.0,0.0,0.01152764554855703,0.00777209230121048,0.01478237407173231,0.0,0.0,0.01429189914715999,0.044345636033375005,0.0,0.0,0.0,0.0,0.011467936582199202,0.05564835074108686,0.4105577896437092,0.004866859070615984,0.9961441835409744,0.004435926425365806,0.0,0.4971954438641949,0.9681885608593929,0.00358779556288201,0.014804510977291685,0.0010354562622402442,0.03193523181800738,0.010254288266572802,satan,0.0,0.0,1.0,0.0016538798430844272,0.011388708472344614,0.018229338347414012,0.008725704644812452,0.0012428070135813319,0.0,0.0,0.0057066714490214025,0.0021534193253384616,0.009778344419978234,0.0,0.0,0.0,0.0,0.010597035590378624,0.0,0.016243749632641483,0.0,0.013316892332309867,0.0,0.0,0.0,0.0,0.0007869810361147297,0.0,0.01580569263481775,0.017315478293993113,0.015870401076074632,0.0,0.0,0.0,0.0,0.0,0.0041667079204309575,0.0,0.0071300560987830035,0.02092639612444104,0.0,0.0,0.0,0.0,0.0,0.0,0.010626178221220783,0.9885330747778216,0.0,0.0,0.0,0.0,0.0,0.0054163457110966064,0.004207061055076274,0.0,0.015150364746450819,0.0,0.0,0.01508107643915072,0.009236739902888633,0.0,0.0,0.0,0.0,0.0,0.0,0.0,0.008104919318072962,0.0,0.0,0.0,0.0005267662539029851,0.01223786930120665,0.0,0.015281006713325574,0.01770517207699952,0.0,0.0,0.0,0.0,0.0,1.0,0.0,1,satan,Probe
0.008937536338444404,0.012427769477444893,0.006924100712235892,0.006774306404124464,0.012502939453261946,0.0,0.0,0.009210280573824395,1.0,0.003695602541570473,0.0027391606407410917,0.0,0.0,0.0006311316522802936,0.000635707347763169,0.0039026235446660796,0.0,0.00047905849317948974,0.0014425198121330888,0.04757551571492555,0.023751003703080937,0.002846200064902123,0.0,0.0,0.0,1.0,0.008049702532047884,0.005954799479827129,0.534477751046561,0.9976270997854664,1.0,0.0050425782108737905,0.00486021785093904,0.02462619543030567,0.0,0.0,0.0,0.00983353416669154,normal,0.006620630548673341,0.9940256118247344,0.0,0.0,0.0,0.0073237969223866415,0.006126676905791547,0.0,0.0,0.0,0.004455881461452407,0.0,0.010970915082249509,0.0,0.005054415835382357,0.00761107436240357,0.004745842878105516,0.010059818735318866,0.014439234324847328,0.0,0.0,0.0,0.0024858773547489143,0.006164834879531109,0.000646056627532608,0.00011362709468373067,0.00942103923988244,0.9912198613449386,0.0,0.0,0.0,0.0,0.0,0.0,0.01733786351245797,0.0,0.01525711797730281,0.0082430586654108,0.0,0.014295126000576695,0.007976016421802437,0.009664774187759807,0.0,0.0,0.003061108370413117,0.00674027932919245,0.0,0.014846497070869241,0.0,0.0072856802657384435,0.013692766580356841,0.0,0.0,0.0,0.0035089034545176118,0.009765362614103821,0.0,0.0,0.0,0.006231587357329408,0.011407670038951948,0.007745811824147092,0.00509168435568474,0.005997450558882833,0.0008285888659250649,0.0016320144592166272,0.0,0.0,0.0,0.004382571791222753,0.0,0.0,0.007576415191707882,0.008552369405430105,0.0,0.0,0.005587731681630816,0.0,0.0,0.0,0.0009770199838557943,0.0,1.0,0.015378523216273811,0,normal,Normal
0.0012254828094727093,0.0026680716050651834,0.009801660429577268,0.005107868381465806,0.005000974120197175,0.0,0.0005350613331279213,0.0,1.0,0.0,0.0,0.0036382518883302717,0.009754453119311262,0.0,0.0,0.0,0.009456528208056973,0.014848681146163507,0.0,0.018362093587822446,0.023987952845742122,0.0015684022127307375,0.007749567309416058,0.0,0.0071233998743601736,0.9956317270115722,0.0,0.5278781473371719,1.0,1.0,0.9883422156623571,0.0,0.0043849624546199025,0.0,0.0,0.0,0.0,0.0,normal,0.002935016669003314,0.9992505502561212,0.0,0.004370559235174442,0.011331413242519059,0.0,0.0,0.014731673583833036,0.012339792248579317,0.0,0.014465317374313193,0.00010988568440736814,0.0,0.00673034554071855,0.02092011608560668,0.0,0.009013832102397085,0.0,0.0,0.0,0.017811487854301027,0.01189168345512778,0.01578939447688302,0.03675947629361576,0.0,0.0,0.0,0.994142861457346,0.0,0.0,0.00859213435542113,0.013640664459592295,0.006856128114125708,0.0,0.0016684950246465614,0.023869070745461782,0.016883271718814423,0.00024100903791182684,0.007331872296774017,0.0,0.002678032755351009,0.0,0.02039756332453993,0.0,0.0,0.0013912343874891695,0.0,0.01624515465008613,0.0,0.0,0.0027086846499251604,0.001406289518376545,0.007502754704851729,0.00904865829908796,0.0,0.0,0.0,0.0,0.0026356875016542085,0.0,0.003885730420690975,0.0,0.0,0.0,0.013723172364460972,0.0,0.010752853435161419,0.0,0.0,0.0,0.0,0.012481410729227772,0.0,0.010214286270570708,0.015197696672873852,0.0,0.002257850001022462,0.005076323995203119,0.0024173293462760193,0.014854079999293193,0.006599419228576611,0.016162910554060564,0.9954653632788115,0.0,0,normal,Normal
0.01448396166818656,0.004351835905663019,0.0,0.00184653160853967,0.010803998980816852,0.0,0.0,0.0,0.9958685540678427,0.0,0.004849511965746521,0.012895275990809854,0.0,0.008877043800034616,0.004407769315722755,0.0,0.006690144630237061,0.008721798828735946,0.0,0.0,0.021085344572066678,0.0,0.00030134741303318446,0.0,0.0054586985401701305,1.0,0.0,0.0,0.09699488835810399,1.0,1.0,0.0008779464838001852,0.03224467992332891,0.06876282714324146,0.010910140471212599,0.0,0.0,0.01706313882385264,normal,0.0,0.9967080809229153,0.0048299233180168,0.00035301401735825016,0.0,0.012198662994497234,0.0,0.011832322034991197,0.0,0.004359857416079218,0.0,0.0,0.005945499283511755,0.0,0.007537294327239605,0.0,0.002993469883680886,0.0,0.00849116423970676,0.0005394832331075091,0.018359433913949813,0.0,0.013804142021937544,0.0,0.0,0.0,1.4531991295072775e-05,0.9902931445215072,0.0019143288349648304,0.006578246894324963,0.0010163369746180983,0.00703765434521213,0.0,0.0,0.0,0.003195517499782537,0.0,0.018277326956737717,0.0,0.01429496239039187,0.0031866775146206817,0.0,0.0,0.029767621362890108,0.0,0.0,0.009553311358766773,0.0037050603106855845,0.005880391194533499,0.0,0.0,0.0,0.0,0.0,0.0,0.009201433964824231,0.0,0.010742040715019847,0.0,0.0,0.012792694063527824,0.008384813246615497,0.0,0.0,0.006275906710852256,0.0,0.021517544085423425,0.0015633530465104816,0.00030426064189592513,0.011114649315161037,0.0,0.013287945669272511,0.0,0.0,0.0,0.008461953383319006,0.0,0.00925392332677317,0.00874449926829352,0.011883947695809615,0.0,0.0,1.0,0.009753093179056023,0,normal,Normal
0.011743378995360742,0.015595746097917454,0.0,0.0,2.9328981659818118e-05,6.632641834324453e-05,0.0,0.0021811236095322225,0.017866517245641613,0.010605370782528068,0.0011008058609828697,0.0,0.0,0.012714479856814388,0.006986993924811822,0.0,0.0,0.01691282832413691,0.0062554956065824585,0.2855874874501749,0.028569849291723393,0.004970198192598667,0.0,1.0,0.9816413339118489,0.13453346551695666,0.05927808411981335,0.010414015319010135,0.9960736730930684,0.0764660830529111,0.05900406832305129,0.05303169963331578,0.01522254894661609,0.0,0.0,0.0,1.0,0.9909444777702942,neptune,0.020277373149553097,1.0,0.011469087504540868,0.0,0.0,0.008445424878283087,0.0,0.0003168343745115559,0.0,0.0,0.007760405532040101,0.02087377189150294,0.0,0.0,0.0,0.0,0.0005303865560155382,0.0,0.007124717051459854,0.0,0.0,0.0,0.017448968054726535,0.012543911219608413,0.0,0.013259986926570258,0.0029391807761329426,0.0,0.0022251968339445562,0.0,0.0,0.0,0.012329197773530512,0.01218177068842524,0.01858639071593221,0.0001964296554378231,0.0,0.0,0.011474310778409522,0.0051077662501011626,0.0,0.009876997193858714,0.0011497009514946654,0.008583349761414798,0.0,0.0,0.0,0.0,0.0145922885036427,0.0064252244020664056,0.002071188447407058,0.004160089491143852,0.0,0.01114641299662556,0.0020904332844657704,0.0,0.0010037690901878382,0.0013256248647022315,0.007215841687731126,0.016218990507307005,0.03148855780930835,0.0,0.0,0.0031716231951343598,0.0018276360445018153,0.0031992949931460403,0.0,0.015268915843237592,0.00302326011065286,0.0,0.0,0.01680240332166955,1.0,0.0,0.9973762836050709,0.0,0.0,0.0,0.0033426828320579083,0.01012666309609978,0.0,0.02337351298430472,0.004718217266557647,0.0,1,neptune,DoS
0.015907037478731897,0.005325184424293014,0.0,0.010169523984156603,0.004228464671763371,0.0,0.0,0.0,0.983657466051886,0.0,0.0,0.0,0.016701253025412293,0.0,0.00461124178915637,0.020672858725139062,0.0,0.022996544774846736,0.004565501107762321,0.015469855497273354,0.0,0.0,0.0,0.006775431788293324,0.0,0.9873638239452058,0.005712821775953784,0.007609405750697652,0.48978846005605714,0.4146702653265093,0.8763740890937963,0.02338043629621486,0.011449639724054031,0.030527240648264523,0.002544765799144737,0.0,0.09399961231911391,0.010777900935625608,guess_passwd,0.003326859641248799,1.0,0.0,0.0,0.0024244747321687373,0.0,0.0,0.0,0.0,0.0,0.004516061640407547,0.0,0.0028348089806843036,0.0,0.0,0.0,0.0,0.0,0.013179936095618301,0.0,0.0,0.0,0.0,0.0,0.0,0.0,0.0,0.0,0.0008408856733506484,0.0,0.0,0.0,0.0008281791826475438,0.0,0.0024503199112821126,0.0,0.0,0.0,0.005050655167034871,8.211436604976944e-05,0.005620884065704577,0.007321686931067404,0.011549285139616996,0.01135724455337129,0.009896269026011992,0.0013047547881389122,0.002462941407768469,0.0,0.007070408413484529,0.014967759317398589,0.9911022975340811,0.01628221651490203,0.0,0.0,0.005321085519614636,0.0,0.0016561736621261366,0.004022211756517634,0.0,0.0,0.0,4.711025310027831e-06,0.0,0.017540810251584067,0.002596294594431969,0.0,0.01835678151752645,0.008974708522097582,0.0,0.01437969725961853,0.0024987720736630373,0.00467096392944301,0.0,0.0034535732993994156,0.0,0.02238611056043468,0.01629920876878233,0.0169093942654083,0.0,0.0013868365869930401,0.0032646461635437193,0.024612770188273,0.9950299039852947,0.008306657787883824,1,guess_passwd,R2L
5.74238226620018e-05,0.0,0.009085902650987443,0.0005736515263683459,0.0017635519409474204,0.00408400565860097,0.0,0.0,0.0,0.0058062187224564585,0.0,0.0,0.0,0.0021945093898438827,0.00635537078163638,0.0047801469255262284,0.016974284180670228,0.013500132011714466,0.0,0.2879450645816264,0.018294525506991163,1.0,0.99491603262226,0.0,0.0,0.1151034803159487,0.06522321174934625,0.004116708249320318,1.0,0.059825175872301725,0.060734612371759256,0.05232421915152397,0.007641773959691697,0.0,0.9976098108760235,1.0,0.007662381385086568,0.00026863845331641785,neptune,0.010833352965466218,1.0,0.0,0.0,0.0,0.0,0.0,0.0,0.0,0.0,0.008826968950266061,0.0077497658460247126,0.0,0.006259869167111227,0.0,0.0,0.008560177415748273,0.0,0.0,0.010130869675476111,0.006573035771028864,0.0,0.0009173285078512661,0.0,0.014880271361174695,0.0,0.0,0.0,0.0,0.014664925824149114,0.014157671186731459,0.0,0.0,0.0,0.00774160713570301,0.017805169972663588,0.0034992122324749866,0.00437977285002285,0.0,0.006158729888510005,0.005428773219518818,0.0,0.003204919203915682,0.0,0.013678912787917004,0.0,0.022530022860268534,0.017014354922778255,0.0,0.0,0.0007094256947835954,0.0018156772135548935,0.0005537750670246471,0.0,0.00609197875307331,0.0,0.0,0.002906894427890048,0.0,0.008653042902672756,0.0,0.0029409563910612413,0.0,1.0,2.4749351320983857e-05,0.004233816785452569,0.009461822449003813,0.0,0.0,0.0,0.000882092758853384,0.008171802864442775,0.0,0.0,0.0,0.0074941064531997585,0.00837527623166426,0.0030426543404614478,1.0,0.011989617439981013,0.0,0.013092770583704378,0.0,0.0,1,neptune,DoS
0.00455538208721541,0.0,0.0,0.0,0.0,0.0,0.0039468594433195855,0.0,0.013083801182565656,0.0,0.0,0.020409887224934906,0.0,0.0,0.0,0.0,0.009012554785581597,0.0,0.0,0.18913975349187648,0.1861326228613122,0.013017711696728908,0.0,0.010853424193682524,0.0,0.9965448952520453,0.0,0.0,0.9977643135787714,0.1376743196138476,0.11867584338037156,0.8504078170075218,0.13657240587804936,0.0,0.15080540304789114,0.0004154683281634631,0.7262906080009978,0.0016168557513805168,smurf,0.9982970646782741,0.0,0.003925108391990635,0.0,0.0019660321271680477,0.0,0.016233882441131615,0.010863526857076242,0.014541203653379874,0.004023011379814634,0.0,0.006320659094497039,0.0,0.0,0.0022300931371234517,0.0,0.0,0.0,1.0,0.0,0.000451170314339831,0.0009290417661809169,0.0,0.0,0.0,0.014873619393949407,0.019301680009199042,0.01097746000751787,0.014096337452194161,0.001095450920685857,0.009817314048843463,0.0009534312932798713,0.0,0.011291209939791038,0.0,0.008677280336012772,0.004834520292999817,0.0,0.0,0.0,0.0,0.0,0.0,0.0,0.017990945719340904,0.0,0.0,0.0,0.012265290399213548,0.0,0.005958769906180065,0.007677943751891503,0.0,0.0220945664959642,0.007022308277213324,0.0,0.0008857409924665251,0.0028492031037443957,0.0011093380226924966,0.0,0.0,0.023856656365504554,0.009518197589518846,0.0,0.0,0.008737142646215706,0.0033816656525114,0.0,0.002352087435928475,0.002437590694983044,0.011361902487305665,0.0,0.0017457934150383481,0.0,0.0072277738562268,0.009554233470524552,0.023267877961517382,0.0063869294942801415,0.00570918007206163,0.0,0.019178717394413684,0.0,1.0,0.0,1,smurf,DoS
0.17617713394621992,0.0,0.0,0.0,0.000940775085810089,0.0,0.0,0.01110938740497109,0.005144162542087195,0.0,0.027137240392068024,0.0,0.0,0.0,0.011561501238053034,0.004402611536397721,0.0,0.0016041573901905857,0.00829807502401297,0.0,0.0,0.012847225540317704,0.008140760970539779,0.011179493667671412,0.004994195575916714,1.0,0.013323749471222104,0.0,0.9991155301175199,0.7184888198832576,0.7214483517279744,0.029197107337965884,0.0,0.00928882343425459,0.4059337736348179,0.40134365313494114,0.013194648836130146,0.0017137332618973409,processtable,0.0,1.0,0.0,0.009910876084487262,0.0,0.0,0.006412251645312398,0.01725434306407746,0.013371546210594765,0.0,0.0,0.0025058853155311167,0.008642181439513183,0.0010925263847701334,0.0,0.0,0.00011460368190564136,0.005832006494561875,0.0010207320527911821,0.0,0.0035045170618677453,0.002676834302438208,0.0,0.0,0.0,0.0,0.0,0.005324472157735381,0.009905846966382664,0.0,0.0,0.00810469430875716,0.007142450020970451,0.0004739884692478007,0.006440655215113595,0.0,0.0,0.0,0.009051154654954315,0.0,0.0,0.0,0.005336222987477061,0.0031560211049519167,0.00524701704640131,0.02087820205960841,0.0037587940009510623,0.0,0.0,0.0,0.003270164699813186,0.0,0.0,0.0,0.0,0.009120897547304397,0.013909196776299449,0.0,0.0,0.0074886237219554605,0.0,0.0,0.0,1.0,0.012817965985486311,0.008404298669690004,0.009679931526480053,0.0,0.014339614246338625,0.0,0.005340346594110642,0.0,0.0,0.008132175272830519,0.0,0.0,0.010937919766738295,0.0,0.019857733369287395,0.0,0.0,0.009012938050516124,1.0,0.013171443121970373,1,processtable,DoS
0.0,0.0,0.0,0.002959344913225957,0.010520442576099145,0.0,0.0,0.0,1.0,0.0,0.0,0.00024598789635624615,0.013075651460131522,0.00016405849799700599,0.0037529387910696073,0.012916619380423497,0.0,0.008170981634362622,0.0,0.024572659400111302,0.01352531725379968,0.0,0.000731907677559495,0.0,0.015079670244023293,1.0,0.0,0.005496644662759106,0.11584168035433118,1.0,0.9779080800718501,0.0,0.013979375226233302,0.04841280571706605,0.0,0.00380575314180428,0.0,0.0,normal,0.0036828313395614195,0.9995306513668658,0.011342790487039301,0.0,0.005269350966432721,0.009720423212275724,0.012046179471298496,0.004163433842130522,0.001379289156612529,0.0,0.0,0.0,0.0031272708822269687,0.0,0.0,0.0,0.005140009463449351,0.0,0.0,0.010232650029836133,0.0,0.0014296715439835234,0.0,0.000756393755735058,0.007977089916689037,0.003428955254437795,0.0,0.9997246698731492,0.016101829693367976,0.0,0.0,0.009039124141355378,0.0,0.0,0.0,0.011905135251757602,0.0,0.004276108229125803,0.0,0.011945140972462054,0.0,0.00038488157713516095,0.0,0.010564802753793024,0.0,0.0,0.0,0.0,0.0,0.0,0.0,0.0164685690531811,0.016945568844603465,0.0,0.0,0.0,0.0,0.0019482211665702138,0.0,0.0,0.0,0.007991558792683621,0.010619995752229444,0.0,0.0,0.0,0.0008487053965145078,0.00619131356807731,0.0,0.0,0.0,0.0,0.0,0.0,0.0,0.0,0.0,0.008353709949726241,0.004024870459240223,0.0,0.009355702091860906,0.0,0.9941790613605228,0.0,0,normal,Normal
0.029904333833335676,0.0,0.0,0.0,0.02234043211761152,0.0,0.0,0.007456676259216885,0.012686733476825035,0.0,0.0,0.012822852033369619,0.00536693535235595,0.0018789049055657784,0.010664779078169227,0.0,0.0,0.0,0.0,0.011428759168269622,0.00522950000091922,0.0,0.0,0.0,0.006758540474734077,0.9891761116061702,0.0,0.0,0.3084381033238265,0.3076537021220469,0.9977731389889609,0.01254587846315053,0.013372768124917403,0.013862596850502226,0.0018159966686696603,0.01624342593104243,0.0,0.0,snmpgetattack,0.010690056097006026,0.0036947666696115944,0.9985882621649724,0.0,0.017723392247254412,0.009570879183286113,0.0,0.010264867255809225,0.0,0.0,1.3895006343142494e-05,0.0,0.0,0.0,0.0,0.0,0.0,0.0,0.010850005415763095,0.0,0.0,0.0,0.001140245083211152,0.007437228973618552,0.019132562340864828,0.0,0.0,0.0,0.007971221145922268,0.0,0.0,0.0023755178634388813,0.0308700122002517,0.00650719733442792,0.011287353701182985,0.016659336296706566,0.009570662368900727,0.0,0.002751108191788062,0.0,0.0,0.01319193141537568,0.0037716562139452365,0.00032355935440529435,0.010823805178687161,0.0,0.019025898964996166,0.0,0.0,0.0,0.0032596814438698458,0.005719981991386528,1.0,0.0,0.01889470368837185,0.014277587820828684,0.0006109435957487596,0.007642162726846669,0.0023919138811340133,0.0,0.0,0.0,0.0,0.0,0.0,0.0,0.0,0.016386733567970706,0.0,0.0,0.0004195374588726203,0.0,0.0,0.0,0.0,0.0,0.008118772852029504,0.0003706687092939535,0.004164362528918724,0.0,0.021730937096698676,0.0,1.0,0.003025900272658625,1,snmpgetattack,R2L
0.0,0.004763734270128935,0.0,0.0,0.013766491559624436,0.0033590179021584753,0.010260350661533062,0.0,1.0,0.001695545248120141,0.0,0.0036096142768092393,0.0017977219367907907,0.0023549150186156905,0.012583712609592628,0.012125895013709004,0.015277063962504361,0.0036925302390298145,0.014123992560471248,0.024755295346110377,0.019677425145276622,0.004830899474661992,0.0,0.0,0.016560405100087498,0.9883885571542113,0.0,0.0,0.12853452398447113,0.9745920759256039,1.0,0.00553229316553459,0.03619765669308363,0.06019313426455972,0.0,0.011175977264822359,0.0,0.0,normal,0.0062536522752583935,0.9986765212959738,0.0,0.00017735505376940033,0.0,0.0,0.0,0.0,0.0,0.0009811299555926634,0.001050805334873315,0.004981821146391604,0.002378202022736275,0.003155028022201467,0.012665907933973895,0.0,0.002399314187444632,0.0,0.0,0.0,0.000819276945985795,0.0,0.0,0.01905015494694642,0.0,0.0,0.003341399874231664,0.9957604034962078,0.0,0.0,0.003097959012598751,0.0003596530472101313,0.0,0.005654987386961624,0.012918446288126374,0.000926439635849325,0.00938742719670139,0.0005805007904968655,0.0,0.0012424846004721677,0.008483727760412734,0.010555512923175737,0.005983161331201044,0.0,0.005477319748105027,0.007303907647507886,0.0,0.009084133185056293,0.0029640621904708903,0.003994600447798734,0.013291349595843127,0.0,0.0,0.008349109597438165,0.006291748758781975,0.0,0.0,0.0,0.02467654521430339,0.016832959171241217,0.0,0.0005605327897020731,0.0,0.0,0.000613651623997359,0.0021724646030879943,0.0,0.0,0.0,0.0,0.0015916034109780947,0.00772160619939711,0.0,0.0,0.0,0.00941838041735579,0.0,0.0,0.0,0.0,0.0,0.0,0.9890327714873804,0.0,0,normal,Normal
0.014868956812331267,0.0,0.0,0.007586525328596129,0.002620714998481075,0.006505328332274007,0.0,0.0028336555731184178,0.004454923081110221,0.0,0.0,0.0,0.007834415511568328,0.0,0.0,0.0,0.0,0.0,0.0,0.9994823060993927,0.9965724118541371,0.0,0.0013778361296951306,0.0,0.010112814609659132,0.992361709705626,0.0,0.0,0.9992963814635277,0.8860039464853945,0.8732515948294343,0.01359538393162887,0.8783028550705643,0.0,0.0,0.0,0.0,0.01272430542148991,smurf,0.9920356360313687,0.0038776108475219394,0.0,0.0230167567761946,0.005011542359440059,0.01543907225922076,0.0,0.0,0.019644288344638036,0.004346400019783522,0.0,0.0,0.0002745276884742577,0.015190015302289098,0.0,0.012855480162981624,0.0,0.0058189759942365886,0.9979528530636989,0.0034856274371694446,0.0,0.0,0.0,0.0,0.0,0.0,0.003666630921314447,0.0020598868107828613,0.01540091961774949,0.0,0.0,0.005220745513457088,0.004846647516930209,0.0002670816785060143,0.009944436596644289,0.0,0.0,0.021633128678793353,0.0,0.007868189944055099,0.01515141216271163,0.013820060167692019,0.0,0.01119080119715961,0.02208632903552622,0.013876857660140667,0.0,0.013191191365077098,0.009920938783957845,0.0,0.011501112778049319,0.0,0.0,0.008621298316311645,0.0007437672834005331,0.01767303832579418,7.449283812667602e-05,0.0,0.00879952029656502,0.0029551280449778843,0.020707861283585666,0.0,0.0026061385043706776,0.0,0.0,0.004467073268195909,0.0,0.0,0.0,0.001901340007782084,0.012789925953515363,0.008107345460056618,0.004621528981325532,0.0,0.00019336562158447451,0.005754962363563294,0.0026104620833524855,0.001659961665378838,0.003986926433214775,0.00826154623871084,0.002514436878269007,0.0033708791207625773,1.0,0.0,1,smurf,DoS
0.018005756256544096,0.0,0.0,0.0,0.0,0.0,0.0036361060231234078,0.013652929949655649,3.531168350963621e-05,0.0,0.0,0.00013075343665499344,0.0,0.0,0.0,0.0,0.008088024934514297,0.007498112952321957,0.0,0.171158577371182,0.01886248936539664,0.011233352291710328,0.0,1.0,1.0,0.10407833482893002,0.0609978440996696,0.0,1.0,0.041981236482485196,0.04669975196966246,0.06965155130391695,0.0,0.004158665432870573,0.010822965374657677,0.0,1.0,1.0,neptune,0.005508076720435139,0.9960280157444634,0.0,0.0,0.021275015138055103,0.004647557594712949,0.0,0.0,0.0,0.003533993310571908,0.0,0.0,0.0,0.018013485614789618,0.0,0.0,0.0,0.007141483405866185,0.0,0.0,0.0,0.0,0.0,0.016197485252389145,0.0029543559064544285,0.005685062953135787,0.00434057796395362,0.0044820656789110605,0.0,0.0,0.0073223808459907894,0.0,0.0007816920681232566,0.002838847601395839,0.001195078687248806,0.0,0.0,0.0,0.008797523000310326,0.0,0.0,0.00233252746151099,0.01170807397168518,0.0,0.0,0.0,0.0,0.0,0.007494816597913338,0.0,0.005606707877855095,0.0,1.0,0.01131861410281441,0.002965894928842127,0.001648584481643558,0.0,0.0,0.0,0.0,0.0034471699672606344,0.0041111079017113,0.001205432165909257,0.0025715323227332564,0.0,0.02164330199368295,0.018213603439757253,0.0,0.0037607409274954024,0.0,0.0,0.0,0.0,0.018557504581407237,0.9972923236558509,0.006915519133883774,0.009732471251076163,0.0,0.0,0.020572897851802937,0.01438189901091552,0.0,0.011659939306653636,0.0,1,neptune,DoS
0.0,0.0,0.006227785148492548,0.00855528181690407,0.0,0.021375072987644548,0.0,0.003299558176094409,0.0,0.0,0.0,0.00030101541560071136,0.012335787518213211,0.0,0.0,0.0,0.003122154989155232,0.0,0.008846176375330759,0.5199438390968167,0.5214878970472898,0.006468869114471709,0.016572904713887865,0.0070178287399442554,0.007712175033414529,1.0,0.011011676482637574,0.0,0.9911632881560366,0.9910800410038235,1.0,0.012626542553691776,1.0,0.017460641154565658,0.004368062169156783,0.01239888240809321,0.002194465230758686,0.0,smurf,0.9877217021377447,0.003187328668976217,0.01473034850373512,0.0,0.0,0.0,0.0,0.0,0.0046275841844422875,0.0036556405000558955,0.0,0.0,0.0,0.0,0.007168329563661455,0.011496206398149529,0.010794575334820602,0.0010642645598557235,1.0,0.0,0.0037051390244414242,0.0,0.00738783864271247,0.0031778045602442076,0.013333227929515603,0.0,0.004039997290841032,0.00181516327217786,0.0035694649117503606,0.0021685221957660756,0.0,0.0,0.0,0.0,0.012803090330882137,0.0,0.008699893893251806,0.010797336105740643,0.0,0.0,0.0,0.0074718070540549285,0.0,0.0,0.004801505481647119,0.004085973102771023,0.0,0.0,0.00599904293731646,0.006529815070425476,0.0,0.0,0.0,0.0,0.0,0.0036338406523594787,0.0030994558661478705,0.0029256803209148315,0.0,0.0,0.0,0.018557376884514965,0.0060559807422771615,0.017323964314617288,0.0,0.0029145381446660412,0.0,0.0014633804248550127,0.0,0.0,0.005949733917455668,0.002093088451972289,0.0,0.01291049224700623,0.007420899373892366,0.0,0.0,0.0,0.0,0.002520507924023285,0.0,0.01872697925707761,0.9861478145806927,0.0,1,smurf,DoS
0.009794969590887444,0.0,0.0,0.0,0.0,0.004116771331069212,0.0,0.01089548693749365,1.0,0.005221389266996533,0.006218312958802806,0.009258278007787557,0.0018984476630812225,0.010422567455166778,0.00408333900678335,0.005537561737346066,0.002303816025183772,0.01413192280658783,0.007837429347207247,0.006177197713416627,0.029910080669539735,0.0,0.0,0.007552666406710251,0.0,0.9858432820622312,0.0,0.1447898305967049,0.037567021420744744,1.0,0.9770306588792588,0.0011525568329112021,0.08997234008534495,0.04102218899412708,0.0,0.0,0.011498348909329149,0.0,normal,0.0,0.9929997951830538,0.003942194945779029,0.005267425599319355,0.01985522648794701,0.0,0.0,0.01949899431513033,0.01023567002163291,0.0,0.0,0.0019582036302138103,0.006543490415809517,0.0008429753631127268,0.0,0.003579463858341276,0.008107464668051867,0.0,0.008157857013533127,0.0,0.0,0.0,0.011021999672516226,0.004334421593933357,0.0,0.0,0.0,1.0,0.008070308661151597,0.0,0.0,0.0,0.016395650100468468,0.0,0.006672995669473032,0.006267734824354879,0.0,0.0,0.007617368556200538,0.0,0.0,0.0,0.0016968886942576003,0.003364662774477269,0.011245919244998797,0.001984578004676795,0.0,0.013984768163799328,0.0074348059875097156,0.0,0.012145531237624197,0.006615277471564869,0.0,0.0,0.01235109666846636,0.011509507922729183,0.0007292758217569931,0.0,0.007986746116872976,0.0,0.012235552533362865,0.011295186371054427,0.0,0.017097548847039665,0.0,0.008535058144201078,0.002847187220829859,0.011367128174442047,0.0,0.0,0.003372811530466241,0.013138905630011091,0.0,0.0,0.002844268702645798,0.0,0.01260515193783007,0.0,0.010535940113904163,0.015830112749247126,0.009459438056053978,0.0,0.9898570157830969,0.0,0,normal,Normal
0.0,0.014072110322387513,0.003054985014622584,0.0025637132783664653,0.0016348685018707913,0.0,0.0,0.007437471337505856,0.006930892258517852,0.00635927915984723,0.0031861020372222727,0.00978106339282705,0.0,0.0,0.011896914787709763,0.0,0.0,0.0024027692638156468,0.0,0.18886536537993692,0.19254032872706794,1.0,0.9959546278481796,0.001766967444576225,0.0,1.0,0.011910147575300739,0.015399618911137407,1.0,1.0,0.9917932425951684,0.0,0.0,0.0,0.5408236081494312,0.5441212069596109,0.44632151952139504,0.4195062300442474,apache2,0.00583661496438683,0.9975405083734847,0.007782446933227661,0.015766014633977636,0.005563391935919797,0.0,0.002060568759031751,0.0025645584173897766,0.0011949234889050487,0.004807815829976036,0.00314734877499125,0.017007679470497767,0.005654664505393317,0.010880496626501028,0.0,0.0,0.005126093653132831,0.0,0.0,0.008789958429447204,0.0,0.005416267287538458,0.0006254224512251106,0.0,0.0,0.007212583879201039,0.0,0.9909104620927206,0.0,0.003665840268852539,0.011368369229753298,0.0,0.005437074489940911,0.009687424399746925,0.0,0.0,0.0,0.0013779310533451833,0.006182608798715493,0.01578347721638782,0.003992174917672208,0.00672765802179705,0.00755130181970433,0.0,0.0,0.009377882962106645,0.0,0.0,0.0,0.0,0.0,0.0,0.0,0.0,0.01849516556573926,0.015310729083993856,0.0023476014685852803,0.0026635403438232943,0.0,0.0024355820758268977,0.026620664560951735,0.0,0.0037510513897155073,0.008857773884541712,0.0,0.0007379660639437353,0.0,0.0,0.002914407199317062,0.004177461959810994,0.005993745281848574,0.004521930231358982,0.0,0.0,0.0,0.001810979896643799,0.0,0.013147216190895887,0.9889563583791748,0.0,0.0,0.0,0.005469013980985571,0.020543957524006114,1,apache2,DoS
0.0,0.0008140193475731858,0.0207756668739549,0.007811048690392344,0.009219951534443183,0.0008003289516779298,0.0,0.0,0.0,0.0017307875280007346,0.004554227771341351,0.0,0.003873263059316735,0.012295883593293094,0.027775431156105895,0.0,0.005876482701753006,0.01647444959270768,0.0,0.5716454186209976,0.026961412101502175,1.0,1.0,0.0029620752300281773,0.0,0.03405077821290909,0.058938953320315436,0.0,0.9919704177675663,0.05093174079492858,0.053819446911600406,0.0635050892362918,0.009066970904549174,0.00807480203651097,1.0,0.9805823593012849,0.00979416868696419,0.004896232518797306,neptune,0.00712949543384634,0.9998087935181094,0.0,0.0,0.0,0.0,0.008688647034777447,0.0,0.0042979939218072685,0.0024293272259833416,0.0,0.00010460507136472834,0.0,0.0,0.008204156544348742,0.014151415638759586,0.0,0.01204542843335535,0.0,0.0006785424391490686,0.0,0.0,0.022837465319874344,0.016132002374214402,0.0011647349293928567,0.014764667054934911,1.729508126142742e-05,0.0003579250832649038,0.0,0.007193249825207414,0.0,0.0030825332580621083,0.003507465821775765,0.0,0.005790412974357288,0.004152840938737536,0.0,0.0,0.00415438768533741,0.0,0.0,0.009678912947914276,0.00539754629762927,0.0,0.004876941002664621,0.006502033361030172,0.005329574970095939,0.0,0.003530786479011209,0.0035418193410139166,0.0062228796363523586,0.0,0.9854616768896753,0.008845540256031174,0.0,0.0004354032101532765,0.0,0.009639390878751361,0.0,0.0,0.0,0.0003335696192505544,0.006535217282259036,0.0,0.0,0.0289989210682825,0.0,0.0,0.005002050061375832,0.0010397216833611365,0.0,0.0038161413161574517,0.0,0.006368373438360461,0.0,0.0,0.005861465696085339,0.00013200628476835004,1.0,0.0,0.004017874347825217,0.00551968443315973,0.0,0.0,1,neptune,DoS
0.0,0.0,0.0034392565170807926,0.0,0.0,9.518956183640753e-05,0.0,0.0,1.0,0.0,0.0,0.0,0.0,0.007652166923713713,0.009188713403366064,0.015860629562688675,0.002496612102127308,0.0,0.009249880504258977,0.0004664208535172811,0.0,0.0,0.0,0.0,0.0,0.9973940712343472,0.0,0.0,0.2508689933505835,0.24699837991387577,0.9701442916323129,0.016649360581992477,0.022474653318199717,0.0,0.0125882126206476,0.009975124616824788,0.010865082690396146,0.0007166527542901792,normal,0.00248062681030783,1.0,0.0,0.002460941530521912,0.0,0.0,0.0,0.0,0.0,0.001876771102581788,0.00020024280141464049,0.011307827898594596,0.0,0.0,0.0037227298354190652,0.0,0.0,0.0,0.0,0.0,0.0,0.0,0.01950139343633839,0.0,0.008720663476931833,0.011079233180244561,0.0,0.9973282951845349,0.0,0.001980095862519273,0.0016470666126539647,0.0,0.005225922926632361,0.00446036206023947,0.0,0.009008116182319644,0.0016720266535424748,0.0,0.003544559281875343,0.0,0.008481884580070199,0.0,0.0,0.0011150620443419051,0.0,0.0,0.0041300934235996645,0.01509209729414553,0.0,0.0,0.020684441444221578,0.02747346772005588,0.0,0.0,0.00710400729228537,0.0,0.008252716678785955,0.00889565386372767,0.0017082380317656276,0.0032500425323462967,0.0,0.0,0.0,0.0,0.00922465891663752,0.0024981613965788384,0.0020128837051930307,0.0003879925997669962,0.0023707704988791415,0.0,0.0,0.004055241812576646,0.0,0.002041950361418683,0.0,0.0,0.0,0.00010589653813298123,0.0036975821268096093,0.0,0.0,0.0,0.9817600553049607,0.0005135314206530548,0,normal,Normal
0.011507085465562068,0.01697701003889816,0.0,0.0,0.009233518531854754,0.0,0.021807651998818844,0.0,0.010090803438028248,0.013174407230858115,0.0,0.003850340498701926,0.0,0.005865344931221455,0.017238765279640706,0.0,0.0,0.006489107792452383,0.0,0.2479799726095353,0.4292718912573906,0.0,0.01583816076490304,0.0,0.019894006675682287,0.9982750221072885,0.0,0.01795217792726133,1.0,1.0,1.0,0.0,0.010998045920432579,0.0,0.0,0.0,0.010588942415774957,0.00475312379381687,normal,0.0,0.0,1.0,0.0,0.0,0.0,0.0,0.006137121577707722,0.0054584238412846596,0.0038292335080577634,0.003297352378640384,0.0,0.0,0.001456353290673298,0.004867339070477876,1.0,0.0,0.0,0.006268635832148998,0.004362197981160525,0.0,0.0,0.004617637401308305,0.0,0.00174646955711869,0.016097520753746156,0.006355867299025902,0.005782592852342125,0.0,0.0,0.012450345021967575,0.0,0.007158853759705593,0.016218134338681887,0.0,0.0,0.0,0.0,0.010903299090794029,0.0009693388071687014,0.008218266595653794,0.00015619163186324865,0.007067041287695634,0.0,0.0,0.011975991664227205,0.01113802944752509,0.012485439538928346,0.011943181065381916,0.0035238568689747113,0.015434697659823362,0.0,0.0,0.0034164524329691167,0.0,0.0,0.0,0.0037230088681713853,0.0,0.010290779644249848,0.005084246962444547,0.0,0.0,0.006047270333242836,0.0,0.0,0.009131628343192493,0.0,0.0,0.0,0.0,0.0,0.0,0.0,0.01274092434521662,0.010992719780997948,0.0,0.0,0.013681844077356082,0.0,2.642739156029782e-05,0.0,1.0,0.018200698579995428,0,normal,Normal
0.0,0.008622322055910445,0.0,0.0,0.0,0.025106644573353626,0.0,0.0034543408795388343,0.0,0.008958135323812693,0.0,0.0,0.013423702964758422,0.0,0.004470262389920464,0.0,0.005370593092373675,0.024356101639578874,0.0,0.0,0.0007063484616914584,0.0,0.0,0.6793064362348286,0.661476845116791,0.3256582827597676,1.0,0.9955121096932729,0.15556300989346172,0.14516412642284077,0.2372476996679828,0.0925487279573718,0.01694229151334172,0.0673240815667604,0.0,0.0,0.8444366889417645,0.9293543545357876,mscan,0.0,1.0,0.0,0.0,0.012910415430649452,0.0,0.0,0.0,0.007683921344138572,0.0018612330537802818,0.0,0.0,0.012540877520048446,0.0,0.0,0.0,0.0,0.0071953367668968204,0.0,0.0,0.005643049583091524,0.0,0.0,0.0018520349690020286,0.0,0.0011716078475650313,0.0014720748470583556,0.0020487602588857715,0.013171413012756539,0.00915866265756571,0.002166620410147523,0.9841637850835396,0.009254350457091269,0.0007240749116883172,0.0,0.010335046275567455,0.0,0.0,0.009020924999939227,0.0,0.0,0.015632734792771736,0.0,0.008219242725788441,0.0,0.004782078811735638,0.0,0.0,0.005632715203460067,0.02979482432391146,0.0,0.004103459777011475,0.0,0.0,0.0017254778367545116,0.01552967731712359,0.0,0.0055701095515672564,0.0020442279276153335,0.0007951266011858637,0.0,0.0,0.0,0.0,0.002101768341149229,0.013442429794765648,0.009398374123017953,0.007801027273244407,0.01448164668005406,0.004813803856903845,0.009829380128198197,0.0,0.0030176486765850536,0.0,0.0197440852348979,0.9959888860994037,0.0,0.01612200445848666,0.009558320041183524,0.0,0.0,0.01549878212697253,0.0,0.0,1,mscan,Probe
0.0,0.0,0.00511669188760847,0.0073136149195541875,0.005936474481400168,0.0014872179082676587,0.015817866388738683,0.0,0.0022690162529234955,0.010123615379888644,0.005355197275588806,0.0,0.0,0.0,0.0,0.005638750741405383,0.010484911846593318,0.012752867919764703,0.001324119330504403,0.01581015664923372,0.015564715208005214,0.0,0.010082368045117472,0.0,0.0,0.9905792677190542,0.001754462502639611,0.3059310192204936,0.3464996958587056,0.3504311740741602,0.9827343533362267,0.004744330327411484,0.01688516958383319,0.0,0.0,0.018440800595966336,0.0,0.0016329664696118243,normal,0.0,0.011044021301249844,0.9874230307822974,0.0,0.0,0.008884326689323836,0.015128215442535791,0.0,0.0,0.0,0.0,0.0,0.005993805062232639,0.0,0.012176124612569672,1.0,0.0022714425273092976,0.00614371932494147,0.0,0.01867964588765033,0.004921397875483016,0.0,0.0,0.0010206179809538142,0.0,0.0,0.006515495054090023,0.0,0.004904641646815264,0.020378960662717258,0.011303953493305003,0.005636162627767319,0.0,0.0,0.0,0.0,0.021643996437422347,0.002855348308432497,0.0,0.0,0.007061777050646327,0.01244707004920679,0.0,0.0,0.0,0.013608263856907749,0.0,0.0,0.0,0.005474868883580896,0.017760733097899647,0.0,0.026595479310175085,0.014740247345417552,0.0,0.0008948469684417587,0.01285614266431084,0.0,0.010777435589543041,0.0004074495389208549,0.0,0.00012166368096274143,0.00391674716868011,0.0,0.009131911079598291,0.0,0.0,0.0,0.0005124397060282767,0.0,0.0,0.0,0.0,0.0,0.01590316133275587,0.0032958921244736635,0.0008213737355052344,0.004693116355695585,0.02358279151433858,0.006921049048426451,0.016208223354486996,0.0,0.9974072923846455,0.0,0,normal,Normal
0.0,0.009884717009490871,0.0,0.0,0.0,0.0,0.0036625204605526475,0.00996487080663416,0.01239039765865757,0.0,0.017546185066129073,0.0,0.00035709645114058653,0.0,0.0028986925048949024,0.0,0.012544642184010711,0.0,0.010494246991731572,0.0038639522726416162,0.014937716745444043,0.008007605885026109,0.0,0.786239590542867,0.9913270103226647,0.20592521297253355,0.7994626307829062,1.0,0.9978412889527836,0.09704478529819985,0.09516139863161971,0.03459836021806825,0.0,0.006799585497262332,0.009128473636096701,0.0,0.4896232623919348,1.0,mscan,0.0,1.0,0.0,0.003919149791809209,0.00835854005526129,0.0,0.005482797642793698,0.001143771237194207,0.0,0.0,0.00031763045807758536,0.0024672482323599885,0.0,0.0,0.0,0.011712325425644201,0.021059952973935907,0.0,0.0,0.0,0.0,0.0036137531085099336,0.0,0.0,0.009705302493826385,0.00855647175412755,0.003657388973806253,0.0,0.0036439193154084006,0.005259633290454547,0.008961292193682573,0.0,0.01272400019076858,0.0,0.0009257543512054937,0.0,0.005662472182330651,0.0,0.0,0.0,0.0,0.0008809953062987017,0.0006139471209919843,0.006159191693557712,0.013149592856622696,0.0,0.0,0.005896633376384115,0.0,0.0,0.00998166028456801,0.00907168827815699,0.0,0.0,0.0,0.005617019457360255,0.0,0.0,0.0,0.0,1.0,0.0,0.0008574312716658456,0.0097608819067815,0.0,0.0,0.0,0.0,0.0,0.002905663448585958,0.0,0.016341016390953436,0.0009579290353328654,0.00414389820186638,1.0,0.0004334162316806857,0.0,0.0,0.024993510432214563,0.0,0.0,0.005522600486094527,0.006574857627625163,0.0034192931823517894,1,mscan,Probe
0.022837397444304405,0.0005702529275897756,0.008081187282693013,0.0,0.022461751991097154,0.0023539563858908626,0.019215542927442656,0.0011174059100924573,0.0,0.0010477688224226182,0.0053961885109346545,0.021293619468179825,0.0008543330283570809,0.0,0.0,0.003642606322206561,0.018148268223951516,0.01734531520106613,0.0,0.28456657117609696,0.013358079113178245,0.9996268909344657,0.9876012164204127,0.013337749932656445,0.011808198638278531,0.07852707770346465,0.08610154910665416,0.001971533990941192,0.9982720895382765,0.04973647912399482,0.05869607845441081,0.07752400213804843,0.011390911655256145,0.0,0.9976305181759335,0.9850609913449438,0.0,0.0,neptune,0.012839121491781846,1.0,0.004345852811535849,0.002118897086219721,0.002530678545865015,0.0,0.005181130208767224,0.0,0.0,0.0033127702256825005,0.013520302528621509,0.0021337138968643057,0.01901045571226578,1.0,0.0,0.0,0.0038856740648162058,0.0,0.0030743410623881666,0.0,0.012117594657284314,0.0,0.004795984128925439,0.01861307189756498,0.0,6.271975552758486e-05,0.012171281899120395,0.0,0.011618010829840764,0.0,0.0,0.0,0.0,0.0,0.012983652075305885,0.0,0.0056084759783949925,0.0,0.0,0.004254828479037367,0.0012089157246307723,0.0,0.0012278425020266171,0.0,0.02035949483941095,0.008952742828754556,0.0,0.013462061717823024,0.010176052227802206,0.015277143989702905,0.0,0.0,0.006588494495014423,0.0,0.008241311889814923,0.0012766641425085879,0.0,0.0,0.0,0.0016196791833796775,0.0022607148214536846,0.0,0.0,0.011174202789321299,0.0,0.010518530515717137,0.0,0.011365043778629543,0.0,0.0,0.0038948513292043703,0.009830767647564851,0.0035617682747933334,0.01972485341330608,0.003068732075326797,0.0,0.005961183862074654,0.006483305351823271,1.0,0.012827393412308694,0.0,0.0003110101191366269,0.0,0.00949590528493442,1,neptune,DoS
0.0008375872063765331,0.006029652461484569,0.003616060005836922,0.00904746187951305,0.011235424926620179,0.0,0.009751827580201542,0.0,1.0,0.0149751460101697,0.0,0.0,0.0,0.0,0.004720358658266508,0.0,0.0,0.00553519951993737,0.0,0.0,0.0,0.0,0.0,0.0034077446433603983,0.0,1.0,0.0,0.014288367559817884,0.003847135130368825,1.0,0.9882170586801919,0.0010005026112174253,0.2482913562097003,0.053869826535651824,0.008009623298762938,0.0,0.0,0.0,normal,0.010509601583727353,0.9986733865450177,0.0,0.01331179353964781,0.0,0.0,0.0,0.007222913027271286,0.0,0.0,0.0,0.0010810795562569663,0.0,0.0,0.01648093928549015,0.0,0.0,0.006775100403960599,0.0,0.013906332710569099,0.0,0.0,0.0,0.0,0.0,0.0002968716628627928,0.009128947171094635,1.0,0.0010714867536489167,0.0,0.010357851342029737,0.0,0.004466080726572984,0.0,0.0,0.0029937157238022435,0.0,0.0,0.0,0.01661567232723072,0.0,0.0010077673546658688,0.0033822483835467643,0.0075354005317584,0.0,0.0,0.020889175747384848,0.0018686726416378943,0.003792950004373258,0.0013185092290714043,0.005824916893091345,0.00697767177091533,0.0,0.0024035244430501974,0.0,0.002050047264422299,0.0,0.0,0.0,0.004566456485551572,0.002463191010777525,0.0,0.008522884118033609,0.0,0.00737676661539367,0.002717611550595453,0.0,0.011643185273621582,0.012904669114246346,0.0,0.0,0.008311959856473653,0.0,0.007027611578518785,0.0,0.0,0.002320339581541468,0.0,0.0,0.0,0.0024517041576155208,0.0,0.9970877577256387,0.020908026075801906,0,normal,Normal
0.02592411865674322,0.0,0.005355780600011139,0.01158240106959092,0.0022139063577463333,0.011753417751002858,0.005914521870887943,0.009693333987280338,0.0052990460761258885,0.001208140021737202,0.0,0.0,0.010338927142630648,0.007439414144340165,0.011720620043737189,0.0,0.0032500749396459938,0.007215815899098469,0.01431351779988206,0.18159481897857008,0.016392165656764615,0.0048888775531139225,0.0,0.9858280550762917,0.9965410443019631,0.024954322942702663,0.0644194648822222,0.0,0.9939116533010465,0.0,0.0,0.0537297339626421,0.0,0.0,0.0,0.011972028972994478,1.0,1.0,neptune,0.0,1.0,0.0,0.0030785588115614564,0.000277325571816894,0.0,0.0,0.008917556826295872,0.013456906215676754,0.0,0.0032784313904363578,0.007458831463135553,0.0,0.0,2.62578539277643e-05,0.0048631142167254145,0.00736369676839504,0.0,0.002901513463279159,0.015085469729312533,0.0,0.004352026632830721,0.0,0.006109724691586264,0.008590737754738745,0.0,0.00834517101893632,0.01385699178098948,0.0,0.014939341189093187,0.0,0.00303869024308441,0.011643138749423288,0.0,0.0067509916189166744,0.01886029620214246,0.0034851201176037657,0.009650964517247418,0.0,0.0,0.012982852144565684,0.0012064899360026216,0.013532283871432236,0.010069807962913725,0.0,0.013937788740777488,0.0,0.006531965960247971,0.0036063031036116717,0.005480740149967436,0.0,0.0038628990766336664,0.9900895024971501,0.0006308675486587895,0.0,0.0,0.007775109389286229,0.0019173978004910555,0.009460582659455666,0.0,0.0,0.0025268496471166214,0.0,0.0020450439631300825,0.005196760775226504,0.0,0.011325842091886513,0.0004591884571578938,0.013262974668985513,0.007231892002298647,0.0,0.006512709042041327,0.0,0.0,1.0,0.0,0.00842234680350806,0.0,0.0,0.0,0.004951825123614737,0.0,0.008992801405467831,0.00404600220804232,1,neptune,DoS
0.0,0.0,0.0,0.004710678598730534,0.0,7.750984740353817e-05,0.0001952067072066917,0.019617408639596,0.00028453346326983017,0.0,0.0,0.0,0.0025057884664956964,0.0,0.0,0.0,0.010590416116169048,0.0,0.00530883677033211,0.6284931782593534,0.6192609445034034,0.0,0.0,0.001976268527500752,0.0,1.0,0.01112368991587148,0.015360610080395137,1.0,1.0,0.9994404545615627,0.011428634512322882,0.9518178141835973,0.008518232268345425,0.0,0.0,0.005951942242896873,0.00346679214539081,normal,0.009647803328232932,0.009631134438995034,1.0,0.0,0.0,0.0,0.0,0.0,0.0,0.0,0.003478239775596694,0.0015704788136575887,0.0021790678905841267,0.0,0.0,0.0,0.0,0.015590030977142828,0.01985812871851425,0.009104371760734451,0.0,0.005994326960312768,0.0,0.0,0.010855086441038575,0.0,0.0,0.0,0.00771553476208627,0.002445019988708732,0.0,0.005914234607256601,0.0039632670163677955,0.0,0.0023369576224132097,0.005853275010372391,0.009105811215444305,0.0,0.0,0.0,0.007726808526441545,0.0028806953078238137,0.0,0.0,0.001036611576825336,0.007584800426733068,0.017622262263277733,0.0,0.010565439238850399,0.004973933395259213,0.006796572944658193,0.0,1.0,0.0022857996670180916,0.00366315102355163,0.0,0.0,0.002105900890262005,0.005252779290510054,0.015814107915709034,0.0,0.011559304231430374,0.0,0.02471240526636441,0.0,0.0,0.0,0.0,0.0078166191293733,0.0,0.0,0.004524345937608259,0.006647668738873177,0.0,0.0,0.0,0.012437377144335102,0.006304071727550934,0.0068332358094743495,0.0,0.0,0.0,1.0,0.0,0,normal,Normal
0.0012101580654350597,0.005308190576884337,0.01263859014406928,0.0,0.0,0.0,0.017880078415984896,0.0,0.01577700279199038,0.0,0.0,0.0,0.006878717181860517,0.017069787185551286,0.0,0.002123553645894975,0.0,0.0,0.0,1.0,1.0,0.006463851733548455,0.0,0.0066661012387645305,0.01027637240972207,1.0,0.0010509310442267177,0.0,1.0,1.0,0.9826385560637038,0.0,0.9307665715620255,0.006890898651458276,0.0,0.0,0.0,0.003709130809227732,normal,0.0003751572932343044,0.007268403506571268,0.9954775072434113,0.001136924356208766,0.0,0.0015401403868523747,0.0,0.0,0.0,0.0,0.0,0.006658880165004023,0.0,0.0,0.011225894021077765,0.0,0.0008228890924616748,0.0018256760138141163,0.007920041820458107,0.0,0.0,0.0030684555310893213,0.0008054919941945955,0.0,0.0,0.0,0.0,0.0008878988413212086,0.0,0.0,0.007873193267941801,0.0,0.01650899292737587,0.0,0.008956053923429495,0.0,0.0016595979146718128,0.0059941809194009165,0.0,0.003354106468812923,0.0020576092608845463,0.0,0.0,0.01860511007589597,0.009312464830174205,0.024852463125361646,0.0069258087240564245,0.0005371886974678375,0.0,0.0040207853731864295,0.007708559288740815,0.0,0.9930486470955119,0.0,0.0,0.0010310483618866694,0.0038927990639647985,0.0,0.0,0.006716625320083414,0.0,0.007230688415979162,0.006165059128357389,0.009153009836641758,0.013494244036212693,0.0009284264204587606,0.011263080534083297,0.0,0.00793171148853269,0.0,0.009682230703663738,0.0,0.0009191270654636961,0.007110628470766999,0.00924066509691399,0.0,0.01398747601285176,0.0,0.0005476531882958925,0.0,0.0011821472846172006,0.0,1.0,0.013774763546743798,0,normal,Normal
0.0015770606519632559,0.0,0.0,0.0,0.0,0.0,0.0,0.0,1.0,0.013232879989483713,0.0,0.009933440738726554,0.006642947914532856,0.0,0.0,0.0,0.0,0.0,0.004743730188331835,0.025326695790157838,0.013218426662913098,0.006620088016590198,0.0,0.0,0.0,0.995801411780817,0.0,1.0,0.8187193028728207,0.876154238159901,0.8749295829756216,0.00823224377221582,0.0,0.014961079838016193,0.004457974760346535,0.00410145480878031,0.005188241587546371,0.013044369637483916,normal,0.0082078161286076,0.9941425714067259,0.0010839226490620812,0.0,0.0,0.001825814190400108,0.012664575958840437,0.0,0.0034673835608450693,0.011926675517529269,0.0,0.0,0.0,0.0,0.00887012614345892,0.0,0.0,0.0016377925271834582,0.0,0.010858504077826979,0.0,0.0,0.0,0.01960983994859914,0.0005374209637998995,0.0,0.0,0.0,0.0,0.0,0.012508479401700369,0.0,0.03369809738098853,0.0,0.002594084659111868,0.0003797464121232738,0.0,0.0,0.0,0.014256441643906667,0.0,0.007021605304261394,0.019935317191941086,0.013301620692465503,0.023117458216161537,0.010368106022297114,0.0,0.011130404863143485,0.0,0.0,0.0,0.0,0.0,0.0,0.0,0.0,0.0019031637254646855,1.0,0.0,0.016972812819882208,0.026347057278485148,0.0028881137606703495,0.022551125688910725,0.0070026918342521215,0.0018484634985536075,0.00010073029155622219,0.015624766178854122,0.0,0.0,0.0028127993386954835,0.0,0.0,0.0037252853365953276,0.0031057608248166975,0.0031254334292055426,0.00274048297413539,0.007471777577123334,0.003575731056140247,0.013126985586579428,0.017160071214176315,0.0,0.00834813336640348,1.0,0.014875050063327658,0,normal,Normal
0.014448386399192298,0.0,0.0,0.0071848188412841855,0.00879591175607719,0.0,0.0,0.0,1.0,0.0008835458614385515,0.0,0.010690704211144994,0.00582431969329004,0.005285615927273459,0.012844111730514297,0.0,0.014360000287921228,0.00363833361590852,0.0012173725087101608,0.012625294199787576,0.016079892464916527,0.00726940339815125,0.009655669458580441,0.005720290263986112,0.0,1.0,0.009191708881087172,0.40107012487481486,0.1804326509657857,0.987725087967716,1.0,0.013757171124029122,0.004334584034511944,0.023088861068326038,0.0067277911609890315,0.0,0.0,0.0,normal,0.006595361089298597,0.9955702872476246,0.0,0.0,0.012784735528164868,0.0,0.0,0.006480735783283351,0.0,0.005589347208367257,0.0032602827396269207,0.0,0.006826180564677596,0.0,0.0,0.0015256303249613359,0.00408844977544017,0.0,0.009958800150692067,0.0,0.0,0.0,0.0,0.0,0.0,0.0,0.0,1.0,0.0,0.015660869988197185,0.0,0.0,0.0,0.0,0.0,0.003443023609857993,0.00936749031581344,0.0,0.0,0.005162844431220781,0.0,0.0030320187028862423,0.011022100810303652,0.0,0.005819458318338566,0.0,0.0,0.006493989455035299,0.009707165753848454,0.0,0.011665053686413478,0.011508639813915209,0.0,0.0,0.0,0.013091492925137446,0.0,0.008060299158541383,0.0,0.0,0.006666988170416838,0.0,0.0,0.0,0.014562765585846437,0.0,0.001995800391857724,0.0,0.007982797213402212,0.0029045943112119754,0.004059126689999271,0.00012975849509069023,0.0021647259405304614,0.002493075022944883,0.009171581232884866,0.0,0.01958549221252927,0.0,0.016088041711812422,0.0,0.005760509986589465,0.0020824330701243667,1.0,0.0,0,normal,Normal
0.0011269259071272108,0.0,0.0,0.0,0.0,0.009590693262562754,0.0,0.009788642500670623,0.0,0.005141150718008552,0.013866465669604271,0.0031149346948624204,0.015262329074625101,0.0,0.004291281902633413,0.0,0.0023870154084655896,0.003566436600161877,0.0,0.02385688002484853,0.04776495520901354,0.00415269328576979,0.005229503661900506,0.0,0.0009109633089999098,0.9923530253486494,0.006643166026273489,0.13746493093064066,0.9885626330282489,0.9703447400827834,0.9898263658567215,0.007540915957047102,0.0,0.0,0.0,0.0,0.009865885291170703,0.0,normal,0.0,0.0,0.9876162725570885,0.005463093701535033,0.0,0.004752381793136618,0.0,0.0,0.0,0.01374674382388151,0.006614763905488366,0.0,0.015625054263800155,0.00907936742042488,0.009728400898438785,1.0,0.0,0.0,0.0,0.01164678546312239,0.0,0.011243396792708239,0.0,0.0,0.01805626791685609,0.0,0.023315348698829112,0.0,0.004082780796189025,0.007504443744810184,0.0,0.001391156618210353,0.0,0.004762725779890457,0.0,0.0,0.001730282756121646,0.0,0.0029922654617433497,0.0,0.0019879426350499253,0.016491231383878355,0.0,0.0,0.0,0.01014091376718472,0.0,0.0,0.0,0.009659109516118702,0.0,0.010807752813919703,0.0,0.007395949701766129,0.004021672753231948,0.0,0.0,0.011435697570044959,0.0010449833858422759,0.015100973089003059,0.0319891119441091,0.014252603435561841,0.0,0.006304637510726176,0.0033725738007877822,0.003704684141550291,0.0,0.0,0.00012431666692368996,0.0015524864026603905,0.0,0.0,0.0,0.0014677592047423903,0.01711575442210947,0.0,0.011452676175325372,0.0,0.007418111621221289,0.0,0.0,0.0017719516903249473,1.0,0.0,0,normal,Normal
0.0,0.0,0.0,0.00409673687062633,0.007597832849727718,0.0,0.0,0.002728387349054863,0.0,0.014205436728372687,0.005596137538954885,0.0,0.015584086815328885,0.002173569486071315,0.006559909485527468,0.0,0.0,0.004097167637986945,0.0,0.21757007470949072,0.03344237062321299,0.003604499344984117,0.009211175262207043,1.0,0.997944119491054,0.10104141312750117,0.08932235531329699,0.0,1.0,0.06532241998040295,0.06550806495128658,0.0665455874215275,0.008819793915549948,0.013002817116429812,0.010517841982000902,0.012924878965620572,1.0,0.9985496500755592,neptune,0.0,0.995804682139797,0.0,0.019674073374994903,0.0,0.0015362518686719943,0.014626136363331873,0.0,0.006609274705568236,0.0,0.0,0.0,0.0,0.008055343621436506,0.008818227235146586,0.002506439500368669,0.005596542793975336,0.0028695083591191335,0.012506876001122194,0.0,0.00849043389867684,0.0,0.009891729178277001,0.002451517656076464,0.0,0.007525581774653274,0.0,0.010451423524669606,0.0,0.00825734910677126,0.0,0.0,0.0,0.0,0.0,0.0,0.002274507670079736,0.0016920645483771539,0.0018767646140224353,0.0,0.0,0.004135341331028761,0.0,0.00906172624102152,0.0,0.0,0.0,0.0,0.0,0.0,0.0,0.0,0.00577942006028902,0.0,0.0,0.0,0.0,0.0,0.0,0.0031265957176704663,0.0,0.0,0.0,0.0,0.0,0.027175166413851946,0.003849483628800163,0.0,0.0,0.9967145753152956,0.0,0.011065185567143485,0.015042071584872259,0.003922631383483285,0.0,1.0,0.03498088186483462,0.0,0.013005435855102299,0.002381396958544298,0.0,0.0,0.007435723160149767,0.006509998378205087,1,neptune,DoS
0.0,0.0,0.012211152833909066,0.02282659113167459,0.005934061453292608,0.009390087599549294,0.028092736508146587,0.0,0.9911428638760321,0.021605987289396982,0.0,0.0072482309237468555,0.0,0.0,0.0015290580382754338,0.003168441980679051,0.00811375819028924,0.0,0.0,0.015514957389621876,0.04508577050165061,0.0,0.00022644515673810907,0.0,0.007506642604213115,1.0,0.00216107514376282,0.13380546839227483,0.9944281639831372,0.9935284900245526,1.0,0.0,0.0037121054257515606,0.003230779933846319,0.0,0.0,0.036788893514508404,0.04054778354870987,back,0.011278682067522734,1.0,0.022070549664039384,0.015434977580609039,0.0,0.0010145747868355224,0.0,0.0,0.007617899873014188,0.0,0.006987369711503496,0.00739983291312923,0.0,0.0,0.010343326327289706,0.000887147620815081,0.0,0.02793814569047334,0.0,0.0,0.0029567889602043727,0.0,0.01899193410429082,0.014657935794374403,0.0,0.015392375340662168,0.0,1.0,0.01516105288525509,0.0,0.013050811652677092,0.005830794288654724,0.011618634476876692,0.009449702470042745,0.005564194009288002,0.0,0.0,0.0,0.0,0.005266643977494586,0.006100477313179478,0.00894656692104157,0.0,0.014291000858726394,0.0,0.0,0.0041694890874633414,0.0026838465421652846,0.0,0.0,0.0,0.00038494859546115193,0.0,0.0,0.0,0.004570436646668695,0.0017734289776055157,0.0,0.0011616257711740728,0.012801744602200594,0.0,0.0,0.0,0.0,0.0,0.0,0.003294625290134144,0.0,0.008082649474758096,0.0,0.0,0.00014601422678177912,0.0,0.01215226787447228,0.004041563549384965,0.013630683384289124,0.0,0.0,0.0,0.004763693511396766,0.0,0.007457343562969694,0.9907327514165182,0.0027831904387201813,1,back,DoS
0.006542111373541828,0.0,0.011889903033898442,0.0,0.007163845463739982,0.0,0.008543045239966999,0.0,0.9896531158605674,0.001920690684676987,0.0043118844279751,0.019589814832290924,0.0003552005508960066,0.0006481009635964646,0.0,0.017621559511824737,0.0,0.0,0.0,0.0,0.0052186731084342495,0.027396887986201254,0.0,0.007110610134885989,0.0,0.9974514858328538,0.01395117283220488,0.2168429325799111,0.16745983994607458,0.9964132072985783,0.9819710202504097,0.0,0.015837401505227444,0.05310134397573644,0.001616586027582269,0.003149358321457144,0.0,0.0071589502392463015,normal,0.0,0.9838978202405798,0.017053526488743486,0.00632589804307768,0.0023723061978368517,0.0,0.0,0.0,0.0,0.0075677338613450345,0.004652994156688806,0.0,0.02864599897974442,0.0,0.010045651247103217,0.0018279690101481083,0.011037013120006732,0.005200148905447367,0.003943777656394626,0.0,0.0,0.0,0.01564857646905738,0.0,0.0,0.01140270714187216,0.0,0.9919680895704273,0.0,0.0,0.006027311743223968,0.0,0.0,0.0073592309508755714,0.0,0.001993054292889776,0.0,0.01802153038310812,0.0,0.009387243862076166,0.01199236937063319,0.0,0.006437679509909984,0.0035309590256379793,0.006332605573936687,0.007386018573334512,0.005890713408808244,0.0,0.0,0.0,0.0,0.005190807845982173,0.007157643803414337,0.0,0.0,0.0,0.0,0.011403148200245697,0.0,0.0,0.0,0.0034712500365809613,0.0,0.0070521075810725895,0.0,0.0,0.005563227783159485,0.0,0.009531784135290863,0.0,0.002398889468997572,0.00843407478946846,0.0,0.0,0.0,0.0034273033795351967,0.0,0.0,0.012157546974029605,0.0008749154917927519,0.0,0.0,1.0,0.0,0,normal,Normal
0.009253602222740532,0.0,0.0,0.013895019924413072,0.019255615166722237,0.019467025301587892,0.0,0.012905430888957608,0.0,0.009359747866732028,0.014558846205566746,0.006163270100245191,0.002105920815694249,0.0,0.0,0.0,0.0,0.0,0.005486422509510868,0.020416619785259202,0.021403887972372734,0.9987487134502687,1.0,0.0,0.0024266327609921267,0.99943324653925,0.0,0.011630064624807644,0.9895659274853039,0.9647142257652319,0.972054519263196,0.0,0.0012852794638322463,0.0,0.1823490826600642,0.1810884463234206,0.5701871771029187,0.5783139740375165,apache2,0.0025737456584176716,1.0,0.012919103174810211,0.004429762729916782,0.0,0.0,0.01474078828429008,0.0031585741791844714,0.0,0.0,0.008886131359833235,0.0,0.006814960486419344,0.0046833908186236116,0.020795267682155977,0.0,0.006723546822316056,0.0,0.0030139576268149192,0.0035008743641293215,0.0,0.0,0.019837547077792467,0.0032239797757178763,0.007717615978805279,0.0,0.005993969375626219,1.0,0.00904063822939131,0.0010684208302379576,0.0,0.0,0.0,0.0,0.0021909604682320296,0.0,0.0,0.009091910550125573,0.008428693970042984,0.00894023428272265,0.0,0.00024891133944033276,0.0,0.017912665473914104,0.0,0.0,0.0,0.00011833118667648043,0.0,0.0,0.0,0.0,0.011537312819689827,0.005129586023191092,0.005246477282622529,0.011190062108284113,0.0,0.0015703668869597783,0.0,0.0,0.0,0.0,0.009405261641277026,0.006223980693045638,0.0,0.0,0.0,0.011007030669991171,0.0061670458733795045,0.005910427174604045,0.01245240573529803,0.010750330122405454,0.0025803567888517363,0.0,0.004362839035914547,0.008911056115948694,0.0,0.0,1.0,0.0,0.0,0.007977909991495129,0.0,0.0,1,apache2,DoS
0.015512836608922,0.0,0.011937802746905184,0.0,0.0,0.0,0.0015989463465730673,0.009748224923549095,0.0,0.0018027112436753018,0.0,0.0,0.0,0.0,0.0,0.007902873322917125,0.0,0.0,0.0,0.0549745581302137,0.008216429528293025,1.0,1.0,0.021566322838724256,0.0,0.36296614712595815,0.12849017984796418,0.0,0.993950552258828,0.2527184027634447,0.2555289991734481,0.014481683658397141,0.0,0.003103493609082636,0.9789924662684213,0.9943304523918755,0.0,0.0,neptune,0.009271990675251035,0.9916678189024846,0.002528093435161661,0.01297213930561339,0.0,0.0,0.0,0.0,0.0,0.0024735213240414896,0.002471006758360689,0.0,0.0,0.0,0.001549056846081205,0.0,0.0,0.0,0.0029913390929451893,0.0033956399448191173,0.0,0.0,0.0,0.0,0.0,0.0,0.013701163842201842,1.0,0.0,0.0,0.0,0.0,0.001709550706440174,0.002026552534293324,0.0,0.0,0.005017790595371396,0.0,0.0,0.0,0.0,0.01126860936994108,0.00562936290257836,0.0,0.006293991751105795,0.00970739850084281,0.0006563490636778701,0.007114591038337713,0.005786925832108893,0.0,0.013541562350985805,0.0016131567091409765,0.0,0.0001793261142707632,0.01077869410259524,0.0,0.0,0.005100259384209834,0.007934098658060084,0.0,0.0006058460542917266,0.0,0.0024973481827955737,0.0,0.0,0.010487409732316324,0.011329215075567903,0.011920797523032815,0.0,0.0,0.0,0.005162185381439939,0.0,0.0,0.0,0.00017759822227825993,0.012552420487724057,0.006976160224369177,1.0,0.001723946894148429,0.011823267203447793,0.0,0.0,0.0,1,neptune,DoS
0.27550562689969543,0.0022591023245412084,0.0017771662087517658,0.015711768804281594,0.011810296333259914,0.017627105151324478,0.00016756033335189354,0.003701857650861478,1.0,0.0,0.01714764154741882,0.0,0.0,0.0,0.0024615249221673157,0.0,0.005122560342260745,0.0,0.007275017837182668,0.006836671527851222,0.0031446056894350264,0.005380440098505182,0.0,0.00698406482148917,0.018721328120651946,0.9980941838997742,0.005953064961769512,0.0018010805210112114,1.0,0.0,0.005570072054470115,0.07245415850731235,0.003209638177006591,0.0004981538493436922,0.9859158925225794,0.006276240657785079,0.0031922107189792837,0.0,normal,0.006371801860433984,0.9946700874239351,0.0068668400921791314,0.012923524303342582,0.0,0.006055312034022209,0.0,0.0,0.0,0.005358599626308396,0.005154988711344725,0.0,0.0,0.0,0.005408218961363482,0.0,0.0,0.0025554248965643294,0.0,0.0017257010876324734,0.011155558738141072,0.009589989208918764,0.0033661096303211186,0.015840516846100057,0.0,0.005534778484835351,0.0,0.004146362349049388,0.0,0.0,0.0,0.0,0.004730672705611024,0.0,0.004644644423370252,0.007687393390249845,0.0,0.0,0.0,0.0,0.0009775919298916518,0.0251585693099855,0.012368333884977972,0.0046503501817283565,0.0,0.004557235993691469,0.001246915759063554,0.010073778806027594,0.0,0.0,0.010257533713433648,0.015329261413317098,0.0,0.004210918888736568,0.021156787310497884,0.016107212605542487,0.0,0.014749101129280153,0.0,0.0,0.00230242502002578,0.004981426309986217,0.009739912710404117,0.9853621317039308,0.005512028706777655,0.005622141293913149,0.007218024507612533,0.0,0.0,0.0,0.011676543674512947,0.0,0.0,0.0007785709172796482,0.004137816428515034,0.003026162063360419,0.0036572998591560386,0.0,0.0,0.002982775492587979,0.00439647748612524,0.0007092536661488256,0.9988156216510693,0.00033904292714918285,0,normal,Normal
0.004263063410530347,0.004229851827922477,0.0002534206346950071,0.008715496882545222,0.0,0.019311487119575095,0.001016006224177836,0.0,1.0,0.0,0.010960206130137633,0.0015204536915161412,0.0,0.009191300081509422,0.0,0.01196814192701943,0.0,0.00903487034127053,0.0,0.01770737056872043,0.03317899302547026,0.0015583846204335716,0.0,0.0,0.0,0.9930242484572688,0.008000009268008722,0.12200918638177266,0.9923631450495559,1.0,0.9969483971596887,0.0043396427721513735,0.006408147392538372,0.0,0.0,0.0,0.0,0.0,normal,0.0,0.9917992538986469,0.0011995915421079556,0.008511949176542678,0.0,0.014430338175756976,0.0,0.0033129286533243323,0.0,0.0,0.009864843896306399,0.002271946784694602,0.017437183734064967,0.025710582077460197,0.020169851831169913,0.022440203636580187,0.011358985986910226,0.006425260713890874,0.011120340330242397,0.0036111363861645886,0.011061643176572558,0.0,0.0,0.0,0.004931580908252692,0.0,0.0,0.9884568685506777,0.0,0.0,0.0,0.0,0.0,0.011138285097637047,0.006892032253969331,0.0,0.0,0.0,0.012344627020847584,0.0,0.0024950622129416198,0.0,0.0,0.0,0.0023037211886078783,0.014414839995166462,0.015037565978110378,0.0,0.017192515893004186,0.0,0.013483367866549927,0.009821693453441688,0.007739312185578447,0.0059379478066422745,0.0,0.0,0.003885940065463938,0.0,0.0,0.0,0.0,0.0,0.0011302301308908295,0.01856212973417648,0.02227237729924198,0.0032035488033949227,0.0,0.006629763395698425,0.0,0.007894202033847327,0.0,0.0,0.0028917019226185996,0.0,0.0,0.0,0.0014391854249073282,0.009820419391608621,0.006380060494991801,0.0,0.0,0.0,1.0,0.002738899694838681,0,normal,Normal
0.007382877517192307,0.0,9.274971153745365e-05,0.011097106913415864,0.0,0.0,0.0011708303922984226,0.0,0.9853270822343536,0.00641522432843619,0.007431588148233262,0.0,0.002321900567273065,0.0096273844298242,0.0,0.0,0.0,0.0,0.0,0.016562888196498118,0.022868123564323314,0.0009445658228096578,0.0,0.007677095816816572,0.007508654247531932,0.9961913482021872,0.016944357921309054,0.00565866814078251,0.032743947956102956,1.0,0.9898960172411885,0.0031280850517983235,0.1852234684003405,0.01686712025009097,0.0,0.0007288455973219016,0.005173747427101749,0.0,normal,0.0,0.9963913626929383,0.0,0.0,0.00031359139368641783,0.0,0.018716016875619156,0.005904683839436366,0.0,0.007646633985043473,0.0,0.003201238641732272,0.0,0.006204419085852969,0.004922057915459093,0.0,0.0,0.0,0.02773460788453852,0.0,0.00791371080607302,0.007723952268008815,0.020245958236155936,0.022473729663872684,0.0,0.004436924492772533,0.01022171577858699,0.9866857336729913,0.0,0.014248472136042172,0.0,0.0,0.013599464783264159,0.006307421022434719,0.0015711462745844446,0.009052203337158433,0.006097344683463016,0.01626662323132729,0.0,0.0,0.008961585639846536,0.0,0.01374842483347466,0.0,0.0027021143751883104,0.0015199954851025572,0.006579602004298288,0.0,0.0,0.0026842338210700716,0.007631292546807163,0.0,0.0,0.01305235336671269,0.0,0.005405954562199734,0.009586288614976074,0.0,0.0,0.0,0.0,0.0,0.002710060611105143,0.0,0.0,0.0,0.010632899994522878,0.0,0.007343859138870918,0.0,0.0,0.0,0.0022054848571571653,0.0,0.0,0.008207722323993494,0.005673186678570796,0.018872131910130097,0.002833186168769506,0.010268713203128303,0.0005831628545254007,0.017170452914597498,0.9889511323035189,0.0,0,normal,Normal
0.0,0.003969497892532945,0.0,0.0,0.006111208516272805,0.0,0.0,0.006577537687840728,0.0021147431526937805,0.0,0.0,0.014446539430643977,0.0,0.0,0.0,0.0034631791182666285,0.0,0.006366796491299101,0.0,0.005360510701570016,0.03419783268857894,0.0,0.0,0.011778746501785498,0.0,0.9905316867300497,0.0007211123966735368,0.20673452712508106,0.9921602125258712,0.9828699924658983,0.9986442774304514,0.0,0.0,0.0,0.008445664588761314,0.014196930424957954,0.0,0.0,normal,0.0,0.00897488089354542,0.9726817477610402,0.0,0.021805368370338335,0.0,0.0,0.0022668731405329425,0.0014242246983965086,0.006078270380832222,0.0,0.0,0.003269191459551647,0.0,0.0029901191547476625,1.0,0.004250729009766318,0.002746033712842236,0.0,0.0,0.0,0.009289728779600478,0.00035919917760329046,0.0,0.00026742500460185146,0.00502609764807909,0.02115361107224334,0.002095231226488778,0.0006008025770454619,0.0012592589690777597,0.0,0.0,0.0,0.0,0.02186919627050719,0.004027524700930413,0.007276597547210967,0.006106146097982113,0.007115263270012252,0.011113401123267702,0.002243048868196169,0.0,0.01559046451814653,0.008899078498608442,0.0,0.0034383252541596854,4.9659026762349505e-05,0.0,7.596285798235919e-05,0.005818739880668735,0.01805371757597823,0.0,0.005335627575934048,0.0,0.020585403811121714,0.0,0.017089287886061667,0.00782557582825434,0.0,0.006082348252053599,0.009606493590658443,0.004802214574399553,0.0,0.0,0.0001951080584004012,0.0022716267480484414,0.0,0.0031210168200417206,0.00486932114784522,0.0,0.0,0.0,0.002088801907257164,0.0,0.0,0.0,0.0,0.005550377551948157,0.0025758303095884815,0.0,0.0,0.0,1.0,0.0,0,normal,Normal
0.0,0.0,0.0012570799610530168,0.0,0.005161160944030154,0.0062411169934988445,0.0,0.007425056416439591,0.0051053734607136945,0.010426971771937877,0.008148863826711284,0.0,0.006951836388600007,0.009134428938687073,0.0,0.003963444189621855,0.0,0.0,0.004932735237964031,0.38086568600659226,0.056338127950854716,0.002150654343514011,0.0,1.0,0.9866098022782278,0.08274666906603598,0.06831688339203687,0.0,1.0,0.06004797333429539,0.075264334318908,0.058928785526158343,0.0,0.005270495889309917,0.0,0.005627686356490271,1.0,0.9961799871134597,neptune,0.0,1.0,0.0,0.011051137110051545,0.0,0.014431842216613958,0.0,0.0,0.0,0.0,0.003548972961851828,0.0,0.0,0.0012063811166928232,0.0027507125719667736,0.001473949283973764,0.00365055868808983,0.005122540684622929,0.0009096446887441101,0.017586888238499403,0.0,0.001860238430183405,0.009437892475313582,0.006695811456991507,0.0,0.0,0.0,0.003494723619637795,0.005069660493401877,0.0,0.0,0.0,0.020509958552709154,0.0,0.0,0.0,0.0004363384082316018,0.004188537540602579,0.005563116823034109,0.0,0.0,0.0,0.0030593759741111264,0.0044353279488264265,0.0025808794496517133,0.017702158882091035,0.0,0.0,0.0,0.0033963380525205036,0.0,0.0,0.012280021707316525,0.004884854153017196,0.0026987966820697516,0.01629953606330747,0.0016417546731974822,0.0,0.0015199733469092524,0.010027783723371868,0.018691549311017602,0.007035211615222818,0.0,0.02788673962627576,0.0027605435496548254,0.0,0.992155726942763,0.0,0.0,0.009929180078484206,0.010318048803452242,0.0015015306075088556,0.0004585377160403574,0.0,0.0015184989420067728,1.0,0.0,0.0010032878765221596,0.0022205586602865946,0.0,0.0,0.009551023966917163,0.0,0.006056776691082446,1,neptune,DoS
0.008843432150680957,0.0,0.010832693338048531,0.004424862942469766,0.0,0.012569727353866397,0.006288635081984121,0.0,1.0,0.0,0.0,0.0009426452154651679,0.0048587487861960505,0.0,0.0,0.0,0.006846607495844611,0.0,0.004287582189020857,0.0,0.03159353448615067,0.0035511927860117647,0.0,0.0060616681606030275,0.004302348490340466,0.9957827670571642,0.0,0.20303556188846458,0.9880674349218044,0.9981629991470898,1.0,0.013389852851063214,0.0,0.0036680695269945404,0.0,0.0,0.0,0.004046194143473626,normal,0.0017086040577484534,0.990333819905521,0.0,0.0,0.0,0.0,0.0,0.010122768718597248,0.0009132244323065018,0.011724685019474927,0.0,0.0,0.0,0.0,0.01600171879089125,0.0,0.0009694503618149124,0.010507642163069373,0.0,0.004398898588461862,0.0049259539162718365,0.0,0.004649741899139988,0.0,0.0,0.008579857659003274,0.0007513296143917601,0.9887682773804412,0.004248790733020473,0.023975180358598146,0.0,0.0,0.003193546128110994,0.006779001280335968,0.006142261563156338,0.01023284857943924,0.0,0.0,0.0,0.004921144469307168,0.004445027184133043,0.0,0.0,0.0,0.0023754268656141927,0.0068413064569790485,0.0,0.0029072044580509848,0.0,0.0,0.0,0.0,0.0018423043092002517,0.009319169577828542,0.0,0.0,0.008071582415602695,0.0,0.0,0.0,0.0065068300972561536,0.00029929739615625224,0.0024657435721179635,0.0011820139982794166,0.0,0.0,0.0,0.0,0.0005055420945289888,0.007389604448219356,0.0,0.01327206939482004,0.0071909182193428366,0.002887773125412283,0.0020292364365066752,0.009650109243422836,0.006034561387178272,0.02490264992589,0.016284117052408537,0.0,0.01140556593578411,0.00025156118661676514,0.9886378728697469,0.0,0,normal,Normal
0.0,0.01683269353149162,0.0,0.02053024170556369,0.0015107871110196106,0.0,0.0,0.0,0.0,0.0,0.001828678950772643,0.0,0.0,0.009583633476719842,0.0,0.0024722653245238045,0.0,0.020058467152322953,0.0,0.0,0.016675373539341603,0.001200973521767828,0.0,0.013995924470186598,0.0,0.9874135005449662,0.0,1.0,0.026600268130108202,0.07818834554698566,0.9933318915705036,0.0,0.984376845988512,0.5504079302222661,0.0,0.0,0.00211026896827177,0.0014625066253444374,ipsweep,1.0,0.0,0.0,0.0,0.024226400629022777,0.0,0.0,0.011299325070652805,0.005801853589956181,0.0016787514453137193,0.002120790666305802,0.0035182131534132943,0.0,0.0,0.0,0.00647758064123646,0.0,1.0,0.0023894045783291527,0.0,0.0,0.0,0.0,0.00562262892586192,0.0025887507875923805,0.0,0.0,0.0,0.005265382185989193,0.012083158005623401,0.0,0.0,0.0048437842788653885,0.009448227142685934,0.0022942617396991285,0.0,0.002048088886190568,0.0009188001696824355,0.0,0.023361393830046186,0.003068185255623487,0.007281569676353769,0.018242376367211637,0.0007258541369319269,0.0,0.002981965146131611,0.0,0.0,0.0058983840517117594,0.00860308322020784,0.0,0.0,0.0016512216299543827,0.0,0.012003722372223882,0.0,0.00225915616674649,0.0,0.009391518772885174,0.0,0.0,0.00027514382651819215,0.005206187554744119,0.0,0.005901271773961914,0.0,0.001678000504561206,0.0,0.005330278685316475,0.0,0.01016020117341119,0.0,0.0,0.011617300409566435,0.00724281728035869,0.0,0.0,0.0,0.0,0.01922141875362703,0.0,0.0,0.9780337210581787,0.0021255607447256543,1,ipsweep,Probe
0.0,0.0,0.0,0.0,0.0,0.0,0.0,0.003989901537180045,1.0,0.0,0.0025741860256748524,0.01326178768363788,0.0013393161529342864,0.0016938680481394398,0.0,0.0,0.007969225746934008,0.0016316858345456406,0.019632093197558837,0.008529342482566727,0.015584980309541325,0.0,0.002356053441722719,0.013552500175502406,0.0021617709517084607,1.0,0.0,0.5060648293885414,1.0,1.0,1.0,0.0012840234580536018,0.0068711945983145764,0.011763794604537874,0.012877181490488934,0.0,0.0034565493868842305,0.0,normal,0.006387674072928038,1.0,0.0,0.0073390248565853135,0.0005648683835650808,0.015576361783982133,0.010031434255411045,0.008684985544952718,0.0,0.002512527678976478,0.0008724045219464001,0.002832735021621536,0.0,0.0,0.009938013862332238,0.010753419513862035,0.0,0.0,0.011873213678768977,0.0,0.0,0.0,0.005894216826919005,0.011256235986931989,0.024142082396200068,0.019770759381048872,0.0,0.9940187984962549,0.007796146524323104,0.0,0.0,0.01934396715069455,0.0067990903291786095,0.0,0.023331579253140805,0.02371969661424589,0.0013244876100260013,0.00891762534856703,0.0,0.011509439865561815,0.0,0.008191762272897042,0.013923767123457633,0.0028412795044112007,0.0,0.019125210032389865,0.0,0.0023567468550149094,0.0,0.0,0.0,0.0,0.0028255355691043284,0.01630684526314235,0.0,0.007968717701386208,0.0,0.0,0.0,0.0009548805129801378,0.0019242643830041427,0.029603629996953495,0.006114095146121685,0.0,0.0,0.0,0.022108769989077737,0.011636477269545123,0.01756550375674465,0.0,0.0,0.0017550254337197787,0.009768900217682855,0.03254517719124208,0.0,0.0,0.007620721242804907,0.0026824190198309608,0.0,0.0,0.007160772650997356,0.0,1.0,0.003139783345540056,0,normal,Normal
0.0017841786695967576,0.007817495802605755,0.0,0.0,0.01081997187166918,0.010821507843632812,0.0,0.0015276449977703864,0.9929999238786021,0.008458637142860466,0.008792884678662159,0.01049920295233588,0.0,0.0033659706111653525,0.0,0.003357289220578794,0.0,0.0015520171886375643,0.0,0.046706431432827336,0.05247792437311585,0.0,0.0,0.0012984533152854008,0.01052533476094443,0.9986793865067223,0.0,0.0,0.4544997015114471,1.0,1.0,0.0,0.022667810504473945,0.023457513880101657,0.002103416973094462,0.0,0.008118657668305695,0.0,normal,0.016137567727423897,1.0,0.01463537967979749,0.0,0.012240612614084788,0.008162611313241187,0.0,0.007418673803700008,0.002064749895728301,0.0,0.0,0.0,0.007369969623477796,0.0,0.002755582811337981,0.0,0.0,0.0,0.0032240209519369773,0.006951074313864596,0.0,0.017094628154726933,0.0,0.005090555489240179,0.021127626678544842,0.0,0.01446629930385552,1.0,0.0,0.0,0.010120700116537505,0.0025922486665793075,0.007669165829107066,0.002870714461056806,0.0,0.0003716622397025066,0.0,0.01327619636622834,0.0,0.00429046847653747,0.010116058850610994,0.003299658463264288,0.013407670039769833,0.0,0.006517495988781421,0.0,0.0,0.005292152170205185,0.0,0.0,0.0001239533775413698,0.0,0.0,0.0,0.0002107349117901006,0.006273742391681548,0.012018974294094778,0.003878532126803161,0.0,0.0,0.0,0.013906434150518263,0.003899160981968018,0.0,0.0,0.008356525740890063,0.0,0.0,0.0005225628056531015,0.008351748046045463,0.0,0.006919337248973893,0.018310212886683493,0.01370533416562865,0.002650946027368944,0.0005350645089820247,0.0,0.0,0.0,0.0,0.0,0.010268871251454419,1.0,0.0001248148118500044,0,normal,Normal
0.002948157772319112,0.017758752284123675,0.004400541184177804,0.0009860699355317378,0.017423300432236843,0.008598566130820814,0.0011541716288644022,0.0,0.0,0.006259084213178579,0.0,0.007300358918772715,0.010231644312607929,0.0,0.0012643335354817157,0.0005579187875982216,0.00435069923672272,0.0222331852529233,0.0,0.11609121761251566,0.024962876614985353,0.0,0.0,0.9958105277512602,1.0,0.19625163333946008,0.08351182092186155,0.019720262252208527,1.0,0.23064958785552603,0.20534921255920124,0.10847361948380639,0.02073220608126351,0.008844132020931409,0.0,0.0057712031611272165,1.0,0.9892363969247475,neptune,0.012405839245848635,1.0,0.003045157723367814,0.0,0.0,0.005738547205543038,0.0,0.0,0.0,0.0032711873976506247,0.0,0.004800425172209744,0.008598219775055226,0.0004924867199980352,0.0034555272848215864,0.01962285991125149,0.011607241581297709,0.0,0.007506158611966851,0.005262244933645389,0.0,0.0107013816039054,0.0,1.0,0.0,0.012888695143716884,0.0,0.0,0.0,3.9437166632435953e-05,0.0,0.0,0.0006159990013568107,0.018347998474047684,0.0,0.0,0.0,0.0,0.0,0.0,0.011214460938281021,0.005575175808566878,0.0009149484680141766,0.004788034352796658,0.0042883661481873895,0.0,0.007043187218987568,0.014251254710034805,0.003448259175026822,0.011049504985942687,0.0,0.01079014488707222,0.0,0.0,0.013309093507953389,0.0032036261722835713,0.0,0.007373442597394495,0.0,0.0,0.0,0.011356875921684226,0.0,0.011768637544292748,0.0,0.0,0.0,0.0,0.0,0.006539144638632848,0.00997648730884507,0.009447840847815258,0.019823996478989858,0.0,1.0,0.0,0.01175050462273409,0.003774266260085021,0.0,0.0,0.0,0.0,0.00689565251293716,0.010318376752366432,1,neptune,DoS
0.0,0.0,0.023433792764813326,0.005358087364995171,0.015138869313184389,0.0,0.0,0.0,1.0,0.013128479778416286,0.007854550518589604,0.0,0.0,0.0,0.02488121627346243,0.010228386992321356,0.0013398461241566353,0.0,0.014088185129774358,0.023015566987813964,0.020743156050686436,0.00907796272510932,0.0,0.01954563102733547,0.003705713397118821,0.9820399779917672,0.009026953871597788,0.18413692470680337,0.7152505955304336,0.9712305157856831,1.0,0.0,0.012288128992721737,0.02669511392463535,0.0029206152684580246,0.019826371432604933,0.0,0.0,normal,0.015443764220987576,1.0,0.0,0.007692946198040008,0.0,0.0,0.0,0.0,0.0090490361847722,0.018893731816983873,0.005540059116967028,0.0,0.013824263713902135,0.0,0.0,0.0,0.0,0.0003018385732649005,0.01096478705445831,0.0,0.0,0.0,0.0,0.008121764735101037,0.0,0.0,0.0,0.9903194521826094,0.0,0.002259862629336866,0.0,0.011852065592003134,0.010319062892990082,0.0,0.0,0.007955928533809945,0.0034498694955767523,0.0,0.0,0.0,0.013764732647728465,0.0,0.0,0.028551583459048162,0.0,0.0,0.0,0.0,0.0011110451363275239,0.00030466370008802856,0.0,0.0,0.0,0.024556824638155332,0.016135705568784738,0.006583118310971981,0.0,0.008216628264206558,0.0029409074345903463,0.0,0.005713176296041716,0.016886539987371905,0.0,0.0,0.01617677123394512,0.0,0.0,0.0,0.0,0.0,0.0017102231949340963,0.0,0.0,0.015471284424700232,0.0,0.0,0.003525720003521364,0.006017871169596266,0.006983901792153818,0.0,0.0,0.0,1.0,0.0,0,normal,Normal
0.0,0.0,0.0,0.008059624458394584,0.0,0.0,0.0,0.010600537745931187,0.0,0.008014780918866562,0.016277972879751964,0.009079356122453627,0.0036644148042806407,0.0007418816236531989,0.0,0.0,0.008706831207245538,0.0,0.0,0.04164226019722976,0.045845739858398404,0.004095482465383668,0.0026325033500767254,0.0,0.0,1.0,0.0027235203025645634,0.003580967648348488,0.6331535395533301,0.3948359568688587,0.5971850430013531,0.01160774404577418,0.621217229054763,0.0,0.015705141395371287,0.0,0.011941819333489642,0.0,normal,0.0,1.0,0.0014699552623010936,0.0026182171632208005,0.013587810833803473,0.016385277059864718,0.0013344615072108923,0.0,0.0019984657767862487,0.010919346553896415,0.0034665544487460192,0.0,0.014091418279633847,0.0011666320090898542,0.009172763048718564,0.011959645397494723,0.0,0.0,0.0037856943484532186,0.008389233652342891,0.0041393923495621045,0.00929162046158455,0.016626290593178533,0.9980906681999618,0.001509701192395451,0.0,0.01620895828304365,0.0,0.0,0.0,0.004782361475520217,0.008620278285092643,0.0013342285031279649,0.0,0.008641124088442162,0.0,0.0,0.0,0.0,0.0,0.0,0.0,0.012455343516063023,0.004589785917655095,0.0,0.0,0.0,0.006550755446160377,0.0,0.0,0.005046810780229628,0.0,0.0,0.015098827768247591,0.0,0.0,0.008294016784477967,0.009359259329763892,0.012326778853750484,0.0,0.0,0.0077862052652568035,0.010659141471141163,0.0,0.0018557355012484241,0.010574864162256383,0.014129938828449007,0.0,0.003550954718646019,0.0,0.00808419513689475,0.009330076163759641,0.0,0.030489571028004675,0.0027891304624513323,0.005213304613611773,0.0026332463502592974,0.010589217212089224,0.010050226630792206,0.0,0.0,0.0,1.0,0.0,0,normal,Normal
0.0,0.00319560436560211,0.0,0.0,0.005249200884449138,0.0,0.009657840815770544,0.0,0.00013799539837644693,0.002212334577831571,0.0,0.009971601784338743,0.0,0.001897660407866735,0.015957705080827094,0.012281506886905656,0.016519213535663543,0.0,0.0,0.19251849502045654,0.02287203444445006,0.003655452688865919,0.0,0.9966089895923796,0.9888384517731119,0.07008102539681617,0.07891156005604574,0.009180062374594554,0.9880924705262968,0.03169723571197549,0.032678904222256104,0.06812490556761007,0.0,0.0,0.000555857033253613,0.002607249259805696,1.0,1.0,neptune,0.02145739991603136,0.9899085990472422,0.012037738869920165,0.001413949085424453,0.004007986513220337,0.0,0.00914947116298613,0.0,0.027633345441958848,0.0,0.018963874892344162,0.0,0.0,0.0,0.017064786799999614,0.0,0.0010109064643368283,0.0,0.010569867054107847,0.017507485542282826,0.0,0.011210123996025612,0.0,0.01722316473366229,0.000507655695091486,0.0,0.0,0.0,0.003034421369505666,0.011046703731762813,0.0,0.0,0.0,0.0017236363230294998,0.0048756082822852135,0.013373904404669306,0.0,0.005669924591686505,0.0076169452297642675,0.0,0.015092754384561868,0.0,0.0,0.003641306071689227,0.0,0.0,0.0,0.0,0.013180353295876088,0.004728748285826558,0.0,0.0,0.010508331179176293,0.0019811968502877306,0.00236528623340769,0.007088808003672838,0.0038936992008751126,0.010206659833696017,0.004384666435404994,0.0,0.0,0.0,0.0073726323520762705,0.015010603632774483,0.0,0.008559029776629454,0.0008961155382403068,0.0,0.0,1.0,0.014481354075258317,0.0,0.0,0.007734991696835197,0.0,1.0,0.0,0.0142628047128518,0.0,0.013418861654498156,0.0022347360086962574,0.0,0.0,0.013831610639208082,1,neptune,DoS
0.0,0.011003938573474401,0.0023926119018867287,0.0,0.00013025346708715266,0.0,0.013609515570832308,0.009165239484186728,0.001447157260485146,0.0007311250182766198,0.010654367487777578,0.0,0.0067714960506281875,0.0,0.01770073039068715,0.0,0.0,0.0005131951988288693,0.0,0.28471624257211303,0.011636991610493507,1.0,0.9836759890692706,0.009585858492483341,0.00594685993665246,0.03244997435224316,0.07090174787440542,0.0023026090196400367,0.988195608860686,0.0,0.018273229415885214,0.05341975296696914,0.00807679308882455,0.0,0.9852774106365738,0.9905753927509401,0.007098354502314957,0.008192620056420529,neptune,0.0,1.0,0.000534998566313058,0.01967505425305503,0.0,0.0,0.0,0.0,0.0,0.0,0.01834288625191745,0.0,0.0,0.002093319054829522,0.0,0.007268986764238514,0.006511721245360665,0.0,0.0,0.0,0.0,0.0,0.0062632909700109885,0.005207482423896912,0.0,0.007701767646932487,0.0,0.0,0.0,0.0,0.0,0.0,0.012879717180049774,0.0007588379399044541,0.0,0.0,2.3527148959905927e-05,0.0,0.0013385885880734933,0.0,0.0,0.0,0.0,0.018629337589571228,0.0,0.00929969049581297,0.004396442439801711,0.0,0.0,0.0,0.0042917015912514065,0.006067963520264012,0.9965119237985043,0.002026304852160691,0.024404151247061127,0.003976032423821447,0.0,0.0,0.0,0.01772148533200613,0.0,0.010034146093722834,0.00653723409080776,0.010838687087131154,0.012290300540927522,0.0,0.0,0.0,0.015052603890063538,0.0,0.004487625372314647,0.0,0.002891261132571392,0.0,0.006996812852162786,0.004389111372021196,0.0,0.010973617296343705,1.0,0.0012882804673545836,0.009221207686963948,0.0023117078214376892,0.0,0.018609262943486967,1,neptune,DoS
0.0,0.01492036675903655,0.0,0.006576299849110437,0.015286855338395706,0.00356129080905387,0.0,0.0002743671749707052,1.0,0.006909996949156188,0.0,0.010629731380774846,0.005418449252933669,0.022604207164522893,0.0031006998815787975,0.0,0.0,0.0047569270850475855,0.0028251208057772027,0.012767096351220437,0.01594388734675537,0.015222809331587022,0.011059102643844613,0.0177803706967441,0.014310865278081033,0.9966646881758143,0.007428708841084737,0.0,1.0,1.0,0.9936190100264907,0.0,0.0,0.004372506798541119,0.0,0.0,0.0052961624007365395,0.0,normal,0.0,0.9998974130815348,0.0,0.003959209694074067,0.0,0.0,0.00932971543139435,0.004138766903100512,0.005083621501325833,0.0,0.0,0.0,0.0,0.019312335631876815,0.0013794416454952802,0.011366712197858982,0.0,0.017190960710783562,0.012475393199436458,0.0,0.011582665027801886,0.00637742820412137,0.000852642705924997,0.01169441149141069,0.00025229151225539357,0.0,0.028315306864400442,1.0,0.0,0.0,0.00443439086474692,0.0,0.0,0.024055858615992236,0.0,0.0,0.0,0.00962670044980632,0.0023555441958610294,0.0018926274747253324,0.01398759240475104,0.02479994691993091,0.0,0.0,0.0,0.0,0.0,0.0,0.008639242828326385,0.00266891041289338,0.0,0.0,0.007241366827632231,0.0008295187070719046,0.014550965353575347,0.0058961998857052925,0.011604438113555587,0.015893759491989245,0.0004492358043580305,0.0193211482032043,0.0,0.0076603328062799575,0.0,0.0024747964769047505,0.0,0.0,0.006571945522794889,0.0,0.01420836813431216,0.0,0.0,0.005905658308411521,0.007902659262763859,0.028975192812952705,0.012181434035996261,0.01094909793709596,0.007611766798606275,0.016820333036024118,0.0,0.01211774192771128,0.0,0.0011111018382194767,0.9888884649939274,0.002573823396368807,0,normal,Normal
0.012194246396932102,0.0,0.0,0.0,0.0,0.012181209561204734,0.0,0.0,0.0,0.0,0.0,0.0,0.0,0.0,0.0,0.008689579785586913,0.0,0.0,0.0,0.0,0.008668460713306538,0.0,0.002973207482641703,0.0156747635430231,0.010119595872239946,0.9961758925199999,0.0007318161701010659,0.6628273452259135,0.9887339525787872,1.0,1.0,0.0029555656738896796,0.009241361451307327,0.005409489249704496,0.016584391334738068,0.011340086575504608,0.0,0.01677052574644621,normal,0.0019111790792748038,0.0,1.0,0.001292822530593231,0.00449893189315138,0.01734844081603111,0.0,0.006551786671722174,0.0,0.0,0.0,0.0,0.0,0.014593552651213076,0.0,0.9885855358062683,0.004186127896317983,0.0,0.002206277606579715,0.0,0.01432810352013869,0.002982959254541677,0.0,0.0,0.0,0.0,0.008023288813349497,0.0,0.0,0.0,0.01294602881280989,0.0,0.011655588141036273,0.01820698356615506,0.0013451078426895188,0.0,0.0,0.0,0.006741880009913507,0.0,0.0,0.0,0.0,0.0,0.021347936256681292,0.004516656908269177,0.0,0.0,0.0,0.0,0.019512414620366455,0.00933112412048009,0.0,0.003168052878640288,0.006426700643576856,0.0,0.013079397453297757,0.00044183535103630296,0.0,0.0,0.0,0.0,0.0,0.0,0.004512794219909373,0.0,0.018578959829902313,0.0,0.009553180104173472,0.0,0.001992357303080469,0.0,0.0,0.0,0.0,0.007898525010257992,0.0,0.0,0.007361065141627383,0.0,0.0004366321054187679,0.0026359406597721347,0.9907351305981419,0.0,0,normal,Normal
0.004354904476410579,5.182629839800232e-05,0.0009666833133812416,0.0,0.0,0.0,0.0,0.0008000286793851342,0.0,0.0,0.024027488651942996,0.0,0.0004937397778851112,0.0,0.0006612043819875754,0.0,0.0,0.0,0.014014228113597085,0.00857895944594394,0.02944677749028775,0.2564836960203118,0.18931051827366324,0.7489057693360174,0.5607748014256922,0.4981338210801902,0.7287683368560166,0.54929278648803,0.271538282040992,0.3473255073901294,0.3584096533298669,0.08148393891678302,0.019644059249137834,0.019205796280355663,0.04031552456726514,0.030573575145334084,0.847332917665794,0.6448656819741976,mscan,0.0,1.0,0.0,0.0,0.004304766471971825,0.0,0.0,0.015145502960388855,0.0,0.0005323059179649934,0.003636011494990311,0.005384949982941796,0.003993956656482348,0.00045769884867300956,0.013432705424414252,0.008273886818554432,0.0,0.0010598647942627049,0.012977285735584532,0.003781590135334594,0.0,0.0,0.00027265115292177735,0.014929008900998124,0.0,0.0020866705646650345,0.0,0.0,0.003784695966735724,0.008231027131401617,0.019570997262094218,0.0,0.009766823434972701,0.003982454552269717,0.00992569790008741,0.0,0.0009352932745747761,0.0012111755444045116,0.0,0.0,0.009577563380312978,0.0,0.011060049305613898,0.003967069828740453,0.0,0.01911815985195666,0.02501278076088374,0.015109307612527488,9.391210974029814e-05,0.0,0.005403368219059116,0.0,0.0,0.003849115155864432,0.0,0.0,0.01887628993469934,0.004605737224752799,0.0,0.003746978922642643,0.0,0.0,0.01842581164757163,0.9913645317559163,0.007533059288482812,0.012781428434746406,0.0,0.0,0.0,0.0,0.008220465603768393,0.0,0.0,0.018755118054214683,0.006775885101672826,0.0,0.0,0.006100943346570233,0.0,1.0,0.0,0.0,0.0,0.0,1,mscan,Probe
0.012221872086685315,0.006983982349968411,0.014832280645012196,0.0,0.0048743507450847495,0.0,0.0,0.0,0.9959131111355672,0.005818858939282965,0.008504788581287104,0.0,0.0,0.0,0.015277284309187024,0.0,0.004225295614318681,0.0,0.0020524359801412026,0.022398487350526745,0.02012636963192712,0.009245322967485887,0.0,0.9932421733549516,0.9976234976455524,0.24097627525565815,1.0,0.9891824508516145,1.0,0.15864046495885167,0.15911739655613977,0.017171193321680635,0.0,0.010546979757741508,0.010916272711390708,0.021344686953681125,0.5975668072960318,0.9628962276422053,mscan,0.0,1.0,0.01443125891087498,0.0,0.015952340853197924,0.0005126397963649135,0.0,0.0,0.0,0.005010033357798637,0.0,0.003333245910461492,0.0,0.004069282131456806,0.0,0.003883783925742792,0.0,0.014588540506016158,0.010634425673203766,0.0064014620135946585,0.009621100561498078,0.0,0.003694193737548994,0.008127779896863727,0.0,0.0,0.0,0.0,0.01207021873288812,0.0,0.007504121843215365,0.0,0.0,0.0,0.0,0.0,0.006353769801675754,0.0017760833841935714,0.0,0.0,0.0,0.02717582451594391,0.004497562829034287,0.0,0.0,0.0,0.002085802663911314,0.0,0.0019353176576810405,0.015098878857971334,0.9812034484883629,0.0,0.01370042437492966,0.0,0.0,0.01622612333859729,0.0008932316698663646,0.0,0.0003333920448666487,0.0,0.004708781860102424,0.0,0.0,0.0,0.017798089323695754,0.004746143078538081,0.0,0.0,0.0,0.0024856459567938177,0.0061150912818517264,0.0023017852500543993,0.0,0.0,0.012614723453615948,0.9973791756563526,0.0,0.010965636048504666,0.0,0.009832960387703359,0.0,0.008157874926551588,0.0,0.005354331912533409,1,mscan,Probe
0.01726790404547019,0.010876967963004849,0.021887614442403704,0.009299269063095372,0.0,0.0,0.0,0.0,0.004283010868397228,0.0,0.0,0.0070026477393234435,0.0,0.0,0.0010523494651625274,0.0,0.02122097343017512,0.0234442543184032,0.0,0.7712151538326585,0.0,0.16248949951170572,0.0,0.8259287269048594,0.9834615728874663,0.0033221175354918816,1.0,0.005953175893696693,0.9847139160494633,0.0,0.0,0.9212832234638775,0.0,0.0,0.18610751899265787,0.02515672434324142,0.790976210963906,0.9928881550591586,satan,0.005280158503291654,1.0,0.00013590247601083746,0.0,0.0,0.019993185418940306,0.0,0.0,0.0035866809786794817,0.0,0.0,0.008896488407923822,0.007283079552694281,0.0017060366235305308,0.0032680738860777336,0.0,0.0,0.0,0.0,0.0,0.003236949897764702,0.014764657272163771,0.0,0.0,0.0092809898635132,0.008245724245660679,0.0,0.0,0.009648116621963463,0.0,0.0,0.0,0.01712034788054064,0.019072853054975077,0.0,0.012703408175841343,0.0,0.0,0.0,0.008683402644016994,0.001990775176827373,0.014375817786352257,0.0056707509983797266,0.0,0.009877012703992456,0.0029450070906359253,9.347917500627627e-05,0.989018827152832,0.0,0.010192046908666399,0.0,0.0,0.009489060432168305,0.015756017340990087,0.0,0.0,0.0,0.014581231696314128,0.0028194186375179774,0.013344016915492609,0.013097461472065482,0.011197303203169749,0.0020821173380286473,0.003185416410620237,0.0,0.005418695675521357,0.0,0.0,0.0,0.021690747565968036,0.0008411473685868603,0.002735156881369389,0.008148676110979022,0.00957734890604044,0.9967532590799242,0.0,0.0,0.004186499135798859,0.0,0.0029563097505233044,0.006874239673800468,0.0,0.0,0.0,1,satan,Probe
0.0,0.0,0.0,0.0,0.005702041963647157,0.0014289107259028687,0.0,0.011942488934054063,0.9877700994216587,0.0,0.0,0.0,0.0,0.003538810410542839,0.008066467124098399,0.004034056469000798,0.0150187007072609,0.0,0.0,0.005640039415933498,0.005166196489198308,0.00952481549506837,0.0,0.0,0.0,1.0,0.00934323884123329,0.03282167812348501,0.34576475907981835,0.3281474460201612,0.0022214653692512465,0.058421156368558644,0.009806436189277587,0.02006385518963937,0.0,0.0,0.0,0.7454124824486525,normal,0.0,1.0,0.0,0.0,0.0,0.0,0.0,8.23467376327312e-05,0.009746935376554978,0.0059802223171863825,0.002774583891555033,0.010251252365993849,0.0035722140534612157,0.0,0.010119205489619518,0.02278183301690742,0.005756954587463205,0.025427788808202175,0.007636692515593353,0.0,0.0,0.007791340010078377,0.0,0.0,0.0,0.00748076280906962,0.0,0.0074408245371537585,0.0010611381541544421,0.0027869768283646616,0.0025531006860366706,0.0019185852448568848,0.013193339968877414,0.0,0.0,0.012084313381005,0.018386245812130438,0.012424366298468508,0.0006276501031285595,0.0,0.007296243474970205,0.010654220013937453,0.018323939686704746,0.0040316565909592865,0.0018885203919427763,0.0,0.013175457613115935,0.0,0.001477223414473925,0.002855388033345801,0.011776229868240229,0.0024820233733183,0.00159808066683588,0.0050076005502724145,0.0,0.0014262718421991815,0.0,0.0,0.0,0.0,0.0,0.0,0.0,1.0,0.0,0.0,0.0,0.004212183499422464,0.0,0.01717972026625632,0.0,0.0,0.0,0.0,0.007157467620304673,0.0,0.005619185428029159,0.0,0.0,0.003957312573522205,0.0,0.004620928255363154,1.0,0.001942904991018529,0,normal,Normal
0.0016281069932413596,0.004398948830865997,0.0,0.012200961330884382,0.0,0.0017531895940146782,0.0,0.013201991739078586,0.0,0.0,0.0,0.0004154500812861456,0.01651521321021882,0.0,0.0,0.008745105321504342,0.005587514752702764,0.0,0.0,0.4697227982062318,0.008658157091418706,0.0,0.0,1.0,1.0,0.05092194174413055,0.06917089096565698,0.006989422674785663,1.0,0.0421415320803804,0.04766200840914511,0.06178724100055096,0.0,0.0019626220832160107,0.008719968164021026,0.0,0.9853966373957425,1.0,neptune,0.0,1.0,0.0,0.007885979074260278,0.005897575492857875,0.0,0.0,1.0,0.0,0.0,0.0,0.0,0.0,0.005733884911084407,0.010713540356857154,0.011617713996632313,0.0,0.0016260587138081167,0.0,0.0,0.00487818226737413,0.002317696642771974,0.010059319301520686,0.0,0.0,0.0,0.01181073951222713,0.0,0.0024656256092043484,0.0,0.009789184557395546,0.0,0.0065991019545674845,0.008958457796974083,0.002266682094163832,0.0,0.006288373224342433,0.0,0.011429388706798998,0.016130790402123726,0.0,0.0042056963890172265,0.009331959514235218,0.011901544971771101,0.0,0.0008382050783052988,0.012178743550999696,0.0,0.0,0.006701295274613124,0.010600377887974988,0.0024998338007930125,0.0027436557898698737,0.0,0.0,0.0,0.010367492102046669,0.008801158356277013,0.0,0.006565729806233965,0.0,0.0051026887724729564,0.0,0.0,0.0,0.0038084055050533966,0.005771230997136056,0.0,0.0,0.0009214618995763026,0.0063205896128163365,0.0,0.002911913500743661,0.0,1.0,0.003816005052720634,0.0,0.009776490620155653,0.0,0.0,0.0,0.004317620823201835,0.0,0.0009101328716285184,1,neptune,DoS
0.0008483817430638935,0.0,0.010131517637815174,0.007392265635009658,0.0,0.004891754669520237,0.0,0.002385552396465099,0.9822690106415575,0.0,0.0014201239327342851,0.00786279311657356,0.00030532621407846554,0.006207599715272086,0.012498588330730349,0.0021078258568647435,0.005810531519109643,0.003805669785069671,0.0016779160145624326,0.06390651671245882,0.03308878758898621,0.0,0.006059534278729013,0.0,0.0,1.0,0.013471149466934553,0.17505208995000454,1.0,0.997194988028078,0.982623766638792,0.020462064578658474,0.003118199771021617,0.0,0.0,0.0,0.0028706349217615837,0.0,normal,0.0,0.9870739641813269,0.004369588356681294,0.0012525539428708495,0.005384681058955271,0.0037983576673653926,0.0,0.0,0.0,0.0,0.0033132963467745746,1.593040516072044e-05,0.016413282614825213,0.026930093813871847,4.070928779403697e-06,0.0,0.009366434511477534,0.024537531957491324,0.014499962330112642,0.0044884453463080965,0.004377991415623833,0.0,0.003474754080217406,0.0,0.014464404994027596,0.0012760556945295234,0.008876280975437828,0.981843331925784,0.002077991337778726,0.0,0.0020482483107200325,0.0,0.0026815458924620197,0.0067839835488229154,0.0,0.0,0.0,0.0,0.0,0.0,0.0312607627513806,0.001573226836791257,0.009611112322716475,0.0,0.017640303470328886,0.0,0.006472639712972678,0.0,0.0034548233642143393,0.0,0.0,0.019826613774311715,0.0025986700090438663,0.0016938880188016197,0.02461133628559703,0.014941763611276651,0.004888750086626684,0.004697441761939684,0.009001360894145771,0.012893209013480145,0.0,0.0074350432623545605,0.0,0.0,0.0,0.0,0.006814205652865956,0.0,0.0,0.004734823791041131,0.012910383911956577,0.0,0.012624997611339044,0.0,0.0,0.0032920510219946442,0.016937016607452744,0.0,0.0,0.010221700992666402,0.005160209966571932,0.0,1.0,0.006293702212766506,0,normal,Normal
0.0,0.01762332503822851,0.0,0.001079291724230463,0.004660834653722955,0.0020912219366683404,0.0,0.0049659840722673185,0.0,0.0,0.017686340623618176,0.0,0.0,0.0,0.0038470561478425457,0.0,0.004944613443124616,0.004654069961239126,0.0035881135869135212,0.008513707668183625,0.012846066111479981,0.0007838425818986663,0.0,0.9888972454977063,1.0,1.0,0.0,0.0,1.0,0.0,0.007380050082059469,0.9517498698186584,0.9589429301555232,0.0,0.0,0.013660096366670512,0.9318974127160629,0.9966053386143661,normal,0.0,0.9972307294565481,0.0,0.0,0.0,0.0,0.0,0.0,0.008636153992366573,0.0,0.0083387794057669,0.0019244691217883123,0.010215746249710807,0.004554834067816027,0.0,0.0,0.008154703734860885,0.008197896201462997,0.009733328181149237,0.0,0.012682252943165724,0.0,0.02219082630083973,0.0,0.0025674627857969114,0.013068055468787204,0.0,0.0,0.02106188991636508,0.0,0.0,0.0,0.008273518313330619,0.0,0.0026776045338026185,0.01492545841340064,0.0,0.003390965476592006,0.0014235291038999062,0.0,0.0,0.0,0.0,0.0,0.011364471717090919,0.002060545515840429,0.01690661276168338,0.9736737518744294,0.0,0.0,0.0,0.0,0.0,0.005064468098101175,0.0012094753309344936,0.006605125578209762,0.015610637675298718,0.0,0.008529122659428219,0.025124361497302617,0.003233188700042342,0.0012586631638590218,0.0,0.0,0.009319567394599736,0.0,0.006380879996125659,0.0,0.0,0.0,0.007900177043403891,0.0058902432113897745,0.005908253949827723,0.001740428848405557,0.0,0.0,0.0,1.0,0.005761318175590375,0.0006551445501548472,0.0,0.014624501625693783,0.0,0.011120933236629764,0,normal,Normal
0.0013379678037241192,0.0,0.0,0.0,0.0,0.0,0.0,0.004192376579171584,0.0,0.000913146988654091,0.020744361452099618,0.021118846937325155,0.009438403060919469,0.003155369609311691,0.011000010077848977,0.0,0.0,0.0036992822739705844,0.0,0.3226293296397276,0.0,1.0,0.9998084689185843,0.0,0.0,0.030699587918423102,0.08281266002943448,0.0,0.9896939420006615,0.03166417916068957,0.02283580995849108,0.07989931769545047,0.0,0.006047405701213576,1.0,1.0,0.009944438557545428,0.0,neptune,0.0,0.9816220834209791,0.0,0.014789040282969897,0.0,0.018804210374087024,0.012292960948640607,0.9931683583136218,0.0,0.0,0.013796498375253347,0.0005962293822516364,0.0,0.019087754444270796,0.003892935353450327,0.026949495591009374,0.0,0.004971802656798536,0.0,0.01589757482486809,0.010183991005819971,0.0,0.0,0.012943600964986254,0.005306680851249051,0.0037776466381331587,0.0,0.0,0.013082687236759852,0.0,0.0,0.012815891203168442,0.0,0.005995441875704783,0.00220990460784978,0.0,0.008768865087958386,0.006138766941642786,0.0,0.0034007992466410482,0.0,0.0,0.0,0.005627447691399835,0.0026431966154219404,0.0009121665973572322,0.008783340659396803,0.0,0.003737517074813769,0.008508556109244596,0.0,0.009264921664422013,0.0,0.009147312313884047,0.00034308013596620813,0.0,0.013589047411663915,0.0,0.02000022278921558,0.017466232868150675,0.006150557181201486,0.0,0.0,0.0036973412817888907,0.0028979144858158655,0.0,0.02078942275564015,0.0,0.005822715079397811,0.0,0.021345848768852857,0.0,0.0008299946172803961,0.0029952724404656563,0.0007104026323362774,0.0,0.0,0.01346606334861843,0.9917827631150153,0.007423072421825739,0.015842139138768342,0.0,0.0,0.0,1,neptune,DoS
0.00016549201722197406,0.0,0.016512463622153025,0.0,0.0,0.003076180602723737,0.0,0.011017819292822157,0.9932079258607079,0.003792995013998215,0.008122511588942852,0.0,0.0,0.0,0.0028375956371397104,0.0,0.01453024368210878,0.0,0.0,0.007693734478100315,0.0,0.004290600197046813,0.009436248633837891,0.0,0.0,0.9995732651399092,0.0,0.0,0.9814355818797031,0.9339873031940059,0.9335019659380689,0.0,0.012945217910893743,0.0,0.011139376946723997,0.007575727887627971,0.04492164982164093,0.003942777801656226,guess_passwd,0.021647108103181906,0.9964978826910671,0.011973280626084888,0.008076337514271883,0.004420269469315117,0.0,0.0,0.014223040840873563,0.0,0.013596781685453328,0.0,0.0068630041958406785,0.0,0.007489747503692908,0.000631464406034689,0.011030008703330253,0.0,0.014891241224629433,0.0,0.022319196122151653,0.0,0.00293046529504354,0.0,0.00125615354048933,0.0,0.016663800414962543,0.013569070388072453,0.0,0.0,0.0,0.0049881070271544856,0.0,0.00434330427398077,0.005550825979495292,0.009706983241081683,0.0,0.0094264832051775,0.022411090157122927,0.0,0.0,0.002085957863802629,0.0,0.0037196210363523415,0.003440747520850446,0.008031655649817787,0.0,0.0,0.0,0.012555412068360854,0.0,0.9811535332076885,0.018405591709472098,0.0,0.00019732093132180983,0.002000976675863609,0.017176723977481406,0.0,0.011210651741288628,0.0,0.008139896457063289,0.007887456114653921,0.0,0.004522374151321868,0.0,0.022263087145795977,0.0,0.0,0.007655018695994537,0.0,0.0,0.0,0.0,0.028803215761103344,0.0,0.0043345476171384525,0.0,0.0,0.0,0.009156326666088673,0.008524082292770178,0.0039695554549908155,0.0034287956423059837,0.9952726827588652,0.00171412127568166,1,guess_passwd,R2L
0.0012675296425128063,0.0,0.0,0.01883932309559502,0.0,0.0,0.0,0.0,0.0005959916776115998,0.0,0.0,0.012913717708049045,0.00031294860138498333,0.0,0.00734801562550428,0.0,0.0032737074516866077,0.005192479289985769,0.0,0.0,0.014517013944411803,0.0,0.003748525400984391,0.0,0.0009525718336731454,0.993943947611052,0.014658325782826883,0.6598393250683715,0.008643477404676893,0.03960194276992016,1.0,0.0,0.9886480127782035,0.29402800923438926,0.0,0.0034124076644859577,0.009050015107859556,0.012373981358638724,warezmaster,0.0,0.9890860537436656,0.0,0.024058398135303475,0.008802299464132371,0.013540613413983492,0.009747963094942094,0.0,0.0,0.0,0.011021186700540662,0.013438441226750015,0.0,0.0,0.0005911168065255416,0.0,0.003984420630808865,0.0,0.0,0.008499580611371486,0.0,0.0,0.007482817866620204,0.9892965211685979,0.0,0.023893020323153033,0.0038865424434140123,0.0,0.0,0.0,0.0007122941163292935,0.0,0.0,0.009495331621663826,0.010060828289911975,0.00023884557175379295,0.012283615895538317,0.0,0.0011058159661060307,0.00400636745911638,0.0,0.0,0.00014420170089062562,0.007236946979297765,0.0027054586254348432,0.014588742561002649,0.0,0.02029836270429587,0.0,0.0,0.0,0.01099725765651238,0.0,0.02118049719281121,0.0,0.0,0.01111245511738616,0.019539154369706727,0.024063297780626103,0.0,0.0036469452370569097,0.01517000761557177,0.0044448506565194935,0.013874663606735869,0.0,0.005620763484063648,0.0072752599117921835,0.016637305664527573,0.0,0.0,0.0,0.0,0.0,0.0009417189672820634,0.008284750288455248,0.0,0.013522939864199564,0.002609784796013257,0.0,0.001143223122671993,0.012679193889252807,0.013334242731618078,0.998664111078701,0.01215015829152123,1,warezmaster,R2L
0.004922378634915435,0.007357622352215846,0.007867887851190868,0.0,0.0,0.0,0.0,0.0,0.0,0.0022400425778440276,0.012975755861710552,0.012112897256903518,0.0006859386851669816,0.0,0.0040788338867307,0.0,0.0,0.01971327699426633,0.001243258875807855,0.5598382187101792,0.018549478506890083,1.0,0.9940648451893093,0.0,0.015584147793891317,0.07315107646024725,0.0601961049912163,0.0,1.0,0.049403647952049407,0.06921603838531647,0.0691691859075365,0.006388031128530554,0.0,1.0,0.9847191016630815,0.0,0.007728083826161337,neptune,0.010523878032387609,1.0,0.0,0.0,0.0,0.0,0.0,0.0,0.0,0.0,0.01237355096408361,0.0005366355899527338,0.0,0.010407373133055295,0.01707847825828144,0.0,0.0,0.009722918790595048,0.005949303887869849,0.00041553473503497327,0.0,0.006297476372647301,0.0,0.0,0.0009153755059627931,0.0009742293664801642,0.0,0.007154549083899541,0.0,0.0,0.0,0.0,0.0,0.007443052463412341,0.0,0.0047979328202560215,0.0,0.0,0.0,0.0009853565910759945,0.0033068972530141162,0.011050345758640664,0.0,0.01893384477262673,0.0,0.0,0.0,0.0,0.0,0.009642125230216559,0.0,0.004734473429880954,0.9885047981285653,0.0005085170840206314,0.0029490516650212267,0.0,0.019220893677895038,0.005167941739361426,0.0,0.00622566506939351,0.015568843460449334,0.002164028834640405,0.005375994890555981,0.0037865123131150366,0.005663716377182519,0.0,0.0032365670691318843,0.0,0.0,0.0,0.01445508242711889,0.006581965013571455,0.018555400896546264,0.0,0.010806747387916146,0.015287282604755066,0.0,0.008862450703071269,1.0,0.0,0.0,0.0073443322375547435,0.004073564754635055,0.0046336327959487075,1,neptune,DoS
0.006270729698111558,0.0,0.001002760084226279,0.0,0.007678850513405508,0.0023087389090987597,0.0,0.0027898837026970424,0.01250006470888701,0.0,0.0,0.0005542368128547076,0.0,0.0,0.0,0.009272296048273817,0.011718706400263318,0.005092554739156103,0.0,0.05283891117068641,0.06547264249513642,0.0025090097482393216,0.0,0.0,0.0014232465726513198,0.9963926036959131,0.0,0.00539034892046467,1.0,1.0,1.0,0.0030553610991808206,0.1535688981277184,0.00825473779716371,0.0,0.0,0.008304726113786411,3.397556234621676e-05,normal,0.0,0.0,0.9804785671615175,0.0,0.0,0.00720527008657771,0.0,0.016175922052901106,0.007482497968678852,0.0,0.00395800254864893,0.0,0.004354202660268446,0.015512861148281383,0.0232278389296946,0.0,0.015293405321137378,0.0,0.0,0.0020978538805417604,0.00366328113215667,0.0,0.0,0.0036864850765143597,0.010543955720366838,0.003091646376866474,0.003436716333086836,0.01918955208372676,0.0067083342798656,0.0,0.021638401325704253,0.005306603595237258,0.0,0.002491701327563159,0.020394547438123255,0.0,0.0,0.007265652298735461,0.0028484013863250687,0.0,0.010770510741644913,0.0,0.0,0.02340589352664811,0.0,0.0063543546819631504,1.0545417982146793e-06,0.007935269346774562,0.0,0.0,0.0037840263438400886,0.009237646762887039,0.9957225164156963,0.006985610553988383,0.0,0.0016144522460227004,0.005826951266769235,0.01919577952700517,0.0009797542248651547,0.0026134007819587322,0.0,0.0,0.01035617832477624,0.0,0.0,0.012596981210213949,0.004790306119295541,0.011135319205711492,5.334754822766255e-05,0.0,0.0,0.0,0.014504180826024966,0.0144855469161662,0.005511712403539407,0.01226280203551673,0.006272788910452635,0.0,0.0,0.0065304923414088115,0.0,0.0025647684391944957,1.0,0.0,0,normal,Normal
0.0,0.009905140960357802,0.0,0.0,0.01081965295278738,0.0,0.0,0.0,1.0,0.018418212218849886,0.0,0.0,0.004855213596574111,0.0019657751154220303,0.0,0.0,0.0,0.0,0.0,0.0,0.007672336778957819,0.0006371377381174296,0.0,0.011475713459879813,0.0,0.9897699795576231,0.01075390435667781,0.9869600070201234,0.9962463556081147,0.04191306630931504,0.03853816626558272,0.07381149613159366,0.0,0.011634014220787268,0.0,0.0008702456019129533,0.9465232479319639,0.0,normal,0.0,0.9985212483003102,0.0,0.0,0.002432223947682867,0.0,0.003201990739090605,0.01069243920823287,0.0,0.0,0.0,0.0,0.0,0.010823445383550963,0.0,0.0,0.0,0.007799436201529742,0.0,0.0,0.0,0.003801751995491727,0.014955993406079605,0.01397427293435354,0.0,0.0002687434145260956,0.0030454059090126613,0.0,0.0,0.0,0.007250570672369839,0.0,0.0,0.014436818030081911,0.0,0.0,0.0,0.007970732403359134,0.0,0.006631866888876815,0.010184482005828088,0.0,0.0,0.019355749619127897,0.0,0.008363695397836525,0.0,0.0,0.0,0.0,0.00693265083176911,0.0,2.2807523423529455e-06,0.011649170971338765,0.0,0.0,0.007034324338746452,0.9923062039040716,0.0,0.0,0.0,0.0,0.015253023469077118,0.0,0.0,0.012112211069620805,0.009809320425950556,0.015406912062886373,0.0,0.0011841679122152717,0.0,0.012631487619870232,0.0,0.0,0.011884674013439372,0.009542699402980534,0.027600661774527756,0.008642465047510832,0.0,0.0,0.006453051322297009,0.0,1.0,0.0,0,normal,Normal
0.0,0.0135496915095406,0.0038873176518662176,0.0,0.0,0.008837272306198503,0.010781583990736157,0.0,0.9962589603070788,0.0,0.005542803748631718,0.0,0.010566278682986404,0.0,0.015710158497924044,0.0,0.0,0.000979372129470496,0.008755462606893165,0.008081516335436818,0.004312443632077118,0.0,0.002045669226366293,0.0,0.001580200188757676,0.9982710964778714,0.0,0.005947431358433981,0.41636233197678835,0.5263223534765323,0.40468834351139293,0.06033964175883469,0.014908997546059743,0.02048788483084632,0.0,0.0,0.0,0.015680188935090444,normal,0.004053103132169921,1.0,0.0,0.003270296140044379,0.0,0.0,0.0,0.0213235424668655,0.0,0.005068558203031127,0.0,0.0,0.00028228317775805484,0.0,0.0,0.0,0.0,0.0,0.0033500424095672804,0.0008047954868699301,0.006490504956765938,0.014086355364625498,0.0,0.011045256265510511,0.002497711559621031,0.02866731976598535,0.0,0.00830445395126217,0.00020805997208726758,0.0,0.0,0.0,0.006501932194039509,0.0,0.012363585456161175,0.0,0.0053828332701342406,0.0,0.01579649765882971,0.00846012400722068,0.009168596261301665,0.011258879248992278,0.009536540841784413,0.008966354393740106,0.0,0.02028160184175293,0.009443044524541406,0.004784590448415277,0.0,0.0,0.0,0.0,0.0,0.01743892286975929,0.003337884835536534,0.008217444095770094,0.0,0.9969145116046338,0.0021149189531957644,0.0020411202705006497,0.007863107627225674,0.004626558818880264,0.013804326880394893,0.0,0.008571814481050656,0.0,0.0,0.0,0.0,0.0,0.0,0.0,0.0,0.005344079487603644,0.0,0.0,0.0052830137200135345,0.0,0.0,0.01556673469137593,0.0,0.0,0.9934576383747799,0.0025044169325953054,0,normal,Normal
0.0,0.0007128691924509845,0.007317951193905301,0.0,0.006960774305657723,0.007049602359501095,0.015694430492026127,0.0,1.0,0.0,0.006263708042806141,0.006045245311849387,0.0,0.007343921959284595,0.0,0.0,0.0,0.00046415426300744583,0.015659709353072634,0.0,0.0,0.0,0.0,0.004591551051939766,0.0,1.0,0.0,0.0,0.06649248589760473,1.0,1.0,0.004780145993808474,0.08070114668266991,0.04584207926711771,0.0,0.0,0.008880488886956233,0.012800068883794754,normal,0.0,0.9818677627519274,0.0008285297412677818,0.0,0.0,0.0016594508181705012,0.005545166036583608,0.005050735049428491,0.006693927662434348,0.004892919055816907,0.0029730248864981907,0.0,0.0,0.0,0.0,0.0022408770030314506,0.005861438445067024,0.005171249573430943,0.003316575999924698,0.0,0.0,0.0,0.0,0.007649253559879402,0.0036790325212035188,0.0,0.009104572970501181,0.99854880566928,0.01184547636259588,0.007339505175382637,0.0,0.0022628260327248574,0.0015700749851624007,0.0,0.0,0.011295295208498342,0.011292658892755665,0.0,0.018418213561317513,0.005319043037203655,0.0,0.013369737717431827,0.009268374825338911,0.0,0.0,0.0,0.009600287529978603,0.0,0.009785135349202929,0.017076221725185456,0.0,0.009933056934685757,0.015254933403809108,0.004465860560729841,0.0,0.0,0.0,0.0,0.002528515309066493,0.0,0.00038767440386468775,0.004939798021827585,0.0,0.0039441088769479994,0.019596396451526166,0.0,0.0015447725298129147,0.0,0.0,0.0,0.002262479265428465,0.0,0.0,0.0,0.009768261282452543,0.011485013575361098,0.0,0.0,0.0,0.0,0.0,0.0,1.0,0.0,0,normal,Normal
0.05009172245101418,0.0,0.0,0.0,0.0,0.0,0.002386560034797004,0.0036403369067352217,1.0,0.0,0.012140986156427697,0.0,0.0,0.0,0.0,0.028700541867799564,0.0,0.0,0.0046111254140168995,0.03242881106327804,0.02356183178182967,0.0,0.02193287165662118,1.0,1.0,0.9897184477881649,0.0,0.0013166442837981814,1.0,0.98219715529477,0.9703653802409248,0.0010160911025756062,0.0,0.0,0.013618508224275284,0.03376521627082257,0.5440055721052003,0.5930306968171106,apache2,0.0,0.9952372764379721,0.0,0.0,0.0,0.01284313587532757,0.006317987248544133,0.0032261865951059444,0.0,0.0,0.0,0.005973974723872783,0.009134307007723639,0.006683450799763182,0.0,0.005852463430004757,0.009501276800570946,0.0,0.014476274753600976,0.0,0.0,0.012166712567114204,0.00570539463769622,0.015509339483649614,0.008091679702166558,0.006672696608339495,0.006419283136476042,0.9967630384037718,0.0025352754531865296,0.0,0.007556869387799672,0.0,0.02174584382908334,0.020797329996521917,0.0,0.012076946763638626,0.004709014830614907,0.004802685096344392,0.0,0.004624308585124864,0.030018950213272857,0.012977846065848526,0.003949851895435016,0.004375890288783363,0.0024212104913232447,0.0062723146661305485,0.012574238842001595,0.0067444691478519584,0.0,0.001168974700643876,0.0004047437485530277,0.0,0.0,0.009004291992200987,0.0,0.0,3.6987628213232116e-05,0.004186530077847938,0.0,0.0,0.0005309668373465079,0.0,0.007613773510790605,0.0,0.004381163385324592,0.013037397072836483,0.0,0.014554344988239584,0.0064338479757906466,0.0016885126852750874,0.002382764611245303,0.017107566210178983,0.0,0.0,0.0020730442362167927,0.010840084750072922,0.0,0.9966673570848029,0.0,0.02231002222142722,0.01222431851139167,0.0,0.006514478637913792,0.0,1,apache2,DoS
0.011866389971180112,0.0,0.0,0.0,0.007496347945767949,0.0,0.0,0.001126734932714,0.0,0.0,0.0,0.0,0.00165109751498781,0.007515410145670355,0.011895721507808116,0.0,0.0036313233950908247,0.0,0.0,0.450986599717385,0.025458847744368518,0.005955851293806511,0.005110336240704687,0.9972008792034274,0.9964047315403888,0.06612941856575219,0.0787747059690569,0.009812237355495175,1.0,0.07153026710548865,0.09588448629677893,0.07317661507619223,0.0,0.0,0.0,0.012515474769239072,1.0,0.997887149740031,neptune,0.0,1.0,0.0,0.0,0.002424579403109711,0.01597242956665939,0.0,0.022735337663415896,0.011517147431579014,0.0,0.0,0.0005153349069398778,0.0,0.007708012968608278,0.0,0.005459826146087747,0.0,0.0009193035969020875,0.014305430708650417,0.0,0.0,0.0,0.0,0.002179478011597788,0.002308942920013094,0.00034026214856370493,0.019463117840296286,0.010273976165420126,0.00659265317653073,0.0019776637910647677,0.008892248693824585,0.01100636574148075,0.0206082783249467,0.0,0.0,0.0,0.012024931417883876,0.022258927868310904,0.0,0.005579167548121692,0.0,0.0,0.0,0.0,0.016042848291403934,0.003729778403106147,0.0050362156434385266,0.005527350228516417,0.0,0.0,0.0,0.01088176729985282,0.9962985945574998,0.0,0.0024495425626162885,0.0,0.0069056367382360805,0.011379459852383781,0.004433881386231461,0.0,0.001000950291178737,0.00355227502661637,0.007148173614730746,0.0,0.00011127046269061874,0.0,0.003149059354110155,0.0,0.021829345582515876,0.0,0.0,0.0,0.0,0.018422971450468242,0.9906146312180192,0.0,0.012793695954214859,0.009684267103400765,0.006150098805390173,0.0021851524261318166,0.0,0.0,0.004599694623776522,0.0020797399463725603,1,neptune,DoS
0.000591701182307794,0.02964692142933984,0.0,0.0016837774844036001,0.0008115139495345143,0.0011018160310768462,0.008485826617931277,0.0,1.0,0.0,0.0,0.016487322218569377,0.004124336027880435,0.0032882990219831303,0.0005001491780288292,0.005637609434601082,0.0,0.0,0.0,0.000929533562241275,0.016572137118662997,0.0,0.0057901276192345846,0.0,0.008191890061029801,0.7383862610658717,0.5044292054802573,0.0006451970446213272,0.9929441959179717,0.9571701644485224,0.9506792502634097,0.033934156386077746,0.0,0.0010829409728864985,0.014322821721209578,0.0,0.02931653020442672,0.0,mailbomb,0.0,0.9875825098421466,0.0,0.01632287121606605,0.011608603507702637,0.0056954436131247945,0.020197133121511737,0.005995824204189974,0.0028943368209682027,0.0,0.0071320649203758515,0.005466783812549666,0.01621563702354767,0.01687240496350401,0.0,0.006704582458782911,0.0,0.0,0.0,0.01772784765834337,0.0,0.0,0.0,0.008598760535404475,0.007304978024022768,0.0,0.0,0.0,0.0017490240302842721,0.0,0.019657861035647112,0.002264378551127922,0.00023126721547767426,0.009321355141802233,0.0,0.0,0.00525302843358232,0.006595400000071046,0.0,0.010750806838490513,0.0,0.0,0.0017301460910918438,0.013227374758905298,0.015068885247681452,0.004660745270168215,0.0,0.020401086435247563,0.003090277662608744,0.009643152187117891,0.0,0.005437878519956874,0.0,0.0,0.006686701401765117,0.0,0.0,1.0,0.0,0.006782293658358191,0.0,0.010445011917526947,0.0,0.0007760391186165315,0.009456671584810174,0.0,0.0,0.0014549343950216174,0.006739445786826534,0.0011614129665241516,0.0,0.005489242755280148,0.00014003880322517462,0.0,0.0006953415567715978,0.006704274918867973,0.0,0.0,0.0,0.0,0.0,0.006376966529468266,1.0,0.017650580352472144,1,mailbomb,DoS
0.0,0.0014647860020641401,0.019246777236077837,0.0,0.0017960379251365775,0.0,0.0,0.015277135886655689,0.0,0.001539457355740654,0.029715379093235416,0.013887634200505506,0.0045764420891984785,0.0,0.00580872142160247,0.0,0.0,0.0,0.00020016872693284172,0.41889583270041486,0.002558524474825214,0.0,0.0,0.995903926588317,1.0,0.0,0.08135751398115769,0.0018914516143653571,0.9916808352245681,0.030051475095580888,0.0006647326302232509,0.07629844610755765,0.0,0.00303183798904017,0.0,0.0,0.9949686964841072,0.9922132961264434,neptune,0.0,0.994347814751837,0.0059192787448087685,0.0,0.021306122975188455,0.001503665539720661,0.0,0.004625781876740049,0.0,0.014483947069314038,0.0,0.0027406606221505535,0.002112988776833369,0.00041980889508447093,0.014262179763528525,0.004624549341873322,0.002092394920574779,0.0,0.0,0.018915941571555253,0.0,0.02150822174853886,0.0,0.0,0.0006207721002483425,0.0008293385328350615,0.014953258169461471,0.0013435241834269943,0.0031490708772284144,0.002891207931403859,0.0,0.012540314394384978,0.0,0.02349547670475501,0.018557186677825136,0.004947294151547351,0.004116418601513666,0.004839121056986173,0.009176753409943447,0.012083206446539776,0.011527269129480596,0.0,0.0011143725119899812,0.011340273762523894,0.0,0.021321872401718227,0.0,0.0,0.0,0.0,0.0,0.0,0.9947525655126329,0.012514821967264722,0.0,0.0,0.014293445838414885,0.0,0.0,0.018283536827233045,0.0,0.0,0.0,0.006766292993453686,0.0,0.0,0.0006912560565116921,0.0,0.020164119442275613,0.009192832342747363,0.013644144992558529,0.012194323950693808,0.008572175374215294,0.0,0.9983071568645797,0.0,0.0,0.002049110117630127,0.0005283761558091573,0.0034452338098830805,0.0,0.003903890690045297,0.0,0.0,1,neptune,DoS
0.0,0.01361240351738528,0.0,0.0,0.0,0.0,0.002545656459528444,0.0018090786788342165,0.9982293034337727,0.0,0.011254389987355404,0.0,0.0,0.010099699970216836,0.0,0.0,0.0024787990506572573,0.004347433463877591,0.00809688123016024,0.02697843006591768,0.030520855818924622,0.019294189453686134,0.0,0.0,0.001904230639754202,1.0,0.0,0.0021342262064827245,0.4599372766449994,0.4298691623739094,1.0,0.0,0.012549166717070051,0.0,0.0001786321108688198,0.0017873372946294974,0.0,0.004863273726724874,normal,0.0,0.9967968610862697,0.0,0.0007047394208274012,0.0,0.0,0.0,0.0008951630536969867,0.0012339954370363384,0.0,0.0,0.0,0.001027215584612738,0.006308679954680745,0.011263621603002162,0.012636167957071644,0.0,0.0,0.0025943211024981767,0.0,0.015968362969035504,0.0,0.0,0.0,0.008198510315123215,0.0,0.0,1.0,0.0,0.00785946848010998,0.0020829876564819987,0.0,0.011435946674062438,0.008210894947003897,0.0,0.017591229794848357,0.0,0.011817381268643061,0.0053547212696953,0.0,0.0,0.0,0.007968665639260372,0.0034263791770878676,0.0,0.0,0.01162831754509985,0.0,0.00019376495284973024,0.0,0.0,0.0003925469523191665,0.01282747555155224,0.014649246029711164,0.012402640282224611,0.0030984340941901745,0.0008984794151779076,0.00010226716474524594,0.007173061059234983,0.0,0.014906523201063178,0.0,0.0,0.0,0.002281437249077874,0.013146767913859778,0.012763580532202196,0.0,0.0,0.03506084734513641,0.0,0.0,0.0,0.011099531140249115,0.0,0.0,0.0,0.0,0.0,0.0,0.0,0.0,1.0,0.0,0,normal,Normal
0.0,0.0,0.004997891135517009,0.0,0.0,0.008708920085918705,0.0,0.013926965102122052,0.0,0.015420108854972903,0.010811742719083297,0.01119620661559251,0.00695428894842494,0.008519743170035904,0.0,0.0023993108325109785,0.002996714043922523,0.005029912058293878,0.005940381551339695,0.4916135093414591,0.03557784898644027,0.01376375773379873,0.022544239713090275,0.9888383203662482,1.0,0.08328095224278052,0.06669521997222577,0.0008848264032477477,1.0,0.060942644307697594,0.06991839933870345,0.07670914455939094,0.0,0.004235653553224189,0.0,0.011016799335945668,0.9942255159221082,0.9907489676578085,neptune,0.0,1.0,0.007357697355111737,0.006615840902639042,0.006464789017351279,0.005161509999277777,0.0023272774650787108,0.0,0.019677926291792682,0.0,0.0,0.0,0.0,0.0,0.01193771638799531,0.0,0.0,0.0035133093425355924,0.0,0.01726825172599372,0.004986684946951592,0.016847456697268944,0.0086171284657459,0.0,0.0,0.0,0.0,0.008941912444131285,0.0,0.0087017262703906,0.0,0.005992179722133072,0.008572830398611841,0.00402645215036806,0.026151008385339694,0.0,0.0,0.013346499819845105,0.0035534266778208794,0.0,0.0,0.0,0.001858402424369848,0.0,0.0,0.0,0.006621378115927198,0.007254212007600451,0.0,0.010707166392100162,0.0,0.0,0.01219303683529559,0.0,0.017609204805518586,0.005588511731531052,0.0,0.011447494216951726,0.006639410630524356,0.0,0.0,0.007216296094704061,0.00025458986723132115,0.0,0.0,0.0,0.005494575563379365,0.0030209288754864377,0.0,0.0026788410811414026,0.0059572638387862175,1.0,0.000993530498619878,0.0,0.9989417992295979,0.009045232331818531,0.004471890223864822,0.00480893969522532,0.0037194123367782985,0.0,0.0,0.0018736339965152902,0.0,0.0,1,neptune,DoS
0.0,0.0022349626490305603,0.017854112474289703,0.015703952751121027,0.0021014865057019014,0.0005289974530121458,0.0029905417241064994,0.0,0.0,0.0,0.001383244412785752,0.015278472960196767,6.946644187702953e-05,0.0,0.0006932673033964358,0.0032231657908569668,0.01037355620133524,0.0,0.0,0.48836164774165636,0.0337330093526254,0.0,0.015039927890170713,1.0,1.0,0.07652199315365056,0.07718504801286129,0.0,1.0,0.06074201588760503,0.07508730649515141,0.09810119561994939,0.0,0.0011782535001830367,0.018136498233096265,0.0,1.0,0.9999755284725299,neptune,0.0,1.0,0.0,0.0,0.0,0.0067094646480381605,0.003368659609433701,0.0,0.0,0.0,0.0017123860301516709,0.015283975120919025,0.0,0.008269057014757338,0.0,0.00396413591016115,0.001138866852994153,0.003586627162183028,0.007316259139880117,0.0,0.0077488516184186906,0.0,0.016684611972934995,0.011543219228224164,0.011338203220883983,0.007381286996768415,0.0,0.0,0.0,0.00547012999859247,0.009271192585218146,0.0,0.006486677090805857,0.000658121435774642,0.012351333237708258,0.0,0.0,0.0,0.011677416854224871,0.0030486671082128,0.0,0.007616801096726994,0.0,0.0,0.0,0.0015189369447621006,0.0014743660271568082,0.0003371146702567379,0.0,0.0,0.0,0.006652728198457834,1.0,0.0,0.010729668431373978,0.008906198850947109,0.01610940876602431,0.0,0.005693806848606592,0.011321676692105901,0.0,0.0009704601947320027,0.003908084093735224,0.006523653444595347,0.013159537045374592,0.0,0.0,0.0,0.009918499185738542,0.0,0.0,0.0016854350549721894,0.0,0.0,1.0,0.0,0.0,0.0,0.0,0.0,0.005154520967831242,0.004650651733555429,0.002804975496566154,0.0034445847957286354,1,neptune,DoS
0.0,0.010802110073059461,0.000845353463865388,0.0028406273674330107,0.022414515775033537,0.005351940587834399,0.028309956945736757,0.010630017222949317,0.0071686208691079355,0.007052917738219852,0.0,0.017131253178869488,0.0,0.0,0.0,0.0,0.022892379666158626,0.0,0.0,1.0,0.983847512235782,0.0063869479382797694,0.003503636136394406,0.0,0.007805332472392362,1.0,0.0,0.0,0.997199927787832,1.0,0.9872740248479411,0.0,1.0,0.0009481693706239439,0.0,0.0,0.0,0.0,normal,0.0,0.0,1.0,0.0,0.0,0.0,0.011050151053979874,0.0,0.0,0.0,0.01852496069117708,0.0,0.004312705026979998,0.0,0.0,0.0056426504757954975,0.0,0.012194162158713856,0.0004393910757025675,0.001392175104812178,0.0,0.0,0.015060201980239843,0.003353265273970558,0.0,0.0,0.011942296779214783,0.011285341152058712,0.011916861392903098,0.026630897301188276,0.004557801044716267,0.0,0.0,0.005560547077839633,0.0,0.0,0.0,0.0025404646580214772,0.0,0.011376738232314332,0.012937502856202468,0.00983274484533584,0.0,0.0,0.001797242456065068,0.0,0.0072603210458460675,0.0,0.0036133329394096537,0.0,0.0041094964525674035,0.01508748048994725,1.0,0.0,0.0,0.0037009122939600228,0.007818619693669388,0.004440454381641785,0.0,0.0,0.0,0.0,0.013036962344006269,0.005586157676098927,0.013327615714849545,0.0,1.450135866057401e-05,0.0,0.0070295771827876274,0.0,0.0157739012818239,0.0,0.006893838127456045,0.0,0.0,0.004960445073336716,0.0,0.008014891686507628,0.0,0.008387318685354025,0.008368160985068453,0.0031668948006211644,0.9953562433596268,0.0052686140806606895,0,normal,Normal
0.0,0.01578674982319746,0.0010329324750652804,0.007606122049404477,0.011511866917325753,0.0,0.0005426299768222354,0.0,1.0,0.0,0.008853958245510508,0.02078019680873818,0.0,0.004013044598920225,0.0,0.0,0.0,0.0,0.0021227978556738326,0.005565558407099325,0.013717570542006086,0.0,0.0,0.00841390845658275,0.020304823603916847,1.0,0.0,0.0,0.16334383917924125,1.0,1.0,0.008724664808766214,0.04640703332331996,0.04870491620388144,0.014332334736854831,0.0,0.006291135282657076,0.0,normal,0.004390051925982978,0.997200201512125,0.007364094657860273,0.009548353795868698,0.0,0.0,0.0,0.0,0.0,0.007548578828041436,0.0,0.021881093859427967,0.005366221067066107,0.0033483538375452455,0.0,0.01144726754128113,0.0016388295014168877,0.010971256694127516,0.004135529731502531,0.0,0.0017466689709074734,0.010221476200856285,0.0,0.0,0.004617231218102779,0.007766789224166206,0.017345325970158306,1.0,0.0,0.0005534602753012382,0.0,0.0,0.0,0.0,0.0,0.0,0.00589884298045562,0.010147822511461938,0.0,0.013576272759057722,0.0,0.0,0.006229697113233456,0.0001286910468377349,0.0,0.0,0.012495110904347979,0.0,0.0,0.008031621382354952,0.0,0.012130399748945225,0.0,0.003489366352269154,0.0018830852041457104,0.0,0.0,0.02088528822587641,0.0,0.0029418615302145446,0.0,0.019303584129473143,0.0,0.0,0.0024210543377742523,0.015400402499347666,0.0,0.0,0.0028669709051034917,0.0,0.0,0.005838295937697229,0.0,0.0,0.0,0.023975851715661727,0.007310649091370236,0.011114925070867539,0.0,0.005451595122057477,0.0,0.0,1.0,0.005307799472775308,0,normal,Normal
0.013354193694856667,0.0,0.005074520314410452,0.0,0.008094416258815022,0.020728402570921723,0.0,0.007957926261645489,0.9902269979944703,0.006841249992575681,0.0012948494293390255,0.0,0.0,0.0,0.001304358307177271,0.0,0.007596663479030719,0.010193701122376934,0.006347852157821414,0.01798286001513804,0.02788201452444465,0.0,0.008541203506625098,1.0,1.0,0.3186329503134556,0.9991825452081161,0.9930317534845332,0.9230258301287292,0.25082488201855224,0.23360817482496424,0.020310003777729537,0.009010797952942597,0.02633199600537947,0.002995204894906031,0.00022498333759639964,0.8896389606670014,0.9852369164408166,mscan,0.0033116063275636797,1.0,0.0,0.0,0.0018867589796434832,0.003593351236800139,0.0,0.004103278377568518,0.011164155369843309,0.0,0.0,0.0,0.0,0.0,0.0005824337767583573,0.0068376280555595475,0.0,0.0,0.0,0.003814117767759229,0.021456520158215336,0.001805785846179095,0.012905275559697338,0.004868224988372787,0.003159537162415378,0.0,0.0,0.0024445360113065947,0.0,0.0,0.0,0.0037886206443936373,0.000908508536521121,0.0,0.0,0.0,0.0,0.0,0.0,0.0,0.0,0.0,0.0,0.0,0.0,0.000507938344232908,0.018681551806813957,0.009431714323894638,0.0,0.006054594214857316,1.0,0.008162312224342872,0.00858250819580528,0.004956282465100083,0.0,0.0,0.0,0.0,0.0,0.016790541317081565,0.0051717557159659455,0.01588099105419663,0.0,0.0,0.006968635328954278,0.0,0.0,0.0,0.011227684998181565,0.0,0.00040710603250256923,0.0,0.0,0.0,0.006767880016740927,1.0,0.0,0.015348676741290954,0.0,0.0,0.0,0.006448190021405833,0.008723537837405145,0.011438010428509062,1,mscan,Probe
0.0,0.0,0.005607921026309815,0.0,0.009606772380033116,0.0,0.008783859191277455,0.006270689428775381,0.9973408110482044,0.0,0.0,0.008727873608868354,0.0,0.004023151347339955,0.018090095720309333,0.00880161709642752,0.012727595632851172,0.0028922797784991278,0.013180342720466821,0.012909168514255609,0.012275004195942536,0.004440228917714828,0.0,0.0,0.0,0.9926920044374178,0.01449740455882396,0.19903505860417822,0.06639726516699368,1.0,1.0,0.001701438736365458,0.048408086481607014,0.04660123792117988,0.0027451291579604466,0.0,0.010654294398205153,0.0,normal,0.0,0.9899692060750476,0.0,0.0,0.0,0.010446422792840885,0.0,0.012426687371551996,0.0,0.0,0.0,0.0,0.0,0.008117799030812552,0.001615819235992098,0.0,0.0,0.0,0.00850820518528211,0.024393852531992177,0.002621987215218385,0.0,0.01626693852427005,0.009179310288945027,0.0006325834435133858,0.020650842614702635,0.010017431389616624,1.0,0.0,0.0,0.0,0.015300953932393769,0.0,0.0,0.0013737520011409367,0.011887254160588494,0.0,0.006533613503796328,0.0015075886245836077,0.005747898005805421,0.005694405985798366,0.014159096099654836,0.0,0.0,0.0,0.0022403372276521578,0.0,0.006589818480185157,0.0236096092259299,0.0,0.0023011937274650357,0.0,0.00014765147342405007,0.0018535314339872273,0.0,0.0,0.0,0.003330877517852324,0.013681023900475518,0.015527271735507513,0.0,1.5763362325572304e-05,0.0,0.0,0.0,0.0013031529121281212,0.00917321742473345,0.008017547438479888,0.0,0.0,0.0,0.004280205298049068,0.0,0.003027318983672006,0.0,0.0,0.0,0.0,0.0,0.009350758481338822,0.0058495302804484105,0.005071317015983102,0.9674313666207255,0.0,0,normal,Normal
0.009834934082699366,0.0,0.001384432181033447,0.0006851473638288928,0.0,0.010969379740687605,0.0008094619594304817,0.001755837843144147,0.9974575892416606,0.0,0.004797759521358898,0.0,0.0,0.0,0.0008140114090346905,0.0032902631490356786,0.0,0.0,0.004130113355038175,0.01904911992846286,0.05951884206071681,0.0010236958224997719,0.0,0.005427927143044061,0.0012760930941265272,0.988372363403188,0.004891998331270258,0.15300669620026738,1.0,0.9818117914553383,0.9868046430065638,0.0,0.0,0.008506309051875752,0.0,0.010340611630134855,0.0,0.0,normal,0.01713483962568959,0.9991427280852262,0.0030934902482229764,0.0034867426249193057,0.007228661114009683,0.0,0.0048336148569894655,0.011228359818260614,0.0,0.005188448638988161,0.0005299555173129419,0.0,0.0,0.0,0.0,0.011805612172599178,0.007406810819472855,0.0,0.0015926367804312887,0.0,0.0,0.013061114424627268,0.004784670915817116,0.005015372871951202,0.0,0.007233558169757772,0.0,0.9945810844936669,0.0,0.0,0.008241561579081062,0.0,0.0,0.0,0.0007054456329777837,0.010042217657482968,0.0013391326435742113,0.0,0.0,0.011742683695262197,0.003586771339583616,0.0,0.0,0.0,0.0075346509637241755,0.009037634108394001,0.0069369788816904115,0.0,0.0005619481107208261,0.004550664826701241,0.0073267278323168785,0.0055839030398566036,0.0,0.009278379808793253,0.0,0.0,0.0,0.0,0.0,0.0,0.0,0.0,0.0,0.0,0.011005976300811396,0.0,0.015763702132159153,0.0,0.002481336919224223,0.0017969357673142475,0.011008885734681114,0.0,0.0009215534120703903,0.0,0.0,0.003713495297000981,0.0,0.0,0.0,0.0,0.0,0.004159307500431409,1.0,0.004179070113464176,0,normal,Normal
0.01580999658111959,0.0022329946861563946,0.004948171309451832,0.0,0.010416745887644852,0.0,0.0,0.01404680543604612,0.013522943323372566,0.0,0.0,0.0,0.0,0.0063373410846277916,0.008838933322472263,0.0,0.011377009521226769,0.008075933376013008,0.0,0.5801421597097945,0.042839383091278056,0.998046776962327,0.9976672923568934,0.015162360534751094,0.0015959287781562841,0.05945722992039944,0.07428248191343954,0.01754706464837426,1.0,0.04932340595964993,0.05245345979301452,0.06057426664071393,0.0005353116346433431,0.0,1.0,0.9802998643959285,0.0,0.009418795176480583,neptune,0.0,1.0,0.0,0.0,0.012552483602697475,0.010784194602176826,0.0037338449039302753,0.0,0.005028666493998608,0.000846726608697809,0.004224168053834736,0.001498282759759733,0.01017435424782621,0.0,0.0010520910966083706,0.012221939305633414,0.002765991837807225,0.0,0.0,0.0,0.0,0.003134055719478735,0.023726805644717092,0.002841920757105548,0.004475134338724263,0.0,0.0,0.0,0.003835202522018606,0.0,0.0,0.0008444741560342647,0.023629465657018036,0.0,0.0032489195202033104,0.025687111222850834,0.0,0.0051031629895645705,0.0052498644704402735,0.0,0.0,0.0055155151212348185,0.0,0.009181638900443633,0.0,0.0011154115344515084,0.0,0.0032642426024205406,0.0,0.0,0.0062001445215627725,0.0,1.0,0.0,0.0018491891994743134,0.0,0.0,0.00677628838562557,0.0,0.0068136992543307955,0.0,0.0,0.0,0.008453950835175963,0.0,2.782755957545384e-05,0.0,0.015219428763987191,0.0,0.002882118680254024,0.0,0.0039167094575696644,0.010443811497392439,0.0,0.011469346404779637,0.002754047804161023,0.0025707292864360523,0.007770860448745464,0.9936058499853057,0.00498027164293605,0.007272422911924835,0.0,0.011953942328073166,0.0,1,neptune,DoS
0.017047244729289913,0.003011959364373628,0.005720351668418301,0.00041225371389428804,0.012988810667343243,0.008447199958862004,0.02953068953672976,0.0,1.0,0.01154106899448176,0.0,0.0,0.003848947829194079,0.014377693785213919,0.02593776539240803,0.0,0.004502805079307947,0.0,1.0,0.0,0.0,0.0003504013662211756,0.01023695862665321,0.0,0.010013603649583501,1.0,0.002559683491479653,0.013396509123517572,0.6875568706765439,0.2033882320919995,0.3467221406549845,0.0379591936315257,0.004316786814015498,0.01875691646073564,0.0,0.0,0.0,0.004207126256314246,warezmaster,0.008969992013375908,1.0,0.004829273403221362,0.016330679822178305,0.003936084608823236,0.006006419841717739,0.0,0.0,0.0,0.0,0.0,0.0,0.008755817197556076,0.0,0.0,0.0,0.005390892424257373,0.006724623906631482,0.011537738984626005,0.0018958389332526275,0.0032392322200445163,0.011602203789444357,1.0,0.005303685255655698,0.004221115515158852,0.013506335841839282,0.0,0.0,0.013343408574114257,0.0,0.0013613567552458548,0.003394245969981335,0.006944664126331385,0.0,0.009639325797157842,0.0,0.002744544730920084,0.0,0.0,0.004253402161440848,0.0,0.00560442762667836,0.011443762693723183,0.00013452273374003123,0.017890949192432205,0.007804475159101945,0.010324189608588953,0.0,0.0,0.0,0.0,0.0,0.0,0.00859625791071384,0.0,0.009229810721584901,0.0,0.0011498933910823656,0.0,0.00832896090905644,0.017558513686821115,0.0,0.00252084845589894,0.0,0.0,0.0204212015712869,0.0010141137058068458,0.0,0.002416725587793124,0.0,0.001841695925819088,0.018042449155728283,0.0,0.0,0.00038271402052429253,0.0,0.0,0.0,0.0,0.0006308413376613724,0.00232952976298354,0.0,0.9997072951345736,0.003350227017360729,1,warezmaster,R2L
0.0,0.0,0.0,0.0,0.0002677933663246984,0.0,0.0,0.007431155302126417,0.0,0.0,0.018495474758212973,0.0,0.0,0.0,0.0,0.011318386582147334,0.007792887606079755,0.0,0.0,0.34410293243289736,0.013741943339901296,0.9920017127398041,0.9987994753804628,0.0027521738474520236,0.002795150257376078,0.054311307708145025,0.08231425442306557,0.010334629866127477,0.9922697509432494,0.043520410394088056,0.029953890216940414,0.08925185946806849,0.0,0.0,1.0,1.0,0.016161064379363967,0.01011293943305595,neptune,0.0,1.0,0.008373963760717832,0.0017992169988381868,0.0049669123721976,0.004880152457641853,0.0,0.0,0.0,0.012219128469623206,0.0,0.0012015551965488948,0.0,0.0,0.0,0.003205629740688119,0.0,0.0038913635684281727,0.0011987100671489838,0.0013043416507799272,0.0006950550120923039,0.0,0.01429031907094913,0.021779685039901988,0.015808843194231363,0.0,0.013096716952464546,0.0,0.0,0.002613222835388417,0.0,0.0,0.011198278070269733,0.0013650892348963703,0.01180171240197931,0.00017586400499522726,0.0,0.007082472930027058,0.016482348351227576,0.0,0.0,0.007595214385753422,0.017142560832507866,0.0,0.006154099889017349,0.0,0.011328730229511393,0.0,0.0,0.0034500775595698134,0.0,0.0,1.0,0.0,0.0,0.0,0.014829858369786592,0.0013113714084181816,0.0,0.002571705863492711,0.0,0.01400484282839747,0.016623842417579963,0.0,0.0,0.009063696261443566,0.002234425984226593,0.006314784853085247,0.010076644849361716,0.0,0.0,0.015238170699709631,0.03180337220469776,0.021522934236786286,0.0,0.0,0.0,0.008600554049604546,1.0,0.014972196195402241,0.0043439998516488975,0.0,0.003994999531217769,0.0005959161552026436,1,neptune,DoS
0.009044652183837406,0.0,0.0,0.0,0.010326319974712839,0.007930572518450389,0.0,0.01633245858526347,0.009663768481464184,0.006084297687365514,0.0,0.0,0.0,0.006686611224058678,0.0033633132827965008,0.0,0.0,0.0,0.0013538682223308823,0.08564398685799289,0.09019902173357572,0.0,0.0,0.0,0.0,1.0,0.0032024700059836322,0.0,1.0,0.9809498719113334,0.9846472948166775,0.0,0.37775030214988164,0.002354449150747074,0.005794285303023585,0.0,0.0,0.02210492029029604,normal,0.007753747515406297,0.023704595854825157,0.9930544021138763,0.0,0.007369317507328031,0.0017875891785357595,0.0,0.0,0.0,0.0,0.0,0.003659314904561538,0.004103179576599225,0.0,0.002708918281507361,0.0,0.023117258812989473,0.0,4.5384547741480425e-05,0.020276178039461516,0.0,0.011741738572167815,0.00908882290030977,0.0,0.0,0.0,0.0,0.0305544523741843,0.0,0.0,0.0,0.0,0.0015056738616362377,0.0,0.0,0.005707426489467992,0.0,0.011033594263730582,0.0,0.005469750777888068,0.0,0.0,0.0197114424436255,0.0,0.020104252509653153,0.0,0.013982969319640793,0.0,0.0,0.024638108351131196,0.0,0.0,1.0,0.01305134415889395,0.0038673808419899215,0.005376200164475466,0.004764524806992989,0.0,0.003819959685167333,0.0,0.0,0.008824307230108405,0.0003332905307643392,0.0,0.002887261452031261,0.0,0.0038661621271158576,0.0015763774128198028,0.0012750907065402232,0.0010199836716294735,0.0,0.021991190523452223,0.0,0.0,0.0,0.0,0.0037916333426194072,0.0,0.001449494295629813,0.0009784625673420707,0.0,0.0,0.9948291073736791,0.004303732260369903,0,normal,Normal
0.0,0.0,0.013956784212018042,0.0,0.009166636424147126,0.0,0.0,0.0022865899093429485,0.011840256423686009,0.0007590418851416107,0.0,0.0,0.001635137616260557,0.0004930623538345428,0.011049337843181321,0.006192077715023686,0.026284823126353198,0.0,0.0,0.0,0.02470708692678315,0.008866541021425516,0.003294912194922755,0.49803320378080596,0.7737271324830545,0.5084014780351057,0.990452252539566,0.9027581447836003,0.9232437473687657,0.3329649992489447,0.33810406977128077,0.03198166331295792,0.0,0.029009530477301076,0.004354548002814771,0.009296338189380826,0.8675296538496777,0.7002667147019392,mscan,0.005779222628017067,1.0,0.0010198969129964126,0.0,0.0,0.0,0.015207205596414395,0.0,0.010684711414853316,0.010231918432991358,0.014950255784501777,0.001415168414988607,0.0,0.0,0.0021493610775402444,0.0,0.006821762271074186,0.0,0.014763817345961825,0.0,0.0,0.0005881267993303942,0.0,0.0065301805946172955,0.01499031979318797,0.0,0.012200461108848457,0.00038578352162951454,0.005702767059843111,0.0,0.019541236409062572,0.0,0.013134079702018136,0.0,0.008014468380670669,0.015692733700217537,0.022701103998624503,0.0030482059221951336,0.0,0.0,0.0231466766982895,0.0,0.014946083156050926,0.009949587151311041,0.0008931808765852635,0.0056345456566218016,0.010254102428366383,0.0014358597407604712,0.0,0.01566815412275902,0.0035837123429026795,0.0,0.0,0.012816236310024222,0.0,0.0,0.0,0.0,0.018608152759306457,0.017039433299315305,0.0,0.007870813515430699,0.003345319980893475,1.0,0.0,0.021259498274762197,0.0022280511085298405,0.010835344183223137,0.0,0.018148560886004778,0.0,0.005202232530549079,0.006389004835376913,0.003437817509182091,1.0,0.0,0.007845571131162118,0.0,0.0,0.010288094704864857,0.0,0.013101612475627317,0.0,0.0,1,mscan,Probe
0.0,0.001941879620616866,0.026986642534373627,0.0,0.0,0.008536089743726381,0.004626366668307502,0.007447452486204836,0.0,0.0,0.0,0.016318892616601813,0.0,0.017401186128500848,0.006049315201711566,0.0,0.013353109731320796,0.0,0.0,0.43767812869355366,0.04246223388359653,0.006289933670426864,0.0,0.990514037056315,0.9975729100383347,0.08813728443968433,0.037902857616903415,0.00013916306567236222,1.0,0.07423592752118335,0.08407164209340118,0.08711603296407351,0.0006796206358479652,0.0058655720947055805,0.0,0.0,1.0,0.9881163388169283,neptune,0.0,1.0,0.0,0.0,0.0,0.011570139491958249,0.0,0.0018845100097759854,0.0,0.0,0.004953608384536214,0.0008843409785209425,0.0,0.0,0.0,0.0,0.006841273963623105,0.0,0.0,0.0,0.0,0.024179632370789805,0.0,0.0,0.0058503233555141825,0.014943746047864713,0.0,0.016262805625276013,0.0,0.0,0.0014519669566805827,0.0025488288859601585,0.001372546698910781,0.004227776247054342,0.0,0.0013352588954574627,0.0,0.0,0.003864369553677655,0.0,0.013031328358430365,0.004850585760167768,0.0,0.009953022944568067,0.0,0.010501853542687747,0.0006892594062586918,0.0025997645221101555,0.0,0.0016149716523987927,0.0,0.0,1.0,0.0,0.0,0.007145147069987318,0.0,0.010708527983104729,0.005748247304006221,0.0,0.012177050198935772,0.003971245434054279,0.0068570769649960485,0.011081004101420955,0.0,0.0,0.01607852135697901,0.0,0.028826869580693304,0.0,0.0018496721701259365,0.012947815231376872,0.0,0.0,1.0,0.0,0.0,0.01243420287558169,0.0,0.014376251707295893,0.0,0.0,0.0,0.009331984859445775,1,neptune,DoS
0.003998481359009398,0.0,0.011963205442233012,0.02159593955015365,0.007282637673132566,0.0,0.017390775063223327,0.0,0.006921351953185665,0.0,0.006977326997710881,0.006403036246242112,0.00907611468264334,0.0,0.0,0.0,0.004155257734338676,0.0,0.0034282083515032535,0.1391438564154151,0.0,0.008029092663201178,0.0,0.005624702154831731,0.0,0.012002264432619422,1.0,0.0,0.9939272067466398,0.0,0.01067467305544705,0.7329094630145057,0.9566857050185772,0.008597227461051635,0.0,0.0,0.04084449620402609,0.023292343229046157,satan,0.004241399825514773,0.005672060802029222,0.9986086958162227,0.008383339359060887,0.0,0.012395723267189303,0.0,0.0,0.0,0.011306059395535925,0.009895642734203102,0.002058144752202086,0.006722598008958977,0.013797184038132777,0.017257978535948668,0.0031273398195729176,0.02446231903920664,0.0007500985078494214,0.0,0.015287073314000175,0.004688202187818283,0.0006372917635310931,0.010919340816996317,0.0,0.002328252768715169,0.00012567421898671243,0.0,0.0041023586812624305,0.0,0.012620404572113044,0.0,0.018162388785305815,0.001774193529861389,0.0,0.0,0.0,0.004700180761228279,0.0,0.0,0.0,0.0028107971227153052,0.0,0.0,0.0,0.0,0.0,0.0,0.0,0.011624289186032689,0.0,0.0,0.006254298894931515,0.9911011815251258,0.005660202627057491,0.004221404346029807,0.0,0.005652669528751931,0.0,0.014874068546858235,0.0,0.0,0.0,0.017704256116216753,0.012601002525434942,0.0,0.0,0.002433950365900496,0.0,0.0,0.015084344983864097,0.0,0.0,0.0036504812894572187,0.0016284291714478761,0.0,0.013254465593184118,0.0,0.0,0.0,0.0,0.0002705881045838897,0.008600845578657621,0.9995059468077028,0.00011501876410421046,1,satan,Probe
0.0,0.0009977211183122567,0.0,0.0,0.0056350147401063614,0.0,0.0,0.001064167450989795,1.0,0.0,0.0006651650739285911,0.0,0.0,0.0007540270773831971,0.0,0.005477450541005038,0.0033813580291094524,0.002123134504343135,0.0013530870488592615,0.0003101807681341086,0.012902677156672971,0.0,0.0,0.004792344044274515,0.003618160264875535,0.9992728151891659,0.012901069535698573,0.0012463631701983852,1.0,0.907226301477981,0.9303500230940521,0.01621238356403411,0.0034048728983361743,0.0,0.006486793027352508,0.0,0.03740769535756118,0.0,normal,0.0014866519648836167,0.9919346061602103,0.0,0.0,0.0,0.0037189481641755223,0.004496287190131714,0.0,0.009676876802897437,0.004223675323840159,0.0052372227218538585,0.020044942885308163,0.010110451503610422,0.0,0.0006178346582876764,0.0037362399303274216,0.004873232684600758,0.0,0.003407861304185586,0.0,0.0,0.00020985109147250204,0.0013397801546563175,0.012626730075224551,0.0,0.013150656026329224,0.010314385499490923,0.9916346816475572,0.005868207363158892,0.006696624985379469,0.007420587441783488,0.0,0.012063740729278271,0.021952853827916213,0.0,0.0,0.0,0.014756168609937783,0.0,0.003204733601131202,0.00758357950947147,0.001110204708931471,0.0,0.009791374333893998,0.004739791250772668,0.0,0.014122292228589439,0.00907060682871212,0.0,0.0,0.0,0.010406845103229282,0.0031281615900127964,0.0,0.019756972084799384,0.0,0.00425720011207371,0.0004262363985252552,0.004888374208550998,0.0,0.0,0.009135572925999327,0.0,0.006163883534573235,0.0,0.001988162600932772,0.0,0.0,0.0,0.0,0.0,0.0,0.0,0.0,0.0,0.0,0.015109890740158843,0.0030306221065822835,0.0,0.0032544848205888024,0.009275775871733742,0.0,0.9818524117307401,0.0,0,normal,Normal
0.0,0.0,0.0,0.0013960586668911982,0.008860687075485964,0.0,0.0,0.004242547322334489,0.0,0.0,0.0,0.0,0.005701169930094795,0.003060852920102641,0.0,0.0,0.0,0.0,0.0,0.4455300891672296,0.022187427487444022,0.012255115150406509,0.0,0.9948784089896888,0.9955706976542749,0.05182497915241596,0.06523964496261661,0.0,0.9945536127320476,0.05746665743373626,0.029234116703659444,0.09152815519499698,0.0013028615060618977,0.0,0.0,0.01764258233855123,1.0,1.0,neptune,0.0,0.9835983809006424,0.005142642054605349,0.0,0.00022097723301620125,0.0,0.0,0.0,0.0,0.0,0.0,0.0,0.0028443142121263236,0.0,0.0,0.013197642852808738,0.0032484451346551104,0.007733898550335063,0.010916548210904969,0.0,0.013199049223758736,0.006108583688778195,0.0,0.008266543640571734,0.002247442327904227,0.010689493266220554,0.0,0.0,0.0,0.0,0.0035860418773647484,0.005575723947439584,0.0,0.005278767839420498,0.001257977631746145,0.011808026559470067,0.0,0.0,0.007571061522788394,0.0,0.009339049729761347,0.003375997618746747,0.0,0.024271751933268148,0.0,0.0035448954314246323,0.002797969258350108,0.008125485121836744,0.01029016546333147,0.0,0.0,0.0,0.0,0.0033151340220198434,0.0,0.0,0.0011769138397853764,0.0006904804226521894,0.01523274438526626,0.0027315362661117955,0.0,0.007885638424695661,0.0015171559548753065,0.007366023207880594,0.004083546968082647,0.0,0.008567485898866292,0.013946856938854585,0.005430378223382678,0.016428005168165925,0.995997965203517,0.0,0.010612580893761022,0.0,1.0,0.007387787496092845,0.0,0.0,0.0,0.007089330356910423,0.0045750282708248765,0.015409183659350005,0.020444268914805105,0.008067175009137341,1,neptune,DoS
0.01184937961383032,0.0006996378343158675,0.0,0.0,0.0,0.007037814445368376,0.0005969839870368571,0.0,0.992622719732133,0.0065713167303333335,0.0,0.009065168693367693,0.0,0.0,0.0,0.012776476164486161,0.004747529056620319,0.0,0.008705763098921104,0.026938650772699455,0.027136634302648784,0.0,0.007792149125391134,0.0,0.002177569979170949,1.0,0.0,0.09490880953997693,0.21474861862476027,1.0,1.0,0.0,0.014229211129695628,0.026673782292223842,0.0006314717060973875,0.0,0.005938189447251595,0.0,normal,0.0,0.988995862338419,0.0,0.016885763440859364,0.014948331107649213,0.0,0.0,0.012022703592840439,0.0,0.0041180851698332625,0.0,0.0,0.0,0.002765101281188321,0.005362288942214608,0.0,0.024265889596620262,0.0,0.008327568465315486,0.022224014590272123,0.0,0.0009388913576190431,0.0013103614879416473,0.0,0.006159621521695701,0.0,0.004254659044066156,1.0,0.007506257651379307,0.013327675224992246,0.0,0.006548132283537289,0.0,0.0056949422366758574,0.0,0.010717045267260984,0.0,0.011714383901943584,0.005869585264235453,0.0,0.0,0.0,0.0031190424903303677,0.0,0.0,0.0,0.003414265414669371,0.0,0.0,0.0,0.006027992875239045,0.0011961322194569913,0.0,0.015324754580457914,0.0,0.014690782104765944,0.018013114962571578,7.800943048617205e-05,0.0,0.0,0.028937454300338047,0.0,0.013530132908685981,0.0,0.0,0.004320175348627554,0.0,0.0,0.0032203926377108965,0.0007779067335225539,0.01552345561685231,0.0,0.0,0.0,0.0017656842968774159,0.0,0.0009073925130656165,0.004729903659434211,0.0,0.0026212987971971947,0.015729201488594035,0.0,1.0,0.0,0,normal,Normal
0.0,0.0043163876897402715,0.0,0.0,0.0,0.00441137150187137,0.009275803732017793,0.0,0.9986437525284347,0.011403265726742986,0.0,0.0,0.0,0.0,0.0,0.0,0.009650876337255606,0.0,0.0,0.031341038467249886,0.06832463890655238,0.004353121454628435,0.0,0.0,0.0,1.0,0.0,0.1007027533888657,1.0,1.0,0.9888104767372187,0.0,0.0006191119359028487,0.012443360122803717,0.0,0.008272494866312199,0.014304562625966622,0.007872977207067764,normal,0.004522702776595176,1.0,0.004374038401816232,0.0,0.0,0.006404486311503842,0.0,0.0012726834848768161,0.007308790135523328,0.008816654657990055,0.0,0.0,4.855008963019103e-05,0.011568579295424342,0.004098169760684353,0.0030991898792751037,0.014964408119099205,0.006143541663556981,0.0,0.01202068902364033,0.01313218142866586,0.0,0.006072899570476622,0.002452340517153509,0.0,0.00776974814746447,0.0,1.0,0.004837194352808572,0.0016494560948690931,0.0,0.004962352221495211,0.0,0.002870365635642546,0.0189362645111946,0.008989918751936382,0.005041985636826073,0.0027695045966473967,0.008226977311665957,0.008139779782030657,0.011080516317199812,0.016206533513842054,0.0,0.0,0.0,0.007151620385394393,0.0007863956059695737,0.0,0.01276023036610452,0.017717926804137786,0.0,0.0,0.0001915370805568753,0.0,0.0,0.0,0.005159314980112244,0.0,0.008067839618860847,0.0011528342422695808,0.0,0.01349195781499416,0.0,0.0,0.0,0.0013595843231601929,0.0,0.0,0.0025935692193942445,0.0,0.009636797169250078,0.021336389136300985,0.01411327511300947,0.010113004619318305,2.9043982120493312e-05,0.01197125621424882,0.0,0.0,0.00300995805149949,0.0047181438647937194,0.00021025141291725394,0.013519560569998978,0.9858972544783506,0.007178347198996744,0,normal,Normal
0.011896294887837345,0.0004425921442699442,0.0,0.0,0.002799252489692199,0.004211852053464369,0.002012645960928905,0.0,1.0,0.009716343413659364,0.0,0.0,0.0,0.007357169318966097,0.0,0.004533785197929763,0.01684194274005856,0.0,0.0,0.010055308062717481,0.0,0.01442560208642174,0.0024968653990377065,0.0,0.0,0.9931800542938941,0.0,0.5006183334928481,0.020892228453779492,0.9887602472615241,0.9971382815213803,0.0,0.2555589979412192,0.03352259184990729,0.021044639917291483,0.009466513937522597,0.021457450214638782,0.0,normal,0.0,1.0,0.006266369603209571,0.007917709241869218,0.0,0.0,0.0,0.0,0.0,0.006005593835777954,0.0,0.01757131062477,0.0,0.0,0.0,0.0,0.020413709984309737,0.00028179556177307114,0.0,0.014257777086618448,0.0,0.0,0.0,0.0,0.0,0.0,0.0,0.996828170132303,0.0,0.0,0.0,0.0,0.0,0.0014550181950350664,0.0035117013565591246,0.008105015008674606,0.0026052877561923704,0.005289449764556296,0.014348389750475657,0.0025061641643247053,0.020502227454998,0.006199460164644709,0.012009869244517008,0.0,0.011744856571076196,0.0,0.0,0.0,0.0,0.008334456264621036,0.003469620425387396,0.0,0.006051239466280028,0.006702137560554663,0.0,0.0,0.0,0.002155316648715573,0.0,0.005131201002430973,0.0017214854413929676,0.0,0.006294504099957047,0.004056112865672343,0.011874862811751069,0.0029320221727555883,0.002418408771083235,0.0,0.0,0.022871024288430117,0.0,0.0,0.002777907169983968,0.0,0.0,0.00517345078409812,0.0024077301435531705,0.0,0.0035036042853985685,0.0,0.0,0.0,1.0,0.007769410584061919,0,normal,Normal
0.0,0.001350251197331683,0.006519873594672526,0.014561549584166644,0.0,0.013649680225032903,0.0,0.001795516311573417,1.0,0.0,0.0,0.0,0.008452012485930641,0.0,0.007107060223366158,0.0,0.0,0.0,0.010019178968461022,0.031264901528065187,0.01903880480883926,0.0,0.0,0.000978639243900648,0.006641282386309465,1.0,0.0,0.20544833875644064,0.13611742177835437,0.9884059207485327,1.0,0.0175975594331963,0.042772352677589484,0.03585231631204862,0.0,0.012799658729194677,0.013701404923023937,0.0,normal,0.005452517895998194,0.9918200793999553,0.0041769623791542065,0.0049076551559704,0.005082953082280767,0.003419178601635655,0.0,0.0,0.0,0.008905850288993654,0.0074148269567550305,0.00011347068845162948,0.013792373766987753,0.0,0.0,0.0,0.0,0.0,0.004951675669202243,0.0,0.0,0.01029900044495388,0.0,0.0,0.0,0.013314081719441073,0.0,0.9909840266621093,0.0,0.005107137988077447,0.0,0.0,0.0,0.012066554070729534,0.0,0.006143970052103519,0.0,0.00782615555210747,0.0033395438163492004,0.009311989571296848,0.007079160993624533,0.0004556462460076277,0.0,0.0,0.0,0.00959772339601285,0.0,0.0,0.0,0.012194367747678856,0.0,0.0,0.0,0.0,0.0,0.0,0.011864239336541587,0.015769458453749437,0.015592089540265697,0.016767681845229768,0.0037401302788403873,0.0,0.010688144170464953,0.0,0.018513965696760563,0.004196694653461203,0.0,0.0,0.010706957108031689,0.0,0.007671854035696515,0.0002309838884382284,0.0,0.0,0.001630407235236412,0.0002659637855283944,0.003805131085293638,0.0,0.0,0.006152609883678827,0.0,0.012419962783096719,0.9983004899733031,0.0007066796362821508,0,normal,Normal
0.0015252941453669606,0.0,0.001050246458261401,0.008913999012346595,0.01650290095477408,0.0,0.0,0.01940324247581967,0.9960417722473208,0.0032618368208554424,0.014407761451851004,0.0,0.0009423308265716872,0.009451875050222044,0.0,0.0,0.0031975232679948935,0.0,0.009930026594564998,0.013345946727623797,0.01076287103241358,0.15699267632161942,0.14145061461552516,0.0,0.008920794626715424,0.9929409495618977,0.0,0.0,0.9910095821664424,0.9961521262521806,0.9979718202745006,0.0,0.014039616336452114,0.0,0.0,0.011649492026334123,0.0,0.0,normal,0.004575798089879128,1.0,0.009061195080560875,0.0054893810297403514,0.0,0.0,0.0,0.0,0.008387322546251222,0.006986498020661218,0.0,0.0,0.0019986352534228,0.011161198427575103,0.0020999879284113567,0.004154450723801543,0.0,0.0,0.0,0.0,0.007467456922433725,0.013604652482774962,0.0,0.0003190913481973182,0.01988978208702242,0.0,0.0,0.9962881788364151,0.0059514054935491814,0.0,0.00939631138931198,0.004853207677743584,0.005926663192774509,0.00032999232580374404,0.011806779755362592,0.0,0.0,0.0,0.0018887567662043895,0.0,0.0,0.0,0.0014898910271504665,0.004072594541564293,0.003755579697536513,0.0,0.0,0.010352087023363614,0.007324047692132328,0.0023364668209188673,0.0,0.0,0.006877917170748326,0.0067494283716349555,0.016970901654125042,0.0,0.0,0.017949378101094655,0.0,0.0,0.0,0.016707317941304384,0.0,0.02064392309078677,0.0,0.007646091946409075,0.0,0.0,0.008830091721475315,0.0,0.0,0.0008812633507275187,0.0,0.0,0.004005195337047334,0.013502611199705096,0.01163396550660463,0.021523820875765567,0.0,0.012514566539451613,0.00029386108172519765,5.0243906813551244e-05,1.0,0.00960137763987884,0,normal,Normal
0.003271374514265618,0.0,0.0,0.012939464282419974,0.0,0.011156234180859443,0.019065339310450378,0.0,0.0,0.011459062595533418,0.0,0.01055823573277704,0.01478968745460491,0.0,0.0,0.0,0.0,0.0,0.001105826824854796,0.2761429795727548,0.0,0.003628298686088119,0.010220698112641284,0.9941393176532777,1.0,0.059666231886120136,0.08375311765858635,0.010938847863715332,1.0,0.016454826622045712,0.011781591072299657,0.052792614979271874,0.0,0.010476260860651971,0.011589387820294079,0.022931389837324154,0.99895069607265,0.9947201797464961,neptune,0.011243313306036846,0.9944591196936178,0.002030476172699569,0.00636287580879287,0.0006416231717245116,0.0022080304660609404,0.003219731751327879,0.0017694771881223452,0.0,0.0,0.0178391666206439,0.0,0.0,0.0,0.0,0.0,0.0,0.007168207218444913,0.0,0.01090137015147679,0.0,0.016216353886477512,0.005602799495088098,0.0,0.0033690498314245944,0.026272498278324383,0.0,0.0029669982521842125,0.013415736141358216,0.00106899302880164,0.005953562917831266,0.0,0.0,0.0,0.001300129940346476,0.011990991550312465,0.0018598796405512538,0.014259884462191253,0.0,0.0,0.0,0.0009222500338161184,0.011319887091180788,0.0,0.00899797265013146,0.0,0.0,0.014337825849640716,0.0018031473723111938,0.0,0.0,0.0,1.0,0.0040286977615824554,0.013489500001342733,0.0,0.0,0.0,0.0,0.0032096531248217925,0.0,0.00338416249124901,0.006519528936229408,0.0,0.007873788327597662,0.0020950797475566,0.0,0.0,0.0,0.0,0.004895353365352856,0.0,0.0,0.0,0.9981976070534431,0.016569776860750406,0.0,0.002091358781695735,0.0,0.00697289965186806,0.0,0.0,0.020038187960869508,0.011508503097208259,1,neptune,DoS
0.01207346099034017,0.01061216184910676,0.0,0.0,0.011147059973014828,0.009903885731286324,0.006044882122684145,0.031063400711515612,0.0,0.009221384720168771,0.0,0.004075853597147492,0.005194004721164804,0.0,0.0,0.002681190714182067,0.0,0.01636714582518687,0.0,0.24077021720170835,0.01012298337375301,0.003028947779107828,0.0015606773720065726,0.9937164252954336,1.0,0.05637958280677209,0.043809279978881926,0.0027417632785629096,1.0,0.026910525829042835,0.025184250676488253,0.05172189263204166,0.0,0.003443826178090618,0.00036395117545178456,0.0,1.0,1.0,neptune,0.005285599800545072,0.9995985753757766,0.005371088308550619,0.0,0.0,0.0,0.01748632179036908,0.0,0.02003671729293554,0.0,0.0013849351537725866,0.007967235808379084,0.00309318289150745,0.0,0.0027632626021257545,0.0,0.00028347635941868525,0.0,0.01065330526784093,0.003681298688436254,0.00416673557207162,0.004316685250790742,0.012941939707075219,0.0098229279815468,0.010366438836738955,0.0,0.023221227186175267,0.013176466367030628,0.0,0.0,0.01123286421140951,0.0,0.0,0.0,0.018927292433490745,0.0,0.011815409513226878,0.0,0.0020580236707710016,0.0,0.003631605102067156,0.0,0.0025443470999999373,0.004129179358766579,0.0,0.0,0.003566549138951457,0.0,0.01290646447360635,0.01387565327404564,0.003871471793712934,0.0,0.9982069059333646,0.007772525404781808,0.0,0.011466576735956425,0.0012643436203989404,0.0,0.0,0.007785661147310856,0.0,0.005336464805347694,0.009585709295996964,0.003947757519572902,0.0,0.0,0.009226474646567728,0.005682536558114821,0.018583777689309102,0.003706786863801882,0.0,0.0,0.007120941321407912,0.00967264764676802,0.9889334333711417,0.0,0.0,0.004006772207052388,0.0006639359408295747,0.0,0.0,0.0,0.01352551690445363,0.0,1,neptune,DoS
0.023303160547156802,0.006082829605231557,0.0,0.0,0.0,0.005305906866140442,0.005301884093292639,0.012386226882465446,0.004690832605793659,0.014085920260863995,0.0,0.01368133853019595,0.0003578926708336087,0.0,0.0,0.0,0.00904796052874278,0.0,0.005326635051469605,0.014094714819987492,0.0,0.014868105488360131,0.00041777329055494016,0.006689948586467063,0.0,1.0,0.013248493029078766,0.0,0.6235060929782933,0.15061750509508762,0.20311908093095812,0.029069315963877535,0.19236769871126316,0.05793753633983362,0.0,0.0,0.013258524836686636,0.010289954027756325,normal,0.0011284030589608504,0.9946817495735134,0.009759321339752275,0.013033341247706498,0.0,0.0,0.014263377508367588,0.00432412042496694,0.0,0.0,0.00866501871202882,0.0,0.0024787511325247455,0.008591607526277138,0.0016070410507159276,0.005345622998603604,0.0,0.0041195795717360465,0.0,0.0,0.0007842466114551666,0.0,0.0058351658987232016,1.0,0.005791019562886033,0.03389110891487084,0.007346364240739692,0.0,0.0,0.0,0.0027632130519280747,0.006934964918790004,0.012313728241612271,0.0,0.0,0.0,0.0,0.006901997552079121,0.0,0.0,0.01762910454779669,0.01994660001893273,0.0010575764075891362,0.0,0.0,0.010223135796216802,0.013497040038038529,0.0,0.0,0.0,0.00989334001744821,0.0,0.0,0.0,0.0,0.0012230832732778136,0.0,0.005566944541175729,0.005788160769682749,0.0,0.0,0.0,0.0,0.021108917445767112,0.010078518709558485,0.0,0.008387838464539655,0.0,0.0016033151867361907,0.0036908723719424707,0.0008979916422638315,0.003302386287923769,0.0060839969832092835,0.007062825796127622,0.0,0.0,0.005532832026176508,0.014336013658974958,0.0017751943493451233,0.0,0.0,0.0,1.0,0.0,0,normal,Normal
0.0,0.00378866265058722,0.0,0.0,0.0,0.0,0.00220807543677399,0.0,1.0,0.0059441105557909,0.0,0.012664774943169102,0.000253449214604953,0.0,0.0,0.001387580639381304,0.0,0.00017870193175374718,0.0,0.0,0.014521033316133868,0.0031552520019056287,0.0,0.0,0.013668227393195342,1.0,0.02368711065586583,0.0,0.601328018593674,1.0,0.9944331070260929,0.0,0.0128672242581291,0.0260074705490541,0.011871404997463045,0.013932391168365648,0.0,0.0,normal,0.0,1.0,1.842812439669836e-05,0.0,0.0,0.017356955011752988,0.008382981017474948,0.009878366439169606,0.0,0.0,0.0,0.0,0.005029176952667164,0.0,0.00617413160263651,0.015385542582743812,0.0,0.00042222802333801595,0.0,0.0015262994488940882,0.0,0.0,0.0,0.010184967245946322,0.0,0.0037656611716951004,0.0,1.0,0.012534112177949282,0.005375172447416679,0.0037509608539553576,0.015328330426223726,0.0,0.0,0.0041389539408428775,0.0,0.00870225308981504,0.0,0.0018351127379684091,0.006115550514918105,0.0,0.0,0.0,0.005522501876400945,0.0,0.006274121215300128,0.0,0.0,0.0,0.0,0.0,0.0,0.002528122836933534,0.013267642768915698,0.013264749346261635,0.0,0.0,0.0,0.0073702824107532905,0.0014682640258490908,0.0,0.0,0.0,0.00957234375988222,0.0,0.014143179307113863,0.0,0.0,0.0,0.0,0.0,0.0,0.0,0.005071323400240406,0.007357093164580056,0.0,0.011971861062567148,0.011037382558238207,0.0,0.00720026185170223,0.003356493438321942,0.014618501068412136,0.9932035123999959,0.015697105541311176,0,normal,Normal
0.0,0.0,0.009712562199051566,0.0,0.0038316059666103036,0.0005357879073614114,0.0,0.00373880042850243,0.0,0.005960738663556976,0.005909325797386289,0.003414463422417248,0.0,0.0,0.0,0.0,0.0,0.0,0.0,0.9872728544468513,0.9951644592388083,0.0,0.0,0.0,0.0,0.9984121631083998,0.0,0.0,0.6941436024979938,0.6783442478136634,1.0,0.0,1.0,0.003594322467783326,0.0,0.012146917009171714,0.0,0.0,smurf,0.9931224286667816,0.0,0.005282432838118295,0.0,0.0,0.006773258038310277,0.004758349824798365,0.017405420298977223,0.015428628882000209,0.0,0.017753314051366858,0.011612626313276087,0.0,0.0,0.0,0.0,0.016779837422796144,0.0,1.0,0.0,0.0,0.0011856921276776262,0.008387231191781074,0.007068826225702546,0.0,0.006958136263862998,0.011012139915465171,0.009787461904319972,0.004648145361192224,0.004127524443021278,0.008274791694050303,0.0,0.0,0.0,0.0,0.0,0.0007894037018447227,0.0,0.0,0.0019402004743390132,0.0,0.005074939664190073,0.0,0.027849944500465837,0.00900938856525649,0.0,0.010255763139050633,0.0,0.0,0.0,9.63573811025431e-05,0.0,0.008413066622905621,0.004911891547572376,0.0035141931212090073,0.004928355685567757,0.0,0.0026983643557292663,0.014329852836274583,0.0,0.0,0.0,0.0,0.016516239024854856,0.0,0.0,0.004643527003615022,0.00019603233611364474,0.008931462143231655,0.0,0.010537753341832401,0.0,0.01914066182111526,0.003519424269103905,0.00956344149857087,0.0,0.013421231659848081,0.00020037899695407612,0.0025715277091033356,0.015590543411637492,0.0,0.0,1.0,0.003437758696942885,1,smurf,DoS
0.010597503883836176,0.0,0.0,0.0,0.022076294162898753,0.0032196494512199674,0.0,0.001961155939709652,0.0036196159370842345,0.0,0.014033895207218207,0.0,0.0,0.0058057071022094035,0.010640889890593083,0.0016423252979070105,0.0,0.002590734214841021,0.003829964726507103,0.5257627744455521,0.0,0.0,0.0,1.0,1.0,0.027689420882996744,0.05384821763384472,0.0,0.9968693440791904,0.05086958414989824,0.0488715695317602,0.0747539178855152,0.0,0.007785108928410932,0.0,0.0,1.0,0.987493915467574,neptune,0.0,1.0,0.01500398633511575,0.004182892194052186,0.015729752543766386,0.0,0.0,0.0,0.0,0.003486379002736642,0.00614831619140156,0.030474977900489867,0.019411105549704707,0.9959201949348617,0.0,0.0,0.0005866550188207544,0.0,0.01049495331386213,0.0,0.0,0.0,0.001980254537474852,0.0019624472642880155,0.0,0.011071684778174953,0.0,0.010725012488846292,0.0,0.0032944640741827433,0.011327652265994557,0.005942216911380131,0.0,0.0027491865451202647,0.0,0.009951267247912858,0.02278226708571754,0.000940364128630637,0.0064659633367047395,0.0,0.0,0.0,0.0,0.0,0.0,0.0046940728480684805,0.0,0.011712924552754711,0.02477886467230296,0.02244655408708638,0.005747389747860157,0.0,0.0,0.0,0.0,0.00043649616790627014,0.009611053365779793,0.00806892194935209,0.0024450028793339728,0.013470230263881224,0.012844136971986251,0.008842948366457326,0.0,0.0,0.014622766389299982,0.0,0.00401403488103305,0.0,0.013001690294655189,0.0,0.0,0.008308015884359476,0.0021459707841675574,0.0,0.004054561698168252,1.0,0.017543276995089264,0.0,0.014747807110441229,0.0031805725394782698,0.0,0.014811091858864284,0.006618823484583286,0.0,1,neptune,DoS
0.001001531390364348,0.0,0.00977031633404857,0.0037323083332772965,0.0,0.0038059512903020815,0.0,0.0,1.0,0.0,0.0,0.001962558139253513,0.0,0.02070053114482371,0.0,0.0,0.011692340973613151,0.008374801049631678,0.0,0.01579605982994957,0.033058073665865405,0.0,0.0,0.0,0.011703502342543866,0.9976327320012591,0.0,0.024523263258055383,0.9929299277123503,0.9745431873620812,0.9998070265855356,0.0,0.002728932348917127,0.0,0.007878503179798357,0.0,0.0,0.009016396035612873,normal,0.0,0.9887048734722402,0.0,0.0,0.0,0.006611358813190284,0.0,0.0,0.0,7.80813707283932e-05,0.0,0.003723008917358183,0.0,0.0023871062092759303,0.011019118666191494,0.004065550310298192,0.0,0.003269993002208218,0.006562032425790822,0.004937657219178542,0.0,0.0043141580072061465,0.0,0.008791357567241516,0.004587430627806613,0.0015113280984528127,0.0,0.9854352654708697,0.0011301988724358165,0.00133160160728818,0.012861794580510025,0.0019229103712921746,0.0,0.012171824816089624,0.0,0.009480130979249171,0.0,0.005243787247623654,0.001243070326000208,0.0,0.0,0.0035230877139358226,0.008923988690445703,0.0,0.0,0.0015994697576336653,0.0,0.012039174258812398,0.0026700580566358344,0.0,0.0,0.007095460649445744,0.0,0.0,0.0,0.006811807102095213,0.0,0.011233454580137359,0.00034581973726647034,0.009418871432387697,0.0,0.0,0.0,0.01683792793457059,0.009162525000863384,0.0,0.0,0.0,0.011733229190310016,0.0,0.024624520710683245,0.022172283106949936,0.01438303029197778,0.01106189872357832,0.013165980744278969,0.0001738866113236364,0.0,0.0,0.007006683533944731,0.008764522798700517,0.0,0.0018020537334973367,0.9840358962816371,0.0,0,normal,Normal
0.02421419224937687,0.0010448342564581012,0.016355972023446578,0.0,0.0010130856401339057,0.0,0.0,0.007969534888294228,0.9948977503070483,0.012758185738019841,0.018789424261122116,0.00291642709221455,0.004316053809723305,0.005649403029812232,0.0,0.0,0.009771426526314124,0.0,0.0,0.03194069709498374,0.015626529087805274,0.0,0.0068691644550390365,0.00011069477632167557,0.0,0.9840249660136521,0.0,0.0,0.130456891303239,0.9868399085204133,0.9966549846811895,0.0026778828550530383,0.03340297229386041,0.04100732981686141,0.0,0.002190609658393453,0.0,0.002026755475894923,normal,0.0,0.9968926399642816,0.0,0.00694011170517301,0.0,0.015765273531587798,0.0,0.0,0.0,0.009884412775861122,0.015854859040165297,0.0005778198270435858,0.004206563210846843,0.0064558475997650005,0.0054818616914210265,0.0024744182652268916,0.0,0.0106938804621616,0.0,0.0,0.0,0.0,0.0,0.0,0.007714076180330868,0.0,0.010417579078214776,0.9970554187493054,0.0,0.0,0.0,0.022049666040698752,0.0,0.0,0.0024807014176440145,0.0,0.0,0.00956836621131016,0.02055107525089721,0.0,0.0028906594022902903,0.0,0.002599397946530365,0.001047794885795811,0.0,0.018157506545445325,0.008394031811371331,0.005717421532822366,0.008836884991073676,0.0,0.0,0.007581876807289009,0.0,0.0,0.0,0.0029462411936245444,0.011334156530833922,0.0,0.004075534237219922,0.0007804730805551103,0.011047138279965207,0.016160650800874966,0.002861784288979041,0.0,0.008194038939958603,0.0,0.0,0.007232099769833261,0.0015709791655644974,0.019858788668779832,0.017421503762321884,0.0,0.0037890644935804126,0.0,0.010057800291300002,0.005117120093206585,0.0,0.0,0.0,0.0,0.002888076990850698,0.006707654811139727,1.0,0.0,0,normal,Normal
0.0,0.0,0.0,0.007445838068565858,0.0,0.006180952932964543,0.005062799450387845,0.020981337394249237,0.0,0.0005393505082375273,0.0,0.0038370803290698062,0.0,0.0,0.008565125320602064,0.0,0.0,0.0,0.0,0.009785004752350602,0.0218588516444818,0.008186206433806253,0.003145832403219275,0.00958509641608529,0.0014198753158875931,0.9834042996379524,0.0008062863351466066,0.00728883533983439,0.08764831066212889,0.0,0.229475879649198,0.06374257360639715,0.24925165034103391,0.002890716508302834,0.0204652962938879,0.02034492559373689,0.0,0.00406782670444923,warezmaster,0.0061723101439245635,1.0,0.004964985753159691,0.018878189005863407,0.001796107144709107,0.0,0.0,0.005719868293990173,0.0,0.0,0.000995752750205175,0.0,0.0,0.010116382899740695,0.0,0.004765426449445762,0.015812719602408768,0.012607183098039557,0.0,0.0010562385764467774,0.02429813591017371,0.0,0.0,0.9827251810347716,0.0042291295882013495,0.0012516173840954063,0.004620673479723952,0.0,0.0,0.0033437513382793584,0.012864615309412018,0.0,0.0,0.0,0.0023387252855084813,0.0005804921946285385,0.0014969595842967713,0.0,0.0,0.0004650508300353249,0.0,0.0,0.0009538344995171544,0.00170451614418289,0.0,0.004041448815571986,0.0,0.013954443950204653,0.0039022658280138934,0.0,0.0,0.007950034734163752,0.013261273689673923,0.0,0.0,0.0,0.012653857432330442,0.0009967765337868402,0.0069438024007117865,0.01599558239099049,0.00400602524352692,0.0,0.0,0.004315798145331635,0.00916534752724481,0.0,0.0,0.0,0.0065385679190921135,0.001812079244740487,0.002113021904796129,0.0,0.006120171462290792,0.0,0.0,0.0022136907679025583,0.0,0.0029956824201212485,0.0,0.0,0.0024306170115908216,0.0,0.9991989617127535,0.0,1,warezmaster,R2L
0.005418334072094018,0.0,0.0,0.003744410538688913,0.002531908210898395,0.0,0.0,0.0,1.0,0.0,0.0005588472226530027,0.0,0.0,0.0,0.0012053119765379455,0.0,0.0,0.005990913884824891,0.0010041006096685162,0.0,0.005039413703897512,0.0,0.00240349223819506,0.018217292998588305,0.0014658969080597922,0.9924047482466679,0.012349095120718228,0.33250414973645404,0.1855945621982678,1.0,0.9966565329600259,0.015391888021120893,0.023434021761872106,0.005625704128333072,0.0007674772468595314,0.0,0.002623665717008469,0.0,normal,0.0,1.0,0.0,0.0,0.0,0.012294112523360498,0.0,0.00398375252133794,0.0,0.0,0.012667863533851869,0.0,0.0,0.0,0.0,0.0,0.014654975718969293,0.0,0.0,0.0011467150116071915,0.0,0.0,0.002457502324751478,0.0,0.0,0.004555604820560065,0.015801536574370893,1.0,0.0,0.0030551176013918924,0.0030423068474728972,0.011083945514320737,0.0013659581613786299,0.0002685928856742871,0.0,0.003247361315312217,0.0038811836890219288,0.008858520457153197,0.0,0.0,0.009105855724200888,0.013973460391636158,0.003037577849616716,0.0,0.0,0.008896064136415869,0.015759912840568432,0.0,0.0,0.0,0.0,0.0,0.0,0.013978126624626391,0.0,0.002282975667409996,0.006064288728402784,0.009347184689125841,0.004676997476359339,0.004769438755008502,0.0,0.0,0.006436453078511223,0.0026287997929398013,0.004634575042365512,0.0,0.00046108743422467716,0.0,0.004755819934824957,0.0,0.0,0.0017172928252963285,0.0,0.0,0.01612301993775015,0.0,0.0,0.0,0.0,0.0,0.008624655477117613,0.006836507184099548,0.9904476201891914,0.011327101789362963,0,normal,Normal
0.0023948676984817934,0.010787063199673113,0.0012638611315873508,0.0005222726637904411,0.0,0.010247931911734632,0.012682192155991886,0.004226593357058795,1.0,0.015897837088799167,0.000303019967406726,0.0170606491237813,0.0,0.005192007104619083,0.010890604307019694,0.0,0.003835420037103582,0.002015037454439455,0.015743805567776274,0.007517399649689006,0.0014733468614692713,0.0,0.0,0.01518292844876366,0.00409782312887227,0.9948075577409982,0.009225715649532092,0.14669189571912267,1.0,0.9851498408273538,0.9953765312071327,0.00040193973956712334,0.0,0.0,0.018240224873350384,0.01549254679374865,0.03780849810643365,0.0571504636372801,back,0.0,0.9935636302959695,0.0,0.004633734527342308,0.0,0.0,0.01869703859680501,0.0,0.00034527952757693894,0.01109912509186639,0.0,0.0,0.004753711848342687,0.010043864849317075,9.567946651176581e-06,0.0,0.010541095906614274,0.004243360750107612,0.009542629298434517,0.0014817209969887376,0.0,0.011371986508048791,0.0,0.0,0.0,0.0,0.012743033637970582,1.0,0.0,0.004755607216632536,0.0,0.00970067024198004,0.004023220709847181,0.019142861767421963,0.0161539702903833,0.006729610361718923,0.0,0.0069323143392995955,0.0,0.0004904479539824543,0.012760982203108935,0.0,0.008636375923798997,0.0,0.00013580932069847865,0.0,0.020395988684432646,0.024818708959463948,0.0,0.0,0.007348345754772814,0.0,0.015512696518161817,0.010599245523159639,0.0,0.018653458848283455,0.0,0.005759386777584494,0.0,0.005740311167542875,0.0,0.0,0.0025474257577780875,0.0,0.0,0.0,0.0,0.0,0.0,0.0,0.0044200005136057815,0.0,0.0,0.004251159881465521,0.01067189804123097,0.0,0.0,0.0,0.020499092574421125,0.0,0.00894320278173523,0.005714520916845132,0.9897493310493719,0.005521685029243821,1,back,DoS
0.002415585750163235,0.001107121476808984,0.012984040971369988,0.009971576543846008,0.013735123825535623,0.0,0.0,0.0,0.9976080120719691,0.007735449795610841,0.0,0.0,0.022913015836854893,0.007927600423312193,0.006338268276728937,0.0077776557083509236,0.0,0.0,0.010450501133932689,0.020441484480706925,0.0,0.0,0.0,0.0,0.0,0.996883071537672,0.0,0.0,0.07645777274818974,0.9860666378286035,1.0,0.01639475603350568,0.06311548650939729,0.007965275727797308,0.002696646359585446,0.001383790072388663,0.0,0.0026625079472541503,normal,0.0,0.993871405153096,0.004410092631785118,0.0,0.01133128088205031,0.0006264646864433794,0.01506947467304991,0.0,0.015525829269765415,0.014424637452135349,0.0,0.0,0.0,0.0,0.0,0.0,0.016782119740957564,0.007689266096805361,0.01800897423955743,0.008476476846235894,0.0,0.0,0.005896413723570166,0.00851097290431342,0.0,0.004345551167472948,0.00011189400930444053,0.998270672974087,0.0070618755179116454,0.003864127953272705,0.012296749100488847,0.0,0.0,0.004840527918136977,0.0,0.0,0.005366695625016447,0.013480329310965763,0.008390193658974771,0.010565490476291387,0.0,0.004932743820516708,0.0,0.0,0.0034766907814054804,0.0,0.008875939991430685,0.01510324847026568,0.0,0.009101778983785017,0.02888282640730357,0.0,0.0,0.0036470937500337783,0.011250081379971204,0.005163125085850714,0.0,0.0,0.0,0.0,0.003585524380024929,0.0054074137195200735,0.0,0.020671177131689186,0.01094456255430043,0.0,0.0,0.0,0.0,0.0021762592288620108,0.0,0.0,0.01692214910773865,0.0,0.0057303901500115415,0.0008305192514786948,0.0,0.0,0.0,0.0,0.0,0.0,0.9973984173158771,0.013366624538638421,0,normal,Normal
0.0,0.0037642177525512278,0.0,0.0,0.005067425493209643,0.024893114191953006,0.0,0.0,0.0,0.0,0.0017313647610392269,0.0,0.011780042512826622,0.0011314330800224267,0.0,0.0010850304183214051,0.00553352693134913,0.0029800176142999765,0.0,0.6004089205076373,0.6015334387992686,0.0005895646468178523,0.004211172193228696,0.0,0.0004141177779743303,0.9833197854858216,0.0,0.0063891749775309885,0.9989796792362415,0.978356877711286,1.0,0.008638391200452815,1.0,0.0,0.0126053668214122,0.0,0.00914175415384754,0.0,smurf,0.9831721471477789,0.0020480355041477393,0.00786439457512453,0.0,0.0,0.007502401561273298,0.01312652686615075,0.001079037432524684,0.007665299471049027,0.0005878636944829274,0.005275786293417788,0.017321641022236184,0.0,0.01062499318021226,0.000868198277190889,0.004808683524058684,0.0,0.023321148533772984,1.0,0.0,0.011258956190087765,0.005058654037620133,0.004541926188953226,0.005259045338340463,0.003811130315689769,0.0,0.012843750487494148,0.0,0.0,0.0,0.01577636120907843,0.003601347054200539,0.007991106057276794,0.0,0.005740797119632986,0.0,0.0031426624894403403,0.003585437594897864,0.0,0.0,0.0,0.0051230653385850615,0.015599107385723336,0.0,0.0,0.0003326644429517089,0.0,0.0,0.0032324724112956205,0.0,0.0,0.0028561007869499517,0.0,0.0,0.005910655490903181,0.009596008423045359,0.011952511000303867,0.005063508060404457,0.003138026708160442,0.0,0.0,0.005064676252341771,0.0,0.0066299767837714445,0.0,0.012633814881908853,0.0020772565992517845,0.004428517148002749,0.01388126735240376,0.0,0.0023756176798423313,0.006258948953855647,0.007370369709947583,0.0047681612285976685,0.0,0.0,0.0,0.0,0.004669001511957064,0.006324254191246251,0.022373646084441205,0.0,0.9899013664265752,0.0026072682911311524,1,smurf,DoS
0.0,0.0,0.0011944892713195265,0.0,0.0038760163998924025,0.0,0.0030190452524191088,0.015346362406279348,1.0,0.002629542447848638,0.0,0.0013989514436299022,0.005952791910992057,0.00929152493767251,0.0,0.0,0.0,0.0016897250441040021,0.0,0.009427898413706616,0.011531832726218327,0.0,0.006015649181944617,0.0,0.005054134675530056,1.0,0.00713939451768712,0.0011468072096752348,0.9990167285372217,1.0,0.9770281726163992,0.0,0.0038268546352495125,0.006490491539075628,0.0,0.0,0.004107405548365097,0.008634591704502804,normal,0.0,0.9952666141945218,0.010934563914004642,0.0,0.0,0.005488230495844866,0.019205304060219603,0.0,0.0,0.019174043413842736,0.0,0.007145957358228224,0.0007036817822387996,0.0,0.005820265735151703,0.001190429828465617,0.015880721073757122,0.001166128942081337,0.0021963250168864513,0.0032830595303730173,0.0,0.003094579717592184,0.0,0.0,0.0002733868744006444,0.0,0.0,1.0,0.00022536040133824844,0.01362662155098801,0.0041310845887853965,0.0,0.015168610192409112,0.0,0.0,0.0036755360941576466,0.0,0.0,0.011007094287516268,0.0,0.0025299713234707023,0.0,0.0010738917425749612,0.0013257174399642047,0.0,0.004752217105176821,0.019623625995569518,0.0026852171301203183,0.014775234774391003,0.0020519998970706223,0.003690541112598249,0.0,0.003795576041976807,0.0,0.010792849690075044,0.0013933636195384944,0.0,0.0,0.0,0.0,0.01784223945339748,0.008618454649737135,0.003994723658690731,0.014970920658648697,0.007197557456620171,0.007745326599772962,0.0,0.0,0.0,0.0,0.0,0.0,0.0020547553711517405,0.0072060172643391845,0.017098310473999814,0.01172961720547336,0.0047340224395050635,0.00423694584970022,0.0,0.009844828636898157,0.01642809245286539,0.0,0.991250311960953,0.0,0,normal,Normal
0.0,0.008443259159054172,0.0,0.0036349594472581803,0.01207693819114305,0.0,0.0,0.0,0.006666709764635089,0.0010073790675518514,0.005146289226771044,0.0,0.0,0.0,0.0,0.018839448429445533,0.011254885959864068,0.00500741618225624,0.0049198126570844675,0.22308475230971744,0.022888885978554156,0.016940953272150706,0.0,0.9884873831818147,1.0,0.10458162862976944,0.07899992392798279,0.0,0.9876436240709322,0.05238937058048978,0.026077911606655485,0.041722980178183613,0.005495651830758168,0.009691411913791852,0.0,0.005419155477776515,1.0,1.0,neptune,0.014396198070485384,1.0,0.0,0.006601029913278035,0.0,0.008748336890629633,0.0,0.0,0.0,0.0107682030890823,0.0,0.00018928435492692784,0.004998699138254247,0.0,0.0,0.007972531807054293,0.0,0.0,0.004951681358826417,0.012020709667904222,0.0,0.0,0.015557714976501323,0.009173205107500408,0.0,0.0033522214821059175,0.02128468849337446,0.005371976097622537,0.002648247004778301,0.004517981108288665,0.0,0.010357995458485205,0.008523602190760322,0.0005520673161752291,0.015409531338578966,0.015679794109242303,1.1529114909716444e-05,0.0,0.0,0.0,0.0,0.0,0.0,0.0033785488528815222,0.0,0.0,0.0006494447389461093,0.007272972515755922,0.0,0.016302541282074284,0.0048225474716034975,0.006832093938318522,0.9928557741910982,0.010275629532978463,0.0005882445325172645,0.00013893023200929565,0.013547586498428613,0.0,0.004725437089984403,0.0,0.0013774861926384254,0.0,0.0014358958147628138,0.025502240078763727,0.0,0.0,0.0,0.0,0.0035146886020138313,0.002526999093111229,0.0,0.0,0.005108074528351389,0.0064873819476690565,0.0,0.9984708612504739,0.0,0.0,0.014499017907193289,0.0,0.0,0.012444765819874208,0.0,0.0,1,neptune,DoS
0.009772218373957132,0.017535998442729083,0.0,0.003402598794648984,0.003979814409749445,0.0030916014899952543,0.0,0.009329456027570206,0.0,0.0,0.0,0.0031609812066458747,0.0,0.007008022496473175,0.004706920852915638,0.0,0.004683909241217006,0.0,0.0,0.5514790712361772,0.04042922894417836,0.0,0.0,0.9782331525605059,0.994671697126726,0.06403843221906767,0.04671966367720561,0.0,0.9859338242124219,0.08663356832551147,0.06458499162365912,0.06010539003279007,5.497196168695177e-05,0.015106481324225754,0.0003854494711708297,0.0022490790482466196,0.994642834138463,0.9840970416401473,neptune,0.003346352592319618,0.9904255773979964,0.005970216475830893,0.011809824856563962,0.0,0.010750121151419698,0.0,0.0,0.005563724470816979,0.0,0.0,0.006735461211778965,0.013721009150406782,0.004857720861412585,0.0,0.006113719735069288,0.008041231016107962,0.0,0.0,0.0,0.00028343783107192,0.0032766693347907666,0.008900004275259896,0.0,0.0,0.0,0.0,0.0,0.0,0.0045844867817260385,0.0,0.0,0.00034602305800933474,0.0,0.0,0.0006991645419406635,0.0125042155889451,0.005731103092296177,1.0,0.0,0.006159728694830366,0.0,0.0,0.004989259497051889,0.00019699837535802755,0.00036508225742814095,0.0,0.0,0.0,0.0,0.004480858413631492,0.0009154559417629311,0.00414267044576344,0.0,0.008454678240135412,0.0,0.0,0.0,0.0,0.013972120989764119,0.015720080147364653,1.1624607364157513e-06,0.0,0.00021876113303053325,0.012993403331296529,0.006491903787018629,0.0,0.0,0.011057771696908998,0.006132165080200955,0.0,0.006616721624930084,0.00035397405731175697,0.008366282316400998,0.9942410025932008,0.0,0.0,0.0,0.013916461922500884,0.0,0.0,0.0,0.017756538775463827,0.0,1,neptune,DoS
0.0022506603658160253,0.0,0.0035785138559244053,0.0,0.0,0.0,0.00834539910667375,0.001867826460675571,0.0,0.006677266255855737,0.013968626229876926,0.0,0.0,0.0,0.0,0.020947207403701058,0.020538580672147894,0.0,0.0025170807776157683,1.0,0.0068808009576914984,0.061353592109638914,0.0,0.9508211814285632,1.0,0.0008469514894195226,1.0,0.0,0.9853480005396343,0.00242851499261129,0.0025040014774073862,0.9904281198678418,0.0,0.0,0.008330106107972078,0.0,0.9580450846150691,1.0,satan,0.0,1.0,0.007201194651859142,0.00265638948928621,0.008448074911661559,0.013221947012409592,0.0,0.002674934811847159,0.009154513305859674,0.0,0.0,0.0,0.0,0.013272558685551512,0.0,0.0,4.006168839149522e-05,0.0,0.004978092411302698,0.0,0.005880675694035565,0.0,0.0,0.0,0.0,0.0,0.0,0.0007652908074407544,0.0,0.006582029757402348,0.0,0.006505518507754381,0.0,0.0,0.0052696043232303815,0.0,0.0019271884714624093,0.0,0.007493652623944928,0.0,0.0,0.019475557311965385,0.0007716991301791727,0.0,0.011986270919927294,0.0033384451345004787,0.006178827467562176,0.014879325619738488,0.0,0.006941226561690104,0.0,0.005651361229723948,0.9912293029522389,0.006789291881941323,0.0,0.0004566648429548303,0.0028443500695973685,0.0,0.003950255001605237,0.006793194336298209,0.009687706287671247,0.0,0.004452986266948015,0.0,0.003598829555963269,0.015193202391808576,0.0,0.0028984578836690677,0.0,0.0,0.0016660662025451364,0.0,0.0,0.013042301096742315,1.0,0.0,0.0045265076150010014,0.0,0.006051287242830568,0.008691719541964817,0.003417175072145655,0.001911279174058999,0.0,0.023815281888127725,1,satan,Probe
0.0,0.0027605768057494024,0.002714736067954116,0.0024656941549463015,0.006266072459712589,0.001231735639898336,0.00042476235300777223,0.0,0.0,0.0,0.0,0.01574494359913378,0.0,0.009889940142080007,0.0,0.0,0.012587863356459656,0.0,0.02528563486051521,0.5919789833942541,0.03959371954472734,0.003303657325460817,0.0012747681757991009,0.9919979446747941,1.0,0.060258414501293704,0.04725827409758815,0.0,0.9780802762658307,0.0714492606508103,0.07202304604215345,0.06327964750837342,0.0,0.0,0.0,0.0,1.0,0.9875317159921667,neptune,0.0068359850506682345,1.0,0.007415692697222104,0.0,0.0176728204943802,0.0024747713439840055,0.0029749847370932653,0.0,0.0060713403182827835,0.0060159008416258465,0.0,0.0012045376749683964,0.0,0.0,0.0,0.017924689994120252,0.0,0.0,0.022779921108675164,0.019123102212868164,0.0,0.0,0.006249252927134367,0.0029573176365258096,0.0,0.0028528102320982806,0.0,0.018667092518909655,0.0,0.0,0.01953238981330424,0.0,0.025325503798477488,0.00784397919039078,0.011103082021213982,0.0,0.0,0.007192841420296698,0.0,0.0,0.0,0.0,0.005329089717664929,0.001990960340562724,0.011996147691489155,0.005953167402635824,0.0002463758200423776,0.0,0.0,0.0,0.009975981149892298,0.0,1.0,0.010784822159947258,0.0,0.004323239825887994,0.005658231408363203,0.009644238910107291,0.004043180603813551,0.0,0.0,0.012072416160921662,0.007414632395008062,0.013800977491470325,0.0,0.002647584090632032,0.0,0.0035874309175394415,0.0,0.004570112249047438,0.0,0.008420624919006884,0.019704610786269314,0.0,1.0,0.0,0.0,0.0,0.0071212180895007995,0.0031755401970152627,0.0,0.004572152611256332,0.0,0.0,1,neptune,DoS
0.0,0.0,0.0,0.0,0.008776292166045942,0.0,0.015272833436607876,0.1992310698296851,0.0008102996979019131,0.0,0.0,0.012393219282416292,0.0,0.0028121845976801425,0.0,0.017075433285896727,0.006363009431066447,0.0,0.0,0.0,0.0025716564291880864,0.0164362987135418,0.027014754663123766,0.0,0.0,1.0,0.0,0.0,0.988722067936483,0.832052934917244,0.8183663920343653,0.012039817110529445,0.0,0.027635974774940314,0.0007401160810839068,0.0,0.03703617595946388,0.029325332615941006,guess_passwd,0.0,1.0,0.009184595931003075,0.0027514991554956243,0.01657831461820127,0.0,0.0,0.003184331055330516,0.0,0.0,6.302264341553698e-05,0.0,0.0,0.0,0.0,0.0,0.0,0.0,0.009903116970691779,0.008811647381934622,0.0,0.010513431838370214,0.023199767075211576,0.0,0.0,0.004112198712574985,0.011287892724062942,0.0,0.0,0.0,0.00994066318600312,0.0,0.006447011191557507,0.0,0.0,0.01199406654006248,0.004641781955453134,0.0,0.0026332667338585477,0.01065887330994253,0.008120271425398295,0.008345840022581482,0.0,0.004072121574589613,0.004920364356804374,0.012797301197848067,0.007521770580389922,0.0,0.0,0.001437846818643249,0.0006966576502190207,0.0,0.019087443128078297,0.0,0.011781185288960818,2.1468296804763037e-05,0.018029486304755118,0.003542774825913576,0.0,0.0,0.006660704798074297,0.002290476258301298,0.0,1.0,0.0,0.0,0.0,0.0,0.0,0.012457484665731877,0.009273282888110232,0.015016998599318137,0.005260699373248297,0.0,0.004722274229244674,0.01362109212000223,0.0,0.0,0.006430085388739184,0.005736240343970961,0.006277075656806372,0.004448795045689488,0.9786670960868292,0.008045823158114787,1,guess_passwd,R2L
0.0,0.004617066898494745,0.0,0.010070064668239976,0.0,0.0034868960103193038,0.0,0.0,0.9887273618860275,0.0,0.0,0.011555471757190645,0.0,0.016804851636357535,0.0,0.0,0.031877969631933824,0.0,0.009984873715641593,0.023656526370473243,0.02997505769979721,0.012322900795242911,0.0,0.009008430511240444,0.0,0.9925982618037936,0.0,0.21547117737174246,0.016052811360616058,1.0,0.9697261495808085,0.0005789363765138718,0.5088322090694511,0.030243020787059285,0.0,0.009473572829844588,0.0,0.0,normal,0.014147138060320228,1.0,0.0077277420079116975,0.0037120554355654298,0.0,0.003958479986598623,0.0,0.0,0.0,0.005454012840599701,0.011639208796793558,0.008878388018949657,0.0,0.0,0.0056217349453883915,0.0,0.01335982675014095,0.0,0.0,0.0,0.0037781231678139216,0.0,0.0,0.005656646714016493,0.00248103594714739,0.009441433052241802,0.023407500825105163,1.0,0.0,0.008282861382721529,0.0,0.02085887703749541,0.002784858659577742,0.0,0.0,0.01644165312699964,0.0,0.007246830156022939,0.0,0.016896061563215797,0.0,0.0,0.002123214502055444,0.0,0.0008453088904758437,0.001162711365349823,0.010517012279291171,0.0,0.017813843709586424,0.0,0.012092994455501969,0.013313569857274221,0.0,0.0,0.0016092110925230328,0.0,0.0013006643421391562,0.002168504692402746,0.0,0.010413156572961123,0.0,0.010723872827842354,7.58963090037664e-05,0.0,0.012457564167829473,0.0,7.599377480880609e-05,0.0013475164725599393,0.003880175729437716,0.006184558796473424,0.0009015101786049649,0.0,0.0,0.0,0.015714314066725663,0.0,0.021615939876421544,0.011341312071956693,0.004968795897027659,0.0,0.006686059287196749,0.002961767889424865,1.0,0.0,0,normal,Normal
0.008435514353024294,0.005546718613815094,0.0,0.008740729508700485,0.0,0.0037453828392244298,0.011973591380259423,0.0021720425628916303,1.0,0.0,0.0,0.0014608390069274994,0.013014422369620391,0.006737032424538147,0.006140519354711034,0.0,0.005828291715438589,0.008022388186805875,0.0,0.0331412886181853,0.03682243044020243,0.014207965361211754,0.012224986759581271,0.028479225534768605,0.009355835151157068,0.9916439350717648,0.009451498230676439,0.0,0.9904256678247519,1.0,1.0,0.005432616486456889,0.0,0.0,0.0,0.0,0.026043057432357696,0.011044049365346406,normal,5.14997994250363e-05,1.0,0.0030083293320598108,0.0,0.0,0.015597634491696226,0.0,0.010766090935167198,0.0,0.0,0.0,0.0,0.0,0.0,0.0025946170946799436,0.00964932024701278,0.0,0.0,0.0,0.0,0.0025150499136778887,0.0,0.0,0.0,0.007855290885815274,0.015084358387391692,0.0,1.0,0.004539785971580106,0.0,0.0,0.0,0.0,0.0,0.0,0.0,0.0,0.007397467012077246,0.0,0.0,0.0024651412679419535,0.009910882420612251,0.0,0.006350037599074035,0.0149064723440437,0.03106936361546281,0.0,0.00145761384371294,0.0,0.005323322552590739,0.0,0.0,0.0,0.0,0.0,0.0,0.002681240413852612,0.006007792262552333,0.005180293724589077,0.0028584509881426057,0.002548110231313461,0.0,0.006259612444934444,0.0,0.0,0.0,0.0,0.0051583496911664145,0.0,0.0,0.005676233168627269,0.007017083866270519,0.0008355088127000645,0.0017292109019524929,0.0,0.0,0.0,0.0,0.00584322058771413,0.004907398443950263,0.0,0.0,1.0,0.0,0,normal,Normal
0.0,0.0,0.0,0.0028571402233486154,0.0,0.009336787188780225,0.0,0.0040269733830736575,0.012859902305890687,0.004529553827535611,0.0,0.0,0.0,0.0,0.0056723953813762355,0.0,0.0,0.0,0.013052815669639542,0.0,0.0,1.0,0.9925433940900096,0.0,0.0,0.9924203496596313,0.0,0.007258281529631859,0.9755861809171331,0.49396968854910556,0.48980399873016617,0.024843920066297015,0.0,0.0,0.5303383274217646,0.42681615261060357,0.009397917674439276,0.024146832541146995,processtable,0.0,0.997887695789404,0.009469631483755889,0.0,0.010216201918332042,0.01419599958728296,0.0,0.014202518693751283,0.005070176241640127,0.0,0.0,0.0,0.0,0.0,0.0,0.009086995334512038,0.021850067908540174,0.0,0.01352155159671518,0.0020292365370707726,0.0,0.0,0.0,0.006763362325705686,0.0,0.0,0.0,0.008721434856677004,0.0,0.015145729773916032,0.0,0.00432620593939118,0.0,0.0,0.0,0.014917803654981004,0.0,0.0007982908189687299,0.000779591942630491,0.0,0.0,0.0,0.0,0.0,0.0,0.001088451977712755,0.0,0.009480457429778951,0.0,0.0,0.0,0.0,0.0,0.0,0.018469583991764408,0.0,0.007535803822297424,0.005665250550655393,0.004163828990621884,0.0049636782029394725,0.0,0.0,0.001514370590766937,1.0,0.0,0.011070679570871995,0.0,0.004659839130485863,0.0,0.001561778402262347,0.0,0.024613652720219058,0.0,0.0,0.023599587257592876,0.0,0.008722210912581897,0.014955294817824207,0.0,0.0004022965540347795,0.0,1.0,0.005087538687616987,0.0,1,processtable,DoS
0.0,0.0,0.0,0.017976258352951826,0.015149542588080296,0.01922396618814647,0.000972654050071529,0.0,0.9968280140870835,0.008976995973993752,0.016548026284344357,0.0,0.005997132804471941,0.004258461091990911,0.0,0.0017366643710248096,0.01224352732876778,0.0,0.03640243522968815,0.020426354899229976,0.004455814326355347,0.0,0.0,0.0,0.010832085291161267,1.0,0.0,0.0013368596866797445,0.362517983627327,0.29737990484209614,0.8502782087780005,0.04918928393439812,0.0,0.022750966387078922,0.0,0.0,0.10695602371621767,0.0,guess_passwd,0.0,0.9979047137235403,0.0037380933447971982,0.0012561672882547767,0.0,0.0,0.006246815591288561,0.0019984495254686935,0.0,0.0,0.0,0.0,0.0,0.0033867762766837508,0.0,0.0,0.0,0.0004608565596562925,0.0,0.0,0.0,0.0,0.0,0.004936785705269889,0.003115985707962204,0.0011042568225002156,0.002714393418007579,0.004264994816011485,0.0018706615641168498,0.005529071469715775,0.0,0.0,0.0,0.0,0.0,0.013897086019581189,0.0,0.0,0.0,0.0,0.004184339138956375,0.007020439874905791,0.0,0.0,0.0,0.0,0.0,0.006943928326268868,0.0,0.005803676322066296,0.9879576089063176,0.0,0.0,0.0,0.0,0.006765298430320071,0.0,0.013969001377662589,0.0,7.762313706477435e-05,0.000562585745511465,0.0,0.0,0.0,0.002162944985623829,0.005678046617825611,0.0,0.0,0.016819508365361908,0.013405208982674718,0.0,0.0,0.02775220296851804,0.0,0.0,0.01042645426165375,0.0,0.0,0.013422820230851845,0.012194498785017284,0.010552450847734119,0.0,0.9747353520132064,0.0,1,guess_passwd,R2L
0.0,0.0,0.0,0.0,0.005540953388525023,0.017218208826136054,0.005016769398094623,0.005459698471087556,1.0,0.0021258182921004764,0.0008938749494556834,0.005562404832137558,0.003644866303211827,0.005914931630177013,0.0,0.01705460168992971,0.0,0.003065233739934281,0.018343820031716935,0.008032333814852405,0.002466056847102171,0.0,0.0,0.005311802231620686,0.02169006155140039,1.0,0.0,0.007494776365604012,0.2187516210590656,0.9853301542304672,0.9940569101638906,0.0006548281903545189,0.03611238038341404,0.03589670347694221,0.032459906899238465,0.0,0.017425251084041398,0.011105420386961587,normal,0.0022609967159920685,1.0,0.0010311511734277415,0.0,0.0068950112141224346,0.005302055309652044,0.005673439413522441,0.0,0.001456998964069817,0.015537644480251273,0.0,0.0155722255652891,0.014551495382344258,0.0,0.0033469449871138487,0.003648391897552573,0.0018527369357122564,0.0,0.0,0.0,0.0,0.0,0.018522767997786595,0.0,0.0033594324102990125,0.01493838015487652,0.0020084089971023865,0.9952171938278479,0.0,0.0026363861740332736,0.0,0.004842218944176318,0.014263036249174882,0.012191278829115285,0.015857804101803537,0.0,0.0,0.0175841849772779,0.0,0.016789720459208787,0.0,0.0,0.0005498027329719761,0.0017074564011564358,0.0,0.0,0.0,0.0,0.0,0.0,0.010645037744796205,0.0,0.012128142518661367,0.0016504492234077454,0.0,0.0055739797511488234,0.0,0.0,0.009370824140024273,0.0028378202031828915,8.317979225649142e-05,0.01585938331823206,0.0,0.013170296471500158,0.0,0.009174389949177167,0.0,0.012473881287708401,0.0,0.0,0.012793832915843819,0.01794974482673409,0.0,0.004242981280606343,0.0003156432845062426,0.004358601785166926,0.0,0.006760649146108097,0.0066464545967973914,0.009222998181737677,0.0167569681482856,0.00870769758333469,0.9856073576329674,0.0,0,normal,Normal
0.0029695572886100402,0.00040357234414729236,0.0178783430707915,0.002907261642775333,0.011057252500975783,0.0025414339365401996,0.011313676453207154,0.011257989885992104,0.003524271171846929,0.0,0.008412463212141268,0.0,0.0,0.02056218976467879,0.0,0.0030645104506979303,0.0,0.0,0.003690445076005854,0.07923436328011008,0.0030006346041644015,0.0,0.0,0.9831341759876425,0.9895586611656756,0.07135056900085338,0.16025115362895898,0.0059852511912925985,1.0,0.21728588810679292,0.1943172051856225,0.1081437753388333,0.02944226355382535,0.01138496876596097,0.008439849729861485,0.0030195569176146597,0.9959672683343516,1.0,neptune,0.0,0.9922464442278154,0.0,0.006802339374956656,0.002821508970932465,0.0,0.0,0.0,0.010627027757899357,0.009898719199629692,0.008562214886988143,0.012300179941086247,0.0,0.0,0.0,0.0,0.0,0.015310398387262183,0.0010296376955208578,0.0,0.00227580069077358,0.0,0.002961032330581614,0.9822497783146864,0.0,0.006143431129118608,0.0015252778907589642,0.0,0.013812327875698147,0.0061838548554902254,0.0,0.0,0.005203966066570829,0.0021092014445783696,0.017834953770400452,0.003915737822632658,0.0,0.0,0.0,0.01714233393431246,0.0005160707771195047,0.0,0.0017285746582197203,0.0,0.0,0.01079631505104143,0.0,0.0,0.0,0.0,0.002256948822363603,0.008829818170571309,0.0,0.0,0.0,0.0,0.0,0.0,0.0,0.0,0.0,0.007002245103150426,0.0017857873531790989,0.0,0.0030585093171535058,0.0,0.0,0.0,0.0,0.0,0.0,0.0,0.0,0.012260754772432625,0.9981192107109279,0.0,0.018194105735075912,0.0,0.0,0.0,0.01025478651026873,0.0,0.0,0.0,1,neptune,DoS
0.0,0.005003208597658159,0.017459457339502268,0.0,0.0,0.0,0.0,0.0,1.0,0.0,0.0,0.0,0.0,0.0023423128009512303,0.007247529122914943,0.0,0.0036896311666741836,0.0,0.0,0.028063230401708772,0.03217419920761604,0.0023697424998186814,0.0014105026382799945,0.015877446772568214,0.003340793624919874,1.0,0.0,0.0,0.8986407663024601,0.9911125762829789,0.9854550508187592,0.006266609640625737,0.0139910421722351,0.011224434758180208,0.0,0.013749072220634097,0.0,0.007251794675438545,normal,0.01160762908246635,1.0,0.007012619367941448,0.0,0.0,0.0,0.0,0.0,0.0,0.006421695956623359,0.0,0.0,0.002647940566138873,0.014890306117318834,0.0,0.005255827831383122,0.0,0.0010514868272046252,0.0005727643061709463,0.0008343646101826598,0.0017860535306599432,0.0038733019441784563,0.0,0.01985388689310373,0.018190334581813638,0.0,0.0,0.998004291872118,0.0,0.0,0.003257126225709588,0.009062815913397238,0.003914008386565308,0.01565537845464155,0.0,0.0,0.0032802458056324104,0.014722172725555571,0.0,0.0,0.0,0.0,0.0,0.0,0.0,0.00511526578381638,0.0,0.008713316715722355,0.006877529964390412,0.00056545808521576,0.002358048930043295,0.0,0.0,0.0,0.0,0.016689906031104786,0.020039404691169195,0.0038839207541342536,0.02124160164694442,0.02057882366799938,0.0037857418657044725,0.0,0.0,0.0,0.007629023944415684,0.0,0.0,0.0,0.007935632644506684,0.0031799756009431874,0.004970377352381442,0.0,0.0017595751239559195,0.0,0.00214802414533768,0.0027348339211724403,0.002864143117428557,0.017544730753560528,0.004521771135548024,0.0,0.0,0.01219611809931968,1.0,0.0,0,normal,Normal
0.0,0.018782713176533686,0.0015393330375929068,0.0,0.010926976949511098,0.0,0.0,0.005061313491687209,0.0,0.005387933169962008,0.0,0.003822764670202331,0.015458594205526808,0.0034282219692884394,0.0,0.00184565065389947,0.011367552494187054,0.0,0.007283474154060162,0.21018736620569306,0.005603181127714933,0.9952203068643545,1.0,0.010028037676168453,0.0,0.07867505826489891,0.07536358226538964,0.00045751688785830336,0.9979893902955831,0.03619545768187417,0.06579626080594012,0.06620104445115174,0.0,0.014753259205213982,0.9882377852636357,0.991128087116795,0.0,0.001612881937366629,neptune,0.005605339263811823,1.0,0.0023918748279723,0.005594895475598859,0.008647474882961269,0.002022598489378144,0.007643156954635458,0.0,0.011369886489760806,0.9893048922487241,0.0,0.0,0.00623264360180981,0.018496848738059176,0.0,0.0,0.012944554679972497,0.005583674642642592,0.019052209606686327,0.0,0.0,0.013796798222598083,0.011696596223574387,0.0,0.003832482196437937,0.0,0.009845798589845698,0.0,0.004612419124267334,0.0,0.0,0.005409948123496647,0.00676447694302014,0.002643178411447872,0.0,0.0023859606856612803,0.0,0.0,0.0,0.004167310530264878,0.0,0.01455156251857756,0.03403340190183781,0.0,0.0,0.0043046949787218305,0.001725964911171696,0.007343874845330099,0.0,0.011544303515951352,0.0015940436393171275,0.0,0.0,0.0016341628351804408,0.003158117192440883,0.0,0.0,0.0,0.0,0.0,0.0009330937227289003,0.0,0.0,0.007295307972333647,0.0,0.0,0.00344760846242177,0.0020016716747111502,0.020214763437636802,0.010427798452577521,0.0,0.014426790064335462,0.000744978984601727,0.0,0.0,0.0,0.003210667455308662,0.0,1.0,0.0,0.001029307022478951,0.0048578670951026585,0.016964796620747992,0.0,1,neptune,DoS
0.0,0.0,0.021895902747994144,0.0035960946988036553,0.009799703314787675,0.0013105038253056836,0.010410911963037995,0.0034101941706266743,0.0010153106730101343,0.011297356681975606,0.01530168806402244,0.0019040559260466345,0.0,0.009925808525341442,0.0,0.0,0.002331993323530992,0.0,0.0017608055036332276,0.47661524556925977,0.4852068561500918,0.0,0.0002959134658002619,0.0024051623411197494,0.013102764455021914,0.9960065691612437,0.007193143753390609,0.0048160803710546995,1.0,0.019990545736316506,0.02135750310785642,0.0015728434115053497,0.02706832235908606,0.01640720495996795,0.0,0.009729921935883186,0.0,0.0,smurf,1.0,0.0005280839671718257,0.002564138502415473,0.004568272143284167,0.0,0.00361139482384822,0.00011053809768302475,0.0,0.0003244843179978041,0.0,0.013934105326490842,0.0008367755501675221,0.0014962393875768457,0.0,0.004165937718147989,0.0,0.00043603312639231264,0.012112201477857937,0.9953368296633651,0.0,0.0,0.0,0.0,0.0,0.0,0.013461203091741914,0.004319022402762035,0.02375717637861097,0.0057606162334848145,0.013251565975448973,0.0,0.005546374225604401,0.013593468780586399,0.0,0.0,0.0,0.0,0.0,0.003939649255935488,0.0,0.0,0.014138356509080576,0.0,0.0,0.0,0.0020763712367869477,0.005336653693468788,0.0,0.0,0.0,0.0,0.0,0.006306645883505128,0.0,0.012735788671883077,0.005414562240093889,0.005837007171798793,0.017432746222852836,0.0,0.006890184829608667,0.008570584353127195,0.0,0.005593161297451585,0.0,0.0,0.0,0.0011327403410340792,0.0027355701484862156,0.002864887686367112,0.0,0.015069490502567867,0.0,0.012531250458905208,0.0,0.0,0.0,0.0,0.0,0.00933997218158226,0.0,0.0009861195305806952,0.0,0.980789019142156,0.01769924535162801,1,smurf,DoS
0.010283328569963265,0.003216738318255644,0.014235475365146756,0.0,0.0,0.0,0.006015032138576549,0.0,1.0,0.009064956985746582,0.0,0.0009251211311303913,0.0,0.007931811941670044,0.017031676017540145,0.007252011537692897,0.0,0.00028415565779047743,0.0,0.001474439432868622,0.010827131549221394,0.0,0.0023454729642552667,0.0007914773758306994,0.0,1.0,0.0,0.9936173356563562,0.19351789972579492,0.7517105206137369,0.5728056075133274,0.10431586067821152,0.04053073104123982,0.003285239281440422,0.003962164678168943,0.014027587345344929,0.0061675148443191595,0.010196836539101549,normal,0.0,1.0,0.0,0.0,0.011580997285713254,0.005608118626830437,0.02183665893263714,0.0016555917624772045,0.0,0.0,0.0,0.0,0.0,0.009937755773457676,0.0,0.004486873799098144,0.0,0.0,0.0,0.0,0.0012250971122058731,0.0,0.009199976575142597,0.0,0.013434044958106397,0.006778376632447476,0.0,0.0027759954331469916,0.0,0.025173791656533523,0.0,0.012988676793399313,0.0,0.002945545543744243,0.0,0.0,0.016210786702451897,0.0009394374201122057,0.0,0.0,0.011091758544882932,0.023528813495409376,0.0,0.0,0.0,0.0,0.02031427599888204,0.003335238100739016,0.0017788312045606395,0.0,0.0011449768800122304,0.0,0.006429620350794694,0.002083065841607344,0.0,0.004542773318697477,0.0,0.9913108657504717,0.0,0.0041293024570087855,0.0033980072314490984,0.0,0.0,0.0,0.0,0.0,0.002303890401530532,0.0,0.0,0.009475967939907175,0.009270833809555169,0.0,0.0,0.0013473098340466313,0.0,0.0,0.0026551042161564167,0.0,0.0,0.0,0.000890621519051756,0.0,0.962186420489243,0.0,0,normal,Normal
0.0,0.0005229847250972898,0.0,0.0035246478951524917,0.0,0.0,0.0,0.0,1.0,0.0,0.018384221193133394,0.0051358682997805095,0.0,0.0,0.0,0.019794172409648664,0.0,0.0,0.0,0.004415323852364311,0.050154806957772434,0.00467337869125936,0.012337791597217596,0.013666451228944571,0.0007326386799809087,0.9964907998507524,0.0074076631817385835,0.11393292813065911,0.09020185447895833,1.0,0.9827774465417379,0.0,0.038872191511761425,0.0437990027556633,0.0,0.02138768631634323,0.0,0.0,normal,0.0,0.9998619848674496,0.0,0.012236762841182063,0.0,0.0,0.0,0.0,0.016360219625977206,0.007845703908495502,0.0,0.007044801990714715,0.0,0.006269652143913489,0.00955767209184579,0.0,0.00971643651585015,0.0,0.0,0.002106866685725182,0.0,0.027306924784218378,0.0027723719335017378,0.0,0.021234597514037994,0.005946314656619803,0.0017232277224880994,1.0,0.0,0.0,0.0,0.007496237068464426,0.003308918222741646,0.020750802955068454,0.0,0.0027104339624207745,0.0,0.0029801648824083764,0.0029120733808418032,0.012147310534233107,0.0026889234475888685,0.0,0.0009504253702897052,0.0,0.031171961992871595,0.02096313113583077,0.0,0.0,0.007639100964777907,0.002689345499818612,0.016758578093679876,0.0,0.0,0.0,0.0,0.00991068172126164,0.0,0.0,0.008290285020160416,0.0,0.0,0.004601332688484756,0.0,0.010701728915884114,0.0,0.0038318044414067955,0.008582469263962403,0.0006615407443863397,0.009429211125101455,0.005133969399079971,0.013472875376324044,0.0036269901776597546,0.02102977447183945,0.00017008486304495983,0.0,0.024312663167841368,0.0,0.0026467746346120237,0.019531542595010547,0.00829024149760062,0.0,0.0,1.0,0.0,0,normal,Normal
0.00020922026058843538,0.008973215044473074,0.0,0.012795435464163965,0.01202759735533495,0.0,0.01258654295608632,0.0,0.9852311835830796,0.002903253428070668,0.003897627761415155,0.0,0.0,0.0,0.0,0.0,0.0,0.0008137582708062486,0.0,0.0,0.0,0.0,0.0,0.0005637571890737251,0.0,0.9947000780157922,0.01397485802068438,0.010529376089256977,0.9992179165223899,0.5510942065400957,0.5505899562176483,0.16020157903153956,0.0002032447447803759,0.005678363485408281,0.0025347488208903486,0.0019004496334983734,0.42423089056934404,0.0,mailbomb,0.0,1.0,0.0,0.0,0.0,0.0,0.005973416634490925,0.004666901067333257,0.0,0.0,0.01024517435637547,0.004986337757533042,0.0,0.009251250057764279,0.004315473536894619,0.0,0.005306612307427829,0.010687867383124716,0.0,0.0,0.004914394702786168,0.0,0.0,0.004317739814621114,0.011563857857403732,0.010282339215454205,0.0,0.0,0.003209116418908917,0.0,0.0,0.0,0.008775297880279009,0.0,0.0034195634001371353,0.01479164656859862,0.0034320700754067097,0.0,0.0,0.0,0.0,0.008370909291551057,0.0,0.0,0.017722492238778618,0.0,0.0,0.008922915074406838,0.0,0.0,0.0,0.0011765913960488925,0.0,0.0045716799562583385,0.016335626070386754,0.009958731228786894,0.0,0.9795364906317482,0.002705666108866282,0.0,0.0,0.007321119618683167,0.009300672916032265,0.005416841395636429,0.016639847631399578,0.0008044416186183109,0.011295041132219599,0.014277795001421725,0.0,0.0,0.0027392952103872277,0.0010279122967843278,0.031736093595910675,0.0,0.0004533589836517188,0.0,0.0,0.013819661873356282,0.003648431548856424,0.0,0.0037200219413721183,0.0,0.9956109639715227,0.0,1,mailbomb,DoS
0.0,0.00434999138821718,0.01414802491583011,0.010746679402258413,0.0,0.005338424672118435,0.006544675194259341,0.0,1.0,0.0,0.00027134897167166384,0.0,0.020517590282199124,0.0,0.006144569057397543,0.0,0.011462745262079372,0.0,0.0024689272969249322,0.005254545018097226,0.006475893238943166,0.0,0.002157694950600782,0.0,0.0,1.0,0.009178719865539925,1.0,0.004421953294972884,1.0,0.9954760452144535,0.0,0.26129011958942844,0.02072685763865525,0.0,0.0,0.004589170108367405,0.0013260925115511845,normal,0.002818341404710123,0.9876371079071661,0.01581155257222658,0.019439252557432597,0.0,0.0,0.01740235823108506,0.00807304457579042,0.0,0.0,0.0003372558545550173,0.00821007315982848,0.01246183513042239,0.0,0.0,0.0,0.012428669774883534,0.0,0.0,0.0,0.0,0.0,0.004294424736318102,0.020719627378203695,0.0,0.0,0.01185575416077427,1.0,0.0039575609840375656,0.009778112067214018,0.0,0.0,0.013162261379259521,0.0,0.0,0.0,0.011289317689672179,0.0,0.0,0.0,0.0,0.0,0.0035875875724389146,0.004140316699049098,0.0,0.0,0.004493548046249364,0.0,0.009755051971336496,0.01211617977924548,0.014190950505128473,0.0,0.005906157548622746,0.006730301738158118,0.0,0.02013342792328874,0.0,0.0028994246033991144,0.011673197783976096,0.010068610514923453,0.0,0.0,0.0,0.002208150700891833,0.0,0.0,0.0013070628074651103,0.0,0.0055509447111684665,0.01241951847165639,0.0,0.0,0.0,0.013712749835517462,0.009034980277727948,0.0,0.0019219961897135505,0.016174060128100198,0.005733914030666817,0.0,0.02256540347268288,0.0,1.0,0.007028041961283776,0,normal,Normal
0.0,0.0,0.0021542718296641166,0.013751626100938427,0.0,0.0,0.005823779695549861,0.0,0.9963350532781952,0.011032737213877928,0.0,0.0,0.0,0.0007111749570004722,0.0,0.0,0.0013538168139752289,0.008600684739317827,0.0,0.0,0.006522983775664676,0.0,0.0,0.003058696734495742,0.005305251647639424,1.0,0.0076240774109544,0.019663694867144494,0.9772594882071391,0.9199677954998624,0.9212469889627312,0.017271397214729936,0.0,0.0,0.009048884119531725,0.0,0.021771046684998845,0.0,normal,0.005676725996141249,1.0,0.0,0.013789198484553502,0.006368297958221798,0.01160314308197329,0.0070025429190444365,0.004818063060303866,0.0,0.0,0.0,0.0013966614207158625,0.0,0.0,0.004316843145123074,0.0001924762392734568,0.0,0.018243783475406374,0.0,0.0,0.0069589881424286385,0.0,0.010986807339658724,0.0,0.004761230501387711,0.0,0.013740865279879675,1.0,0.0,0.0,0.0,0.011378629072356997,0.021180206195639557,0.0,0.013975216587774042,0.013317211875170742,0.0,0.003790439088922003,0.007689737874495863,0.020059992929586334,0.0013997277489025016,0.0,0.0,0.0,0.0,0.0,0.01385788707729384,0.0,0.0036904452627930786,0.010299409986661144,0.005278525660250527,0.002298039145406876,0.0,0.0,0.0,0.0126066791097397,0.0,0.0,0.01521057274273674,0.004212371193015838,0.0018230492635115338,0.0,0.0,0.0,0.0,0.000989610673932061,0.0,0.02048992708068612,0.011242284591665043,0.0,0.0010081733239162619,0.0,0.0,0.0,0.0,0.0,0.007384483089783651,0.002218064388127431,0.013437426343519965,0.019150142609105924,0.0,0.018409526264676873,1.0,0.003505969290733455,0,normal,Normal
0.0,0.005026164546752339,0.0,0.0,0.003341711916590802,0.004501553182000495,0.0,0.0009144485391940431,0.00659222416483453,0.01229463765639086,0.0027854648938697214,0.0,0.002342849854492532,0.0,0.004912907120678228,0.0,0.0,0.0,0.0,0.19434538191504272,0.37064580932198493,0.013160647448691769,0.0,0.0009393976942792437,0.0,0.9945857560451417,0.0,0.012636769665992798,0.9983258265315706,1.0,0.9929558245442587,0.005144512221787172,0.0005938724603313621,0.0,0.0,0.007814803726332642,0.0,0.0,normal,0.019985774793557044,0.0018525459179922683,1.0,0.0,0.0,0.0,0.0,0.0017415397523445912,0.0006723481287943618,0.0,0.009464866019911002,0.0,0.0,0.0,0.008699540462445556,1.0,0.0038380938934767933,0.0,0.011193966554399313,0.007903729715703365,0.0,0.0,0.0,0.0,0.006435810484841329,0.0,0.006036084635885995,0.0,0.007005572719844443,0.0,0.0,0.0,0.011571008436830336,0.007191018996383904,0.020988107974881688,0.01835193329480847,0.0,0.0,0.00452923153962802,0.0,0.0,0.0,0.0,0.0015271382736242957,0.010792059032669991,0.0,0.006937391260645441,0.012007954609267756,0.0,0.0,0.008179984929151398,0.0,0.0,0.0,0.01628012670247633,0.0,0.00047303387958341634,0.0,0.00044387663238828416,0.001734176583627612,0.0,0.001800225657113514,0.0,0.0,0.014467933201619059,0.00021427072529151377,0.009265847680120027,0.0,0.01539391459885507,0.003866165066252206,0.0,0.012679835591006104,0.0015840972353717868,0.0,0.0,0.0,0.009638701819107085,0.0,0.0,0.0,0.0,0.0,1.0,0.0,0,normal,Normal
0.008120423628393034,0.005044974965893976,0.0,0.0,0.0,0.0,0.0,0.00298242645826469,0.9865638652881966,0.0019631473583005777,0.0,0.003660092370819686,0.006684038205533371,0.0,0.0,0.005375218771371385,0.009013180577441944,0.0,0.005808703247862763,0.0,0.0003353914260493171,0.0006171617758601902,0.0,0.0,0.004484156961964206,0.9973182472988751,0.0019234144849838576,0.0,0.3082754484870627,0.34671528584595745,0.8129956750964485,0.06313827647536832,0.010713616082462359,0.007321012170088379,0.023611204734999457,0.0,0.0,0.0,normal,0.0,0.9934928125513919,0.0,0.0062937173789065215,0.0,0.007883174576406495,0.0,0.013098155732091936,0.0,0.0,0.0019164780712463832,0.0,0.0,0.0,0.0,0.00541082402215997,0.0,0.0,0.006375398844723241,0.0,0.0,0.0,0.004045819232697688,0.0,0.011784173908772164,0.005534719677801367,0.003957055096767766,0.012446859727910417,0.016757479672620885,0.0,0.0,0.0,0.0,0.001728848000334608,0.015662032558842395,0.009098511415608461,0.006677067820198557,0.0,0.00842254971110833,0.009059688779480489,0.0,0.0,0.0,0.002390886373074343,0.0,0.0,0.00715459769865553,0.012620610870980724,0.0033891335304825033,0.005142222543677697,0.0,0.0,0.004674944403543774,0.012501762401632973,0.0,0.006273336375135858,0.001703566253844877,1.0,0.004637854691388415,0.010278281070391812,0.010930715215901703,0.0,0.002080291842384009,0.0069533416893172275,0.0,0.0,0.0,0.0035743145751788168,0.0,0.0,0.0,0.0,0.0,0.0145956761536236,0.0,0.0,0.008673473482500643,0.007824120743064525,0.0,0.005212384913843672,0.0,0.0098007236077037,1.0,0.0,0,normal,Normal
0.0,0.016657804435427515,0.00776579578393672,0.0,0.001174214884610779,0.0,0.0,0.0,1.0,0.0,0.0024236138408929337,0.0,0.0,0.013091771294787138,0.0,0.003602278185239727,0.009916221317014666,0.01139966331002442,0.0,0.01581926572968179,0.03998994928532239,0.0009095918466931468,0.014165340117930749,0.00786589356249401,0.0,0.9924835552012561,0.0,0.0010065747443688303,0.429538956429597,1.0,0.9805594641675585,0.011239397533559754,0.01636497682273647,0.016078174260969216,0.0025472866247233895,0.0,0.0,0.012520221184429374,normal,0.010907599964988359,1.0,0.008336136532293113,0.0,0.01388970130158774,0.0010910366341603272,0.002737964186888321,0.008307575083358424,0.0,0.0,0.0,0.0,0.0,0.004675077653791383,0.0,0.015289987085109674,0.0,0.0007441732175100932,0.0,0.0,0.0106921829479162,0.0029661219305828746,0.0,0.006152970515373925,0.009534560950000322,0.0,0.001959265066695044,0.9953258368956301,0.0,0.0176015727591166,0.0,0.0009476432008609787,0.012792506509930036,0.0018833593856312065,0.0,0.020158794942517166,0.0,0.0,0.009387492127955251,0.0,0.0022053242203366567,0.008262768943128171,0.0,0.00018467701729969185,0.005598292298098598,0.012010711594856728,0.000855593624366121,0.008075185135824631,0.0,0.004420531583819407,0.02217977462896667,0.015929220236927166,0.02192807490847515,0.0,0.013641288020373302,0.0012257524762957239,0.0010070691498835246,0.0006498525714338702,0.004723050783630213,0.0,0.018670954724482502,0.0,0.00020433995291996374,0.0022689616222868417,0.0005884144747439475,0.007109386782048799,0.0,0.0,0.004654457151857776,0.0,0.0,0.0015639865647704557,0.0,0.01690628261286396,0.0015325688068659245,0.0,0.0,0.001254411646719463,0.0008882330021411574,0.011209836931029536,0.006119905521177061,0.0,0.9806502862217418,0.004800832767115553,0,normal,Normal
0.016686061636942993,0.0012354202218857917,0.004473768276058609,0.0,0.007576423251549929,0.0,0.00850200631277849,0.0005761121099496101,1.0,0.0,0.0009362357739080362,0.0,0.007307548196050492,0.008220030049290828,0.0,0.010842918485902867,0.0015878821226803525,0.009282986500124995,0.0001126181422595813,0.008210214708355095,0.020702765695979116,0.0,0.0089807350508343,0.0,0.0,1.0,0.0,0.0,0.4828083539978322,0.7177985404375192,0.6152200310758972,0.03544607100125849,0.0,0.015366499017325062,0.009210243561123122,0.0,0.0,0.008113642750613994,normal,0.006479022209776933,1.0,0.0,0.0,0.0,0.005039248449317353,0.016508344960159883,0.01227218911330519,0.004080604568132129,0.0,0.0,0.006397503234687029,0.000606480677536086,0.003313309624730599,0.012403437303096817,0.0,0.0,0.0134759169292422,0.0,0.0,0.013652771718100079,0.0,0.00947644861025956,0.008383991547378589,0.0,0.0,0.0,0.007064457836168199,0.0036708797266422235,0.005746789514705217,0.0,0.0,0.0,0.007186544563355906,0.0,0.0,0.016818043212107205,0.0,0.007133237374306755,0.011557542697797019,0.0177520903396736,0.0,0.01549647656330278,0.0,0.0,0.001789258462999662,0.0,0.0,0.0,0.0,0.0,0.0019407857298135525,0.008390594007988679,0.0,0.00582697232902607,0.00892322285689964,0.025605513425527048,0.997752998977575,0.0021859286711986415,0.0,0.0,0.0024895127919170425,0.0,0.0,0.0,0.01066980100535218,0.011041726722399368,0.008855879092705483,0.0,0.0,0.013884229424342857,0.0040921869629376145,0.0,0.0,0.0,0.01833951152274241,0.0,0.0,0.004199653034481935,0.0,0.0,0.008639567824587148,1.0,0.005011268448307877,0,normal,Normal
0.0,0.006878544235663083,0.0023705795430676068,0.005495878540670559,0.001091480689858877,0.009983310221227774,0.0013093035385391392,0.003962252575428161,1.0,0.0,0.00953194503975791,0.0,0.0,0.0,0.0,0.0,0.0,0.01075956181394935,0.003836538889105081,0.06625061811572476,0.05192671686349991,0.013644643384314275,0.0,0.0,0.017769918654512714,1.0,0.02116566960755468,0.0,0.13978193236618475,1.0,0.9990044566609868,0.0010664739563440177,0.048846942415112504,0.022086609193987423,0.0,0.004674449065839638,0.0,0.005364019309312287,normal,0.012592739790334586,1.0,0.0036753788018795,0.0,0.007022841390372918,0.017929852875874508,0.01198534433934176,0.004385643556359385,0.003970288381111542,0.0,0.006065408610646597,0.007281357035772561,0.0053595640515615075,0.0,0.0,0.0031125547387817975,0.005395340427340986,0.0,0.0023986697854214444,0.007880498021766696,0.0,0.023679942751668598,0.008152191505626977,0.0,0.0,0.0005264811350869687,0.006624082909896403,0.9941018133866224,0.0,0.0,0.0,0.0,0.009985352028734637,0.0036715554025018417,0.0,0.004014510178341985,0.0035406885457953327,0.0,0.01908289186100783,0.0,0.0005354922377569365,0.0,0.0,0.009004281143034282,0.0,0.0,0.0,0.003277368910481121,0.009109785140032103,0.004542334603039058,0.0,0.0,0.0,0.0,0.0019461558210077153,0.007751082047085442,0.0091392878526877,0.0064880982448967195,0.00029078718328869334,0.0,0.0005179945498431653,0.014336113260785453,0.0,0.0,0.0,0.005391939104398786,0.0,0.007741080707805773,0.005231539495011638,0.0,0.0,0.017030713063071405,0.0,0.0,0.0,0.0018360567487301,0.004428527529786397,0.0,0.008815019367067729,0.0,0.028184201783056712,0.0,1.0,0.006576790532757992,0,normal,Normal
0.0,0.004698438820902604,0.013066326671205946,0.0029337322161531077,0.011302022375482692,0.0,0.021884002951139875,0.0,0.0,0.006183919340278887,0.0,0.005617064157908255,0.0,0.006458603708674421,0.0,0.0033705258811794958,0.004779238552332381,0.003831606746498081,0.0,0.0,0.008454349265834427,0.0,0.0,0.998028636422356,1.0,0.25394035757747724,1.0,1.0,0.9846932594750679,0.026831534910826824,0.01293104781784955,0.03221690676286016,0.010664659907289103,0.0015514137990305119,0.0,0.0,0.07351758226988996,1.0,mscan,0.0,0.9943449247024673,0.0,0.0,0.010508620699463874,0.0,0.0,0.0,0.00506080801238167,0.006896051673630688,0.0,0.0,0.0021204193946696877,0.0,0.0,0.0,0.004821180413090344,0.0,0.0,0.013808800209887872,0.02092645767555683,0.0021729157225111656,0.0037876793259740684,0.0,0.0,0.00784433160742668,0.00041858552740553035,0.0,0.0019801993995050165,0.0,0.0,0.014035802421835481,0.0,0.004619514157299645,0.0,0.016179176474627605,0.025415722708595347,0.0,0.015916930732744673,0.0,0.0,0.0,0.015493804006507812,0.011467956844352959,0.0,0.0,0.0035014665397211406,0.0,0.0,0.00412557843222243,0.010299891182837728,0.0,0.004652762750712542,0.002414624527946549,0.0012823226982726847,0.0,0.0030988432584305886,0.007088149894871643,0.0,0.00963659731840744,1.0,0.004255346014614999,0.0,0.0,0.007682860679056016,0.0,0.0,0.0,0.009928459208251207,0.0,0.007474147091580546,0.0035910396340325126,0.0,0.008165475598132394,1.0,0.009981981736334368,0.0,0.0,0.0,0.0,0.0,0.0,0.008950949255279434,0.0,1,mscan,Probe
0.0,0.017021732275683335,0.0,0.0,0.011267202026412656,0.0,0.0,0.00513731788124139,0.9902249896387714,0.0,0.0,0.0035533516561099916,0.0009594504954360938,0.0,0.0,0.005417339234135624,0.0,0.014048005066274672,0.0,0.015111556981163196,0.006661227381996147,0.0,0.012340828940767042,0.0014223690817254922,0.0,1.0,0.0,0.012149297785485551,0.15961826073781965,0.9920551267133849,0.9876279561825307,0.0,0.020965418201572706,0.06158955285986181,0.0,0.0,0.013383379487896769,0.010584399490209699,normal,0.0,0.9862993692106775,0.0,0.0,0.0,0.005866479816396961,0.01429558341491959,0.015127005923854677,0.0,0.0,0.0120493443883224,0.005940582236533483,0.0,0.012488670129720957,0.0,0.0,0.0,0.0,0.0,0.0,0.0,0.025687345334184198,0.015125258684905416,0.0020364582076558687,0.009913893403903057,0.0012282346056493834,0.0,1.0,0.0,0.0,0.0,0.0,0.003170680885644967,0.0021355881028859635,0.0,0.0,0.0,0.003187208656202177,0.0,0.0029246388735559977,0.00915790041399807,0.007288379854936184,0.0,0.01953209316638803,0.0,0.0,0.0,0.0,0.0,0.0,0.0,0.01716190149668979,0.0,0.010197554972577518,0.0024134946791007157,2.3041981002109124e-05,0.0010344494865074595,0.009261511523223197,0.0,0.01571942401345558,0.0014338568061591603,0.0,0.0,0.0,0.01710239882887871,0.0006528198227576096,0.0,0.011462125659881021,0.012281870534003998,0.0019542545102313857,0.0,0.0,0.0,0.0,0.02351092104252154,0.0014666767462956324,0.02369565659442893,0.0,0.0024909124157410354,0.0,0.0,0.0,0.9944709887089535,0.00490519141066249,0,normal,Normal
0.0,0.009447917820019794,0.0,0.009837109207469724,0.015433669435312805,0.0,0.0,0.003370079784842322,1.0,0.010633791037414117,0.009556801814392531,0.001992319111517531,0.01355890191281139,0.0,0.0,0.03206837838949874,0.0,0.0,0.0,0.009116986365495513,0.0,0.0,0.011518064586796354,0.0,0.0,0.9937292548959814,0.005587890784387817,0.0,1.0,0.520853209130032,0.5534095313771354,0.0011519051160277724,0.005227594879905238,0.0,0.007613054005139011,0.0,0.012286755505905952,0.004207403571211948,normal,0.009629709072453588,0.9952421943299902,0.0,0.0,0.01276269752673812,0.0,0.02158658833425018,0.011740370433322867,0.008680959856857368,0.015520538059985552,0.0,0.0,0.0,0.0,0.0,0.0040140782877701,0.0,0.0034230128218785826,0.0,0.0,0.0,0.0,0.004803252708744955,0.001848346820700403,0.0,0.007418453887277432,0.0,0.0,0.0,0.0,0.01236478673802624,0.0022518096032757874,0.008690564573361505,0.0,0.006487259647331552,0.0,0.0,0.005592652610596538,0.009851822510821177,0.0,0.011959957042388242,0.0,0.0,0.0,0.0015531647207443911,0.001717441883129469,0.0002396845927590101,0.01560624529758174,0.01993235931774387,0.0,0.004124691240905352,0.0,0.0,0.0037539172672329487,0.007700386285620733,0.0,0.018567252235413046,1.0,0.0,0.018138865786284677,0.0,0.016827393390686996,0.0,0.0,0.012211180408647208,0.0,0.0,0.0,0.0033571891618509753,0.0028343784762853144,0.0,0.000219180873859351,0.0,0.018054355188139384,0.0016159880209838356,0.0,0.0,0.009550483028638505,0.0,0.0025283355115965837,0.000390354845285601,0.010748445669283927,0.9986678957395736,0.0,0,normal,Normal
0.0005940974789619998,0.0,0.0,0.0,0.0,0.018873443645937415,0.007086534404091347,0.006961079358120141,0.0,0.0,0.008357707909566555,0.013523863280186595,0.007260723968446424,0.009865269986864092,0.009607996502481573,0.0,0.018652837279816547,0.0,0.0,0.4876795505035027,0.010095528685656104,0.005764879222419693,0.0,0.9827711784705518,1.0,0.01834346815264304,0.06314251935014537,0.0,1.0,0.0,0.011196942704743208,0.06010448289066158,0.004673579194574686,0.0,0.00199624177951366,0.004224450198285889,0.996997495329586,1.0,neptune,0.0,0.9900866969504031,0.0,0.0015363404170166276,0.0,0.0,0.0040571257411771994,0.0,0.0,0.0,0.0,0.009341169127685662,0.0,0.0,0.017671962604566566,0.0019904511797339632,0.011190654580706273,0.004482850732486913,0.0002951188380228,0.006082772362075715,0.003039235231573081,0.0,0.0,0.0,0.01172232098836779,0.020789204173259582,0.005318512367771423,0.0,0.0077930343408763635,0.0,0.00433972640485999,0.011635991394340597,0.01617955944440745,0.0,0.0,0.007926363647854715,0.0,0.0,0.015619978013236105,0.0,0.007848429254596298,0.007604613317980807,0.01164709928897572,0.01577775523660157,0.0,0.004019046742196025,0.0,0.0,0.0,0.0,0.01957046963840749,0.008319648929213823,1.0,0.0,0.0,0.0,0.0,0.0,0.0,0.0038418956026467638,0.0163635697925553,0.00165712813191161,0.0013849433075166875,0.012929989130616042,0.0,0.0,0.0010111207967092434,0.0,0.0,0.0,0.0,0.0,0.0,0.0,1.0,0.006501186519607151,0.0,0.0,0.0013718579829459273,0.0,0.0028359287982339895,0.0,0.020123366236700548,0.0022515046837858054,1,neptune,DoS
0.005788224911426227,0.004313617536267735,0.0,0.0,0.0,0.0,0.0035843927635728348,0.0007006794652842208,0.0,0.002410653079262995,0.0,0.0006980243014671496,0.0,0.01190675945319762,0.0,0.0039209784157720595,0.006403449408455054,0.0,0.0,0.0,0.019215067476424905,0.002484280371543273,0.01293164671022278,1.0,1.0,1.0,0.0,0.9865853424703774,1.0,0.14842474739920294,0.15186951123545633,0.03781642799888078,0.0021267946849538428,0.009085719739888882,0.0016317585328565983,0.009619235032674145,0.5490567985105296,0.9858471469236751,mscan,0.016896779104431565,1.0,0.0,0.0037988663843071175,0.0034676715134607135,0.0034617836809860943,0.0038192406366624504,0.0,0.00103261737761673,0.0,0.004074327605263884,0.013878036980632462,0.0023698634762061295,0.00370300963999863,0.012900536965928298,0.024610789256379086,0.0,0.008126948290483146,0.006367477936341571,0.008045685812619439,0.015172431816994927,0.0,0.017928713846298162,0.0,0.0036492547021015204,0.0,0.00013367970172562234,0.008784133738064016,0.0,0.0027059543219413408,0.0,0.9897755119327899,0.0,0.0,0.008691726330427406,0.004985775722243611,0.0,0.0008424253140168914,0.00908427922333017,0.0,0.0,0.012793496093518007,0.010384196478193079,0.0075685608485389425,0.0008162950728952295,0.0033531545893853805,0.004367465827372225,0.0,0.0008073453606543437,0.0,0.0,0.0013707941063851668,0.0007835638624911438,0.0,0.0,0.0,0.010965717259335482,0.0,0.0,0.008461298234441935,0.009609871825036956,0.016565555941496606,0.0038862791762997746,0.0,0.0021199078876073794,0.0,0.022793520549760544,0.027722662622964467,0.0006151882780062923,0.0,0.011986462970746585,0.01812708456514739,0.0,0.0,0.004857269571405873,1.0,0.0,0.0,0.0,0.0,0.012965881425116867,0.001690141923520614,0.005862811091315514,0.013528095716134064,1,mscan,Probe
0.005947003628194293,0.017050882062347922,0.001725760399310275,0.0,0.0024828559766200435,0.0,0.0,0.007801420009326809,0.9898419211643744,0.00024400284945350106,0.0,0.0,0.0,0.0018766376621086006,0.0,0.0,0.0,0.0,0.0,0.08963096707925731,0.08835058818926944,0.0,0.0,0.012645377277807115,0.005419895208675633,1.0,0.0,0.04806149549616359,1.0,1.0,0.9977398497132292,0.0,0.0,0.004870021448903422,0.0,0.012476548042416376,0.0005031511008685341,0.0,normal,0.007379750871834333,1.0,0.0,0.004896480735106898,0.0,0.0012950447582973895,0.0,0.0003649483039399841,0.0,0.0,0.0,0.008009929853235696,0.0,0.009325396840712924,0.0,0.0,0.0,0.016848436104732595,0.004062878045112549,0.0092921646589249,0.0,0.0,0.0,0.01028627402504048,0.021218080912866803,0.0,0.00045924084651264137,1.0,0.0,0.0,0.003278762058700798,0.0,0.004628796037561474,0.0,0.0,0.0,0.004986482453422165,0.0,0.0,0.0,0.0040724406745505145,0.0,0.0,0.0,0.016228189803988113,0.005847055847986092,0.0014037693748022756,0.00588395358482666,0.003729047210062097,0.0,0.0,0.0,0.007796723459354429,0.0,0.0,0.006899377418803055,0.0,0.018393059145190252,0.0007641230719529347,0.022865487993361883,0.0,0.0,0.0017390011863610921,0.01216133763607848,0.0,0.0,0.006363036087437533,0.0,0.010990271747766081,0.010189992140697606,0.006490565267894891,0.0,0.007758949887838863,0.0,0.0,0.0,0.0036036378081218375,0.003992217046901741,0.006640885656830421,0.0036930354867429523,0.003037062517351688,0.0,0.9822272024765278,0.0,0,normal,Normal
0.0,0.0,0.00723781508068414,0.017731276332470937,0.0,0.023671185629277117,0.2503450654583259,0.00032080064083847527,1.0,0.004058698178844837,0.0,0.006596456796665593,0.008446107620099041,0.0004943169591049323,0.0004045676501548618,0.009137958285236393,0.0007090959656075286,0.0,1.0,0.014441501022228164,0.0,0.0,0.0,0.015967856853272577,0.0,1.0,0.005759615061532083,0.0,0.15131758405186813,0.01703884395158938,0.09997077137136452,0.4373550026467353,0.026301116808402972,0.0,0.024954497442223552,0.0,0.0006612865149812195,0.0,normal,0.0,1.0,0.008702910930739794,0.0,0.0,0.003228135441429943,0.011870713437816219,0.008592064667636342,0.0,0.0,0.0,0.010756857235675795,0.0,0.0,0.018133996450662455,0.012855225068653015,0.0,0.0,0.0,0.0003508551350512835,0.011210787023662528,0.0,0.9981269473573778,0.0,0.0,0.0026498287350192307,0.0,0.00249366876409914,0.0019631511547359114,0.0,0.0,0.022773942618546195,0.0,0.0,0.005921495183233902,0.005581169025456504,0.0,0.0,0.0,0.00034634125046793855,0.013460043238699771,0.012982744128626305,0.0,0.012748959344065499,0.017568895946907907,0.0,0.014043772300582688,0.0,0.0033020512005998873,0.007753705027504298,0.008768511227876726,0.0,0.0,0.0011648477114732578,0.0,0.004829600200134413,0.011263582899548803,0.0,0.0,0.0,0.0,0.0013868453120811064,0.0,0.0,0.009469305003907882,0.0,0.0038586785213983667,0.0021891389554619337,0.005435998979886041,0.0,0.00874432273029778,0.0,0.0016919020373387778,0.0,0.0,0.0,0.01159143541796916,0.012464844827509019,0.0,0.0,0.002187456132591906,0.0,0.9931480954145502,0.017365339311036655,0,normal,Normal
0.0,0.006659517969898295,0.011038102037813075,0.00539893649560342,0.0,0.0,0.0,0.0,0.9925829645951186,0.0,0.0010426353382271634,0.0,0.005736611489843981,0.0006239016023437448,0.015130865688366014,0.00105985005445515,0.0,0.0,0.013208305567250786,0.014850896152724561,0.025740315225732783,0.002682977029300277,0.006789122535207109,0.020611711187618762,0.009262555106053597,0.9954003034458384,0.007852002995188163,0.11664502734254961,0.3891316725049476,0.9850801471361172,1.0,0.005829719029898384,0.02492410443123393,0.01407969548634768,0.0,0.00761188724569155,0.00034958310706675476,0.0,normal,0.010075415674043622,0.997147536393826,0.0,0.0,0.005302082907653121,0.0,0.0038870834017723237,0.0018265696657602634,0.0,0.0,0.0,0.0009186278109165577,0.0,0.0,0.0,0.0,0.0,0.0,0.0,0.011764054559275695,0.0,0.0,0.006460489041077308,0.006659056679337006,0.0,0.0,0.0,1.0,0.00012468985413533582,0.002272617518493821,0.013932051241195833,0.015437584784971495,0.0,0.010715094314722956,0.0,0.01101094018932333,0.010408591280631586,0.0,0.0,0.004597197362593625,0.009097665476543518,0.00801448551627361,0.0,0.009645313262230762,0.0015695355282558335,0.0,0.00047168330892500616,0.0,0.009517989182762759,0.0,0.015471981613165018,0.0,0.0,0.013573461972870132,0.0051480031674550645,0.02927126027555398,0.0,0.0,0.009311353435168932,0.009187333947167626,0.0,0.017933928544487433,9.55882960760908e-05,0.0,0.007043732526364484,0.009783387154530176,0.0,0.0,0.0,0.002545036507422059,0.0072391391119776514,0.0,0.0,0.02843068683452533,0.0,0.0,0.00970120702877125,0.0,0.0,0.0,0.0,0.017033598346403486,0.997469946210656,0.013226816360544298,0,normal,Normal
0.0,0.0030817771248004768,0.0,0.005064618380814789,0.0,0.015113834433241904,0.008877782834500796,0.0,0.9856818376599855,0.0,0.0,0.002623557594965696,0.0,0.011067019935519855,0.0,0.0,0.004632727820134966,0.022071238369919196,0.0,0.015365219307863517,0.01286142643185436,0.007983324969906034,0.006622854899512431,0.00792672659111625,0.0,1.0,0.02622515257125047,0.0008989671345904816,0.0,1.0,1.0,0.00019119521171447485,0.19433489142792496,0.024574502169752214,0.0,0.013484977876899342,0.0,0.0011522807984403387,normal,0.00665259939161329,1.0,0.0017459995511714622,0.0,0.0,0.0,0.0,0.013814734768007387,0.013659114656311094,0.009525154361445328,0.0,0.0,0.0,0.0,0.0,0.0020452928550186516,0.0,0.009535686994582036,0.0,0.008561835816185177,0.0,0.006118387259155152,0.0,0.0,0.0,0.0,0.0,1.0,0.006118642031471369,0.0015568224497635324,0.0,0.0,0.0,0.0,0.0,0.005172389953988933,0.0,0.017304076225682582,0.0,0.0009395222968323055,0.0,0.0,0.0036459421643658947,0.0,0.007550132533311477,0.0,0.0019519751972423725,0.0,0.009417989739486559,0.0,0.0,0.0,0.0,0.0,0.007789129444960452,0.005452388539096731,0.0,0.0,0.0008550224754867734,0.0,0.0,0.01518156919827445,0.011222095753568332,0.002495352321183929,0.0,0.0,0.001894787393998354,0.008372313238582804,0.0018724100689340559,0.004007725164316868,0.0,0.0,0.0170093529018892,0.0,0.0,0.006361134954781662,0.0,0.016966045887889986,0.003998904620041778,0.0,0.00511965061286872,0.018417927098283566,1.0,0.0024550459344561586,0,normal,Normal
0.0006184180885690639,0.014328632505454223,0.011451937225630537,0.005351910262196941,0.023218519992198098,0.012794074027210074,0.0005232774518517917,0.003955412689435845,0.0,0.01672313320399203,0.0,0.008925946400905051,0.014409463164930117,0.005825582475110395,0.0,0.009419800030538453,0.00694214111927643,0.0,0.0,0.9944958143298867,0.9917079377884299,0.006312941076796149,0.00987820595820974,0.016633024122342265,0.008352966977082777,0.9972550027682626,0.0029226288962897187,0.0,0.9911398659948731,0.5494077103080188,0.5548725673500233,0.011996887820929532,0.5480982218347741,0.0,0.0,0.0,0.0,0.0,smurf,0.9830376226094115,0.014679893094893178,0.0,0.0,0.001874948652002612,0.0,0.021858416393589885,0.0,0.0,0.0,0.010488191357517383,0.0,0.016270774587670494,0.0,0.001861389699017248,0.0,0.0,0.0,0.9945489632737656,0.0,0.0,0.024199061772681385,0.013569895442255259,0.0,0.0,0.004015446645919485,0.0,0.0190775899699397,0.0,0.019487406092287177,0.0,0.0,0.0,0.005953884863980311,0.008122839376475077,0.011629322483797394,0.0,0.0008627480326166981,0.0,0.0,0.0,0.0,0.017121754594779576,0.0,0.006367079379304326,0.0,0.0,0.013252319881482344,0.0,0.011640218619783385,0.0,0.0038963316504777717,0.0,0.0,0.00016947827047112182,0.002360650530688102,0.006205143216930226,0.005499028402317953,0.0,0.008097338318081224,0.00012149622729890881,0.0,0.009862976770597944,0.0,0.0,0.0,0.0,0.002312770009192775,0.0,0.0,0.0,0.011777344018566822,0.0,0.0,0.0029440556251735302,0.0,0.0,0.0,0.007243187577030944,0.0,0.0,0.014351818869602127,1.0,0.0,1,smurf,DoS
0.011679281437147684,0.0,0.0,0.0014280634113849032,0.010297405854157086,0.0,0.00549344334349778,0.003033733373961257,0.005650911929067504,0.010456317752322593,0.0037757859624381446,0.0,0.004846017357131223,0.0,0.0015384293843841105,0.004452489478510412,0.0,0.0,0.00626811578156214,0.0018901098386394145,0.0,0.0,0.012136712611644361,0.011181847730899537,0.017477647670543234,0.9870059574776852,0.0,0.0001551762164881336,0.07371498890908536,0.05458715542301625,0.1052764876125755,0.7583735514684624,0.07551719289588234,0.1724818909392244,0.010797796395440483,0.0,0.18548417570668876,0.0,saint,0.0025928617934169087,1.0,0.0,0.0,0.003502988100277955,0.0,0.0,0.0009257673407987263,0.005444318217833797,0.0037291661894581552,0.0,0.003988294812993257,0.01800729200242303,0.004073065826646669,0.0,0.0,0.0,0.0011489465275019068,0.006953743201402608,0.0,0.002716434558306651,0.9906661445950079,0.0,0.002560460991692214,0.0,0.0028644518891132835,0.028780775872364352,0.012821176494755868,0.0,0.0,0.018029579232371355,0.002477775904433534,0.0,0.0,0.009982626630028859,0.0,0.002436475896103387,0.006580206826656614,0.0,0.011967948778697566,0.0,0.006289503187646815,0.01711472772791121,0.0,0.008605284460784252,0.0039006259029242,0.0,0.012205478928618318,0.002710893420947288,0.007211067865048061,0.0,0.0,0.0,0.008030189439212604,0.0,0.0036909426068722213,0.0,0.0,0.0,0.0,0.0,0.004643359534046903,0.0,0.0,0.0,0.01132795072013326,0.019596626492294652,0.0,0.006280018096088068,0.0,0.0,0.02232710365876332,0.0,0.0,0.0,0.012630585220643031,0.007413376190394965,0.0074314819293971185,0.0,0.001278584014437352,0.0,0.0,0.9905384040402679,0.002774388288141566,1,saint,Probe
0.0,0.011675666017369862,0.006930758409311289,0.02381741062255977,0.014201085401281533,0.0,0.0,0.0,0.0,0.006730327534158416,0.0,0.015920820856564512,0.0,0.008734557025498833,0.0034199757266131286,0.002501683494846821,0.0,0.001040343190971664,0.005171274762926134,0.0,0.0,0.013873239748167574,0.0,0.9901359494522525,1.0,1.0,0.0,0.0,0.9973934155290199,0.0034579470909443543,0.0067237583467821506,0.7384483842673678,0.6983111330131433,0.0,0.0,0.00027131546738856714,0.7202239244492805,1.0,normal,0.01409199378081242,1.0,0.0032094335831997544,0.0,0.0,0.0,0.008178348043019212,0.015812299258196445,0.0010124922086394866,0.012870601396489594,0.011361416391490386,0.0062748795849391185,0.0,0.0004905658914853647,0.0,0.0,0.0,0.0,0.0,0.0,0.010067688600509453,0.0,0.001052246170525292,0.006004986166505278,0.013576235997178528,0.01571363878264172,0.0,0.0,0.0016173339502292528,0.0,0.0,0.0,0.0,0.0,0.0,0.01862100371965058,0.0,0.003898991831375949,0.0,0.0,0.0009715064532023579,0.0,0.0,0.0,0.0,0.0,0.0,0.9853274361231479,0.0,0.0026889663544655443,0.015692456864815206,0.005894854305621655,0.0,0.0,0.0040745688097693425,0.008481137733055186,0.01748475786868013,0.0008015407362352622,0.0,0.004025949996734008,0.014747463916885861,0.012763092849647065,0.02102757081076053,0.0,0.008615650138678477,0.006013324619227569,0.0064914525454785,0.013724217880503181,0.020759616480138354,0.0035932684948015467,0.0,0.0023706026650199582,0.00019583191903249693,0.0,0.0,0.0,0.0,1.0,0.0,0.008379231603081617,0.020207016748313093,0.0,0.001237747377878727,0.0,0,normal,Normal
0.014919125524294717,0.0,0.0,0.0,0.000534105548130044,0.015359262058353416,0.0,0.019232814004806406,0.9961008924999794,0.015000862118469568,0.009873384252346205,0.0,0.0,0.021717014018482108,0.0,0.01548711311667936,0.0,0.0,0.016785738446026724,0.0,0.0,0.0,0.0,0.0010030356374938257,0.0022811664194868865,1.0,0.0073994961128188595,0.0012931854790387948,0.3954797601518985,0.8229313566964201,0.8523489301888661,0.0392620939031901,0.008722157988763662,0.0011556759930499583,0.0,0.018957931135462035,0.0,0.007650815830393165,normal,0.015212479467334979,0.9952046247078544,0.014688544743261199,0.011754960266578107,0.014770873786864572,0.0,0.0,0.0,0.007944491361269351,0.01351962026147182,0.0032254013432464093,0.006573274191148938,0.0,0.0017042115719958918,0.0,0.006316653811813483,0.016410865440552435,0.014302683574414925,0.0,0.0024206292898289374,0.0,0.015876769556212676,0.01824741505767761,0.020828556594133723,0.004119141630944491,0.012352892878840728,0.020102782562323816,0.006241561002747621,0.025791223000411905,0.0,0.0,0.007088308251200032,0.0021487030215835688,0.0,0.008481190152507142,0.007410231020174601,0.0,0.0,0.0,0.00083806514691919,0.009566917539534644,0.0,0.0,0.0,0.008116842773828828,0.0,0.0,0.014018949911210212,0.0,0.0,0.0,0.0,0.003921761382893143,0.0,0.0,0.007995957301993923,0.015005214192937051,0.9873628241892823,0.0,0.013110643310838973,0.0006580227060127231,0.006501947891462513,0.0,0.0,0.0023129057483627,0.0008429067225188302,0.01202755054645145,0.005351618728859509,0.0,0.0,0.013872015006892946,0.005736007205390279,0.0024749932023698175,0.004371543919983028,0.0025167844266703854,0.013344944437271758,0.0032520175298830956,0.0,0.023279645488316146,0.0,0.006634070326970951,0.01648368105824878,1.0,0.01601915400250455,0,normal,Normal
0.0,0.0059936831171254505,0.0,0.0,0.0,0.0076025777497688764,0.011481713646877627,0.002262750607185442,0.0,0.0,0.0,0.0,0.009457688867640056,0.0,0.008084567566153042,0.0,0.0,0.0038844944418950644,0.02212842424011331,0.2758115731938236,0.0054248174244394595,0.0,0.012635781932594426,0.9949420024298699,0.9874697254151532,0.028752877423532046,0.04948649463493185,0.0,0.9862329940806472,0.0076960384070584205,0.024628260781846455,0.040282034211945726,0.0,0.0,0.009695012758399768,0.00554105289766094,0.998785163164195,1.0,neptune,0.0,0.989208338225831,0.0,0.0,0.010336780259736207,0.0,0.0,0.003834931099311008,0.0,0.0,0.01344623853721914,0.0,0.0,0.0,0.011874350422082118,0.006059308788114451,0.02013055597625378,0.0,0.014326554289260603,0.0013823082332454018,0.0,0.010408317308281921,0.00485711824548841,0.005196338316492022,0.0,0.0,0.008381421419412451,0.013069537457392713,0.0007639963263469452,0.0,0.0052357284666597805,0.0020473023960578068,0.022017943157866152,0.0,0.0,0.0,0.0,0.0,0.02092532532398044,0.007280878116707883,0.0,0.0,0.019124042664130435,0.012497904979709862,0.0,0.007296958468848095,0.0,0.0,0.0053906887721785115,0.017054929021630423,0.0,0.01450443680686061,1.0,0.013244747345954653,0.0,0.01324837696623626,0.0,0.003567027190725227,0.0,0.0028676513742071624,0.001495721417100206,0.01869716736076549,0.0011874466744610686,0.0,0.005963060555481427,0.004888823567254807,0.0,0.0,0.0,0.0,0.0,0.0,0.009093249736764147,0.0,1.0,0.0,0.0,0.0003897297913891829,0.0,0.0,0.0,0.0,0.00602926303476158,0.00021471494099780774,1,neptune,DoS
0.0,0.005507613534860827,0.009475353287354743,0.0023868015535143247,0.0,0.0,0.0059657216108525285,0.0,0.01658145910114946,0.004344284985813661,0.0,0.0,0.0028631614100188734,0.004040519072549108,0.0,0.0119937959182449,0.0,0.0,0.0166275874416141,0.9200931806624308,0.0,0.08164347843555966,0.0,0.9070111765446937,1.0,0.011859611826657752,1.0,0.0,1.0,0.010949173013091978,0.0,1.0,0.0,0.003812154771090263,0.03429220192837175,0.0,0.9508867637170341,1.0,satan,0.0,1.0,0.007885043007786512,0.0038905273046242607,0.001959061785302578,0.0025679475175591246,0.0,0.0,0.008589238971367529,0.0,0.0,0.0,0.013606993465260682,0.004524934573951357,0.0,0.014306925786442565,0.0,0.0,0.0,0.001577797608463593,0.006211064746720012,0.006299363066515831,0.013140411444160269,0.0,0.0,0.0,0.00799819370786925,0.0,0.005167439166377518,0.006544722126706074,0.0040575854479240935,0.0,0.0,0.017357615458527858,0.0,0.012122740788644183,0.0,0.0,0.0,0.0,0.0,0.00895212849828181,0.018323296316345376,0.0,0.0,0.0,0.007946836823986727,0.9945543653518792,0.0,0.018914977824912988,0.0,0.005964198520194581,0.0,0.0016357684091188613,0.002343976032750563,0.0,0.0,0.0,0.002822091254990627,0.0,0.0,0.0,0.015107364060475009,0.0,0.0,0.007782592469871425,0.0064243884370774685,0.010690496166195754,0.0074714424853510346,0.0,0.0,0.01837256613068661,0.00828723546561112,0.0029793332818881984,0.9905118220665899,0.0,0.0009971751953947426,0.0,0.0,0.0,0.0,0.00036946918384159796,0.004257262630024069,0.006374268961473332,1,satan,Probe
0.004016810842611406,0.001801949483568671,0.0,0.020553871301975807,0.015820968791025944,0.0,0.0027645015177351507,0.01073398032829494,0.009528371682181725,0.009903089673827015,0.0,0.0,0.002293644684409772,0.0,0.0,4.611652383862641e-05,0.0,0.0,0.008281889722831072,0.8110992254687902,0.8072074651644728,0.0,0.0077631533764143746,0.012405646020543852,0.0,0.9998482369377738,0.008230210577271376,0.0,1.0,1.0,0.9910169412756976,0.0,0.9972181508096692,0.0010785005024784113,0.009749571678332741,0.007069906008482744,0.0,0.0,smurf,1.0,0.011818991846197382,0.0,0.002396101428406711,0.0,0.0020379753926455827,0.0,0.0,0.016027114596766496,0.01601709199910496,0.0,0.018516761575451134,0.0,0.0,0.0,0.0004179219875517505,0.0,0.0,1.0,0.00326431814262811,0.01073680314986749,0.0,0.0,0.027016413174287192,0.0,0.0,0.0,0.0,0.0003139099411221057,0.0015939373562792133,0.009417943510465173,0.0010074022813982772,0.0016152984478377023,0.005250113810855216,0.0,0.0,0.0,0.00039286492841258047,0.006520697289599792,0.0,0.0,0.006377972894257918,0.011968493561993563,0.0,0.0,0.016133326227415964,0.005339303628727929,0.0,0.001410947113880481,0.009730919210001314,0.004070427349851083,0.005830730645707698,0.0,0.0,0.0,0.009891479475848527,0.0,0.0174830243924443,0.003237703885705925,0.0063938560332249365,0.004307969203199064,0.0,0.0,0.005158100223252751,0.0,0.00387980507678668,5.280933115712122e-05,0.0,0.0,0.00817806340707611,0.0048126175824316116,0.0066689673236125695,0.02143492038552782,0.0,0.0,0.0,0.0,0.0,0.005035922194689142,0.0,0.0014573771294432525,0.0,0.9964523846183648,0.004402991279669822,1,smurf,DoS
0.0,0.0,0.0009400959740987694,0.0,0.0,0.0,0.01910764466970063,0.0,0.9812802279741387,0.0,0.0,0.0,0.0,0.0,0.0,0.0,0.0022776848622293507,0.004262535033219784,0.0,0.01489903097771178,0.03106346581281491,0.012101840353377252,0.0,0.0,0.0,0.9935508603766815,0.0,0.005523746193582032,0.9868858840653444,1.0,1.0,0.00023077059632135776,0.0,0.0,0.011356832862473902,0.003524015687351313,0.007794325100694677,0.012393828015600327,normal,0.0,0.9906432484697837,0.00013389198490963857,0.0,0.0,0.012895451992460486,0.007937779702280157,0.018138974610356292,0.004805969723012224,0.007649471065786639,0.004566257787692742,0.011739103994590754,0.018269101943865537,0.0062765570922671725,0.0,0.0008680311458698205,0.0,0.0,0.0,0.0023604372682525204,0.0,0.0,0.0022873783704083607,0.011802189669903547,0.0,0.007199654422354439,0.0,0.9837417304938361,0.003989054740693271,0.0,0.010620794567520311,0.021197629333171947,0.0,0.0,0.001169091379215319,0.007501801343935663,0.002218459002591133,0.0,0.005172250448041701,0.019869725299855936,0.0,0.0,0.006321057192204874,0.0,0.0,0.0,0.014108732492143547,0.017200317492706747,0.0,0.015894140075075742,0.0,0.01716097164460031,0.0012484530853948727,0.0024974024800309314,0.0,0.0,0.0,0.0,0.0,0.007530503100583011,0.0002811731475599926,0.0,0.00495106965396647,0.0,0.0,0.0012139961809496994,0.0,0.02108610299274524,0.0,0.007197649813979111,0.0,0.0010739569547486016,0.0,0.009231313994786378,0.0,0.0,0.005903451181485434,0.0008061738743091585,0.003438195896503459,0.0007093285489501836,0.013913711906785305,0.0,1.0,0.02066876113781031,0,normal,Normal
0.0,0.0,0.006156392467366827,0.0,0.0,0.005583551884849559,0.0,0.0,0.0007755353624754427,0.0,0.0026501904180736913,0.0,0.005745034421060933,0.013773823469539186,0.02915628165216824,0.017091172656053175,0.003851855981643216,0.0,0.0,0.1968077158132542,0.023361662469743198,0.0,0.0,1.0,1.0,0.12508243749671977,0.04158301796946733,0.01135768290965721,0.999056671410429,0.03610965625437933,0.04795389623273862,0.06467343895839438,0.00025590808701327045,0.0,0.0,0.0,1.0,0.997245791801907,neptune,0.0,0.9998457574326656,0.0,0.005524881041767282,0.003796184577945564,0.0,0.0,0.001425390207370104,0.0,0.0,0.0,0.02247047503709458,0.0,0.0,0.007265608963156212,0.00032655500678030144,0.01190941906352315,0.0,0.009193250606536689,0.0,0.005463093523507261,0.0,0.0,0.0,0.009864606656031427,0.02164791502966172,0.009641130528548057,0.0,0.0,0.005671807202805663,0.0012757767701758104,0.0,0.006272562870377374,0.0,0.0,0.0,0.0,0.0,0.0,0.0,0.0,0.0,0.007978147605373296,0.0018591535730434739,0.0,0.003325811233491073,0.0,0.0011446875810592124,0.0,0.00791849368117857,0.012942622443590733,0.0,0.9978703347625896,0.0,0.002153015737591444,0.0,0.0,0.0,0.009675161249786653,0.0,0.0028414361863571503,0.0,0.0,0.012118195845790377,0.0,0.0,0.0,0.0,0.0,0.0,0.0058149466924539575,0.0,0.005610225243761535,0.0,1.0,0.0,5.7191952231995934e-05,0.016425377932335863,0.0,0.012417576547949116,0.0044210436548147635,0.009007814663213013,0.0,0.021428100480745643,1,neptune,DoS
0.0044097856499629665,0.003564883499013811,0.0,0.0,0.0,0.0,0.02465600615118626,0.014527436860678677,1.0,0.016791347050858847,0.006115770282807935,0.0,0.0,0.0031530885026340378,0.0,0.008427117052954436,0.0059431614314021265,0.0,0.9933437505130663,0.0010682700487936792,0.0,0.010641128965074303,0.008923089330136086,0.0,0.0,0.9892122608331381,0.0,0.0,1.0,0.09962944712075046,0.09008383821318532,0.03782384677645009,0.012074949006485891,0.012757616318259843,0.5505215087223309,0.005357558982004819,0.03822364715096534,0.0014520185850737772,warezmaster,0.0,0.9905881141766374,0.0,0.0,0.0,0.008612033195003298,0.00570306891714686,0.0,0.014850913951045189,0.00017390442123692035,0.0,0.0,0.0,0.0,0.013720486181477747,0.010139394893498029,0.010582708668889287,0.0217341951290619,0.0,0.006952711547628214,0.0067992032923547665,0.027591841493134407,1.0,0.0,0.0062389772420447485,0.0,0.009611888654895,0.0,0.009133343281210356,0.00462527616780865,0.0,0.0033747839164034238,0.0,0.009862129259409207,0.0,0.010654157166676115,0.016645629048655068,0.0,0.012251585592142933,0.0,0.015104250705524808,0.010542010232531656,0.012654455153187949,0.0,0.024766456317044598,0.014898944278754645,0.0,0.0,0.0,0.010109668749746203,0.0,0.0,0.0,0.0,0.004020358990349511,0.017016829914970548,0.0026634161858475535,0.006286344491065668,0.0010860781566727968,0.018807633646603858,0.0,0.0,0.0,0.0,0.025816031266408263,0.0,0.0,0.01277160253562723,0.0030571926883613725,0.004538288453766749,0.0,0.010670205336572636,0.009777452015984062,0.0,0.0,0.01162401643595886,0.004930402468334975,0.004236676252769701,0.0,0.0014908905194375547,0.0,0.00038798011759939876,1.0,0.005980791461287386,1,warezmaster,R2L
0.0,0.0,0.0012400785779760517,0.0,0.02655758669459483,0.0,0.0,0.00496808244830564,0.006560049649852886,0.0,0.007711792985607817,0.0,0.005869457099335206,0.0,0.00019460918685975927,0.0,0.009796874640976951,0.0031191782345349247,0.002219442759974575,0.2722494499560482,0.0,1.0,1.0,0.009904585119890692,0.0026558008594243887,0.03449378453351627,0.05017938335935919,0.00959784320487545,1.0,0.03123055379764065,0.012586737706517881,0.06386273993290478,0.0,0.0,1.0,1.0,0.0,0.0,neptune,0.0,0.9978386715856233,0.006357489035500474,0.02491821686885001,0.0044356442776985975,0.002641832310147499,0.00341432500847321,0.0,0.0,0.0,0.0,0.008469233056161629,0.0,0.006160906070831303,0.0,0.010141587531894416,0.008082622269354023,0.003502810330076544,0.0,0.0,0.011231390545499008,0.021607909504148544,0.0,0.0,0.0,0.003827383666178157,0.009670903817842868,0.010770226248960799,0.007985053599858913,0.009379812211399847,0.0,0.014897347699441768,0.005879381892916931,1.0,0.0073758900385355935,0.0,0.0,0.0,0.0,0.007313572856770138,0.0,0.016542494967662545,0.0034775060464034657,0.0,0.0003710751221429539,0.007253073510854551,0.016564200062564406,0.0,0.0,0.0,0.0202171168587424,0.0030548053872869146,0.006326995499226407,0.0,0.01944966037270325,0.0,0.01688093472585611,0.0,0.012999796741707915,0.010290775252691458,0.0031375486927016204,0.0,0.003562179172654471,0.006012756137155531,0.0,0.0,0.0,0.009293709034269819,0.011451588269723159,0.004771517071546009,0.012064298964136648,0.0,0.0024231407207397004,0.00389424477685159,0.019032551033333373,0.0,0.013853436333230001,0.0036787331731506423,1.0,0.0035656799118984183,0.0,0.0,0.0,0.0,1,neptune,DoS
0.0,0.0,0.0,0.0,0.002641592783992906,0.0,0.0,0.006486591596497966,1.0,0.0,0.0031933080508192453,0.011209076122781958,0.004914820165494784,0.0039147503056773635,0.0,0.0,0.0005144692817652616,0.004202716183898458,0.0,0.02643878046080097,0.022353816870062642,0.012371917305345473,0.006149765100776864,0.0015452245159184462,0.0,1.0,0.005298267525089551,0.0,0.181880129849025,1.0,1.0,0.0014317509494663106,0.018093076235348823,0.004720638214600618,0.013153786647332752,0.0,0.0,0.021374557286881726,normal,0.0,1.0,0.015661148755177177,0.0,0.0,0.00032708828492216074,0.0017865852220359574,0.00948751078934627,0.014059788867255923,0.0,0.0,0.0016474813602358055,0.011983691713344399,0.0,0.0019145435856469028,0.0,0.0,0.0,0.004503113134583586,0.01615951785541086,0.0,0.004257994875449629,0.014207483847610527,0.018292436361308898,0.00904620562099143,0.0,0.012813294576636325,0.9875383700105657,0.0011861090238250412,0.0,0.0005066044182669895,0.0,0.0,0.014913002236734264,0.024555542212752194,0.01714950041542664,0.0,0.0,0.0,0.0,0.013718833962829483,0.0,0.0,0.012726780956745088,0.0,0.008871602906900656,0.0,0.0,0.0,0.02753091167526767,0.0015111901701872657,0.0,0.0,0.008282051601005022,0.004399361456072284,0.0,0.0,0.008776212911175408,0.0,0.0,0.006648393054400933,0.019916863509197535,0.0,0.013161948341682274,0.0,0.020420890188046253,0.01935701070527556,0.0,0.0,0.0,0.0,0.00471671441860754,0.0,0.0,0.0,0.0066988864257671935,0.004071064993438056,0.0,0.001029632776444139,0.0,0.0,0.012948936765083114,0.987993609069139,0.0,0,normal,Normal
0.007121527265163713,0.003831765746973314,0.0,0.0,0.0,0.0,0.0,0.014944271168984202,0.9963487077695943,0.0,0.0,0.0,0.0,0.0,0.0,0.014334793168717176,0.002872595148197138,0.01149849398830648,0.027083675106448137,0.0,0.0038430289650569333,0.0,0.0001711299402647994,0.010907567271045469,0.005736116044371786,1.0,0.0,0.0,0.16276510800586413,0.9783197928840143,0.9928972766483597,0.0,0.026510231007413163,0.0,0.0,0.01457096868096538,0.0,0.0,normal,0.002103704898232426,0.992914698749282,0.0,0.0,0.0053889439629639145,0.0,0.0,0.003781521946594794,0.004332289414835579,0.010527969272507296,0.005215549364851941,0.0,0.0,0.006645280874518573,0.0079394860623055,0.0,0.007439075378610897,0.015515172513277478,0.007387127638525464,0.0030921002854620416,0.0,0.0,0.0,0.0032595722185117747,0.013939824620266337,0.0054369157313349315,0.0029708148110646104,0.9958093944906159,0.0,0.0,0.0,0.011072714593643507,0.0,0.0,0.016467841297066008,0.0032313895040733376,0.01582540078416081,0.0,0.012105388631626248,0.0,0.008038983068844426,0.0,0.0,0.0,0.00763713593595977,0.005986158551479306,0.007099472521908108,0.013160609912909628,0.011455257581942753,0.008008013963209956,0.0,0.0,0.0,0.0,0.010158921806879528,0.0,0.0,0.010441864564051521,0.0,0.0005653230426940218,0.010591817795398781,0.0,0.0,0.00010199351640178057,0.0,0.006479505214947297,0.01690216027682344,0.0,0.0,0.011013543436737404,0.0,0.006045689411973781,0.0013048959405043239,0.006348286416291693,0.0,0.0011859527357596746,0.0,0.008854108323408626,0.002397309166881245,0.004724017043868496,0.0,0.007920052082317325,0.9914685971703509,0.0006176367142917464,0,normal,Normal
0.0020866702859065624,0.0,0.0,0.0,0.0,0.021024238002904348,0.012196342630735546,0.0,0.014544727500190476,0.01093918084693335,0.0,0.006590815176633792,0.0,0.0,0.0,0.004830184256910205,0.006257895361773603,0.0031747459112932575,0.0027039088431840435,0.26023662722739366,0.029501258259301902,0.0015524193912730714,0.003483046615997901,0.9981365517299647,1.0,0.12700275855103615,0.059893363194524124,9.833952897818695e-05,1.0,0.07338315508652529,0.06907343751860817,0.0490508685140414,0.0,0.009880752595965561,0.0,0.0,0.9976101609906803,0.9907403319126485,neptune,0.024912633254384402,1.0,0.021851641577737026,0.011635171988783569,0.0,0.0,0.002442181260870215,0.0035914099515770037,0.017462168147592882,0.0,0.0016721828469889437,0.0,0.008989056284689503,0.008443133848779661,0.0,0.0,0.0,0.0037341265929404983,0.008111508816660893,0.015716467744439706,0.007646540090883848,0.0,0.0,0.0,0.0,0.010056244474270953,0.015114873168233392,0.0,0.012848106587016168,0.0,0.0,0.011642605607951073,0.0,0.00046741246732240614,0.0032055111988534436,0.0,0.0,0.0038864343949157653,0.0,0.0,0.010715778604764557,0.0,0.0,0.0,0.010738056650473973,0.0,0.0,0.0,0.0047145174191644025,0.0,0.0,0.013989838999095085,0.9950603362932654,0.00689925295615932,0.0,0.0009122477455785785,0.0,0.0,0.0007925969115492479,0.010725072470078388,0.013283743487084637,0.011470279128605635,0.0,0.0029433330480095076,0.0005232412833465463,0.005134618709109278,0.005170002440267139,0.016271570821378655,0.0,0.0,0.0,0.0,0.0,0.012004094282569305,0.9890811667528775,0.0,0.0,0.00019531783989440698,0.0,0.0,0.003024440962718585,0.004800794270124157,0.007474876412374446,0.016231616643842088,1,neptune,DoS
0.005302967718927392,0.023527607675944476,0.009957988948002023,0.015391415397784864,0.0,0.0,0.0,0.008748595452838384,0.0016607789315443123,0.014093045486132343,0.0,0.0,0.0053155313928123634,0.0,0.0,0.007500910946609045,0.0,0.004727104982136788,0.0,0.25380449385966725,0.01698161292447816,0.8457025942078145,0.9811452310285937,0.15957171097907102,0.0,0.0969322290850306,0.057988927921300865,0.006737086406639047,0.9965355973124839,0.03445026240900131,0.04170346315280595,0.06824600944971579,0.0,0.0,0.4382881299203824,0.9881195916030395,0.5631263174285467,0.0021243078379943746,neptune,0.0,1.0,0.0,0.026282667189859794,0.0,0.0,0.0,0.0,0.004632901834227105,0.001682958544585407,0.01587059499677728,0.0034184654124332697,0.006245610591867428,0.0,0.020249955448241996,0.0077737444452949615,0.0,0.0,0.003960876501018598,0.0,0.0,0.004470239627353518,0.009237461025159209,0.012571714157953159,0.01889798167728925,0.0,0.0,0.0,0.0,0.001504387787032962,0.0,0.0,0.0,0.002269403978414253,0.0,0.008078192877900644,0.009964571222059088,0.0,0.0,0.0,0.00409148619120265,0.0020440026541465105,0.004869027931330184,0.0,0.016507810850697226,0.0026252131077618545,0.0,0.0,0.0,0.0008149815971166432,0.0,0.0,0.9956841678301337,0.019852098301521574,0.006274542625212785,0.017818235537141618,0.0,0.01667366519714123,0.001342746560745202,0.0,0.0,0.006326727707725097,0.0,0.0,0.0,0.001896366744288155,0.015986117130648285,0.016001603608470104,0.006654028327524868,0.013370410823390931,0.0,0.0009525410233511303,0.011676776823988752,0.00866640281411862,0.011006842767415637,0.0009534159348963771,0.0,0.0,1.0,0.0,0.007432354780850299,0.0,0.0,0.0,1,neptune,DoS
0.0,0.007033899074370508,0.0,0.01524301987777933,0.0,0.0,0.004349941856293094,0.013773783595924516,0.0,0.0,0.0030336148509444044,0.011394834107121445,0.0,0.0,0.0,0.0,0.007505125888417165,0.01734168503532757,0.0,0.27772934066115257,0.01747722330248152,0.0018546930965519224,0.0,1.0,1.0,0.06944335893479658,0.0523082571163249,0.0,0.9822008734539032,0.05305090242750558,0.04714549413772521,0.04159473309466012,0.0038363527394074284,0.0,0.0,0.0,0.9997757106766145,1.0,neptune,0.022353813818001948,0.9946954228190006,0.006047260175187086,0.0,0.0,0.012928270105627039,0.0,0.0,0.0,0.0,0.002924485652591539,0.0,0.0,0.0014048769866865838,0.007308175134975551,0.0,0.0,0.002173435188978659,0.00556599839956772,0.01146737879246255,0.0,0.0015516977055331557,0.0,0.01166017424536975,0.0,0.0,0.003946583387309443,0.0015813436820770234,0.0,0.0017170767519675664,0.008806016476786051,0.01638131490944538,0.000925322611354503,0.0,0.020275459065795424,0.0,0.0,0.0007523329225366927,0.002524996092319275,0.0,0.0,0.0,0.004962756239438131,0.0,0.024341548917502318,0.005156131413947186,0.0,0.0034622116499377345,0.0060153199214219456,0.0019772819833795696,0.0,0.0,1.0,0.0014159150049518237,0.0,0.0,0.0,0.004433015416342524,0.003942056820334065,0.0,0.0,0.0,0.0,0.0007795477811453036,0.0014180353175730343,0.0,0.011960190517807601,0.006909670727801354,0.0009701703717076317,0.0,0.00738527438799418,0.0023638258914121728,0.015532481290936102,0.010397524302421772,0.9894668376899738,0.0,0.0,0.0,0.014198573287519679,0.0009647540379491283,0.0,0.0,0.0,0.002908806952038995,1,neptune,DoS
0.0,0.0,0.02434512445652338,0.023909687998587687,0.0,0.0,0.0,0.012373392253393406,0.9991991935717435,0.0,0.005054000871559487,0.008401805957024184,0.0,0.0,0.0,0.0,0.0,0.0,0.0,0.054910733008556326,0.06483190035801198,0.0,0.014163828849301065,0.0,0.0,1.0,0.013099229369684214,0.05690712298460152,0.9938432847296397,1.0,0.9922160650437885,0.0,0.0,0.01808744115758223,0.0073581991485783625,0.0,0.002804972130990599,0.0,normal,0.02632885734267957,0.9984829204853536,0.0,0.0,0.005110939157917072,0.017568508806723934,0.0020158600290871615,0.011982723526944999,0.0,0.0,0.012997031540051536,0.004013465133521817,0.0006871537741635044,0.0,0.0,0.0,0.0,0.0,0.006498467752749354,0.0012962845901208031,0.0017237872040238714,0.01021158756494673,0.0,0.0,0.012248598364890909,0.009535326872018603,0.0,1.0,0.0,0.009534989153290487,0.0,0.011314954028069169,0.0009600386240866632,0.007178613952076657,0.0,0.00011776911096919888,0.0,0.013413193721711947,0.0,0.0024018090340101167,0.012139701471020888,0.024059360733979844,0.009709859906363484,0.0009049732550428206,0.0,0.0,0.0,0.0,0.0008001351966485011,0.007846717727622852,0.011006346104385173,0.0,0.009727647553439377,0.0,0.003164351017123052,0.0,0.007112301698972005,0.0,0.0,0.0,0.0,0.0,0.0,0.012604462874215407,0.0,0.01594164723026718,0.0,0.0,0.0,0.009813124994088155,0.009030808448397517,0.0,0.0,0.0,0.0,0.003164324541489531,0.005465573442252521,0.00051444014252038,0.0,0.009899996936454953,0.0006678217857076391,0.0,1.0,0.0,0,normal,Normal
0.0018877495136428782,0.0,0.0,0.0,0.0,0.01212669850381732,0.0,0.009785937811289004,0.013239964624667094,0.0,0.0,0.0,0.000680349438250549,0.0033013288722171037,0.008585789757845887,0.001614662431860533,0.0,0.006045528164269973,0.004703676498202265,0.9583906487364136,0.9783731276708695,0.0,0.0,0.003008329766326699,0.010933848500066042,1.0,0.01057043498871584,0.0,0.9896618364639234,0.9959156462984025,1.0,0.0,0.9931642674532299,0.0069857643265534555,0.006158377814229675,0.002763422139506914,0.007527274393498598,0.0,normal,0.0,0.007998628417093557,0.995644924499538,0.0,0.0,0.014005764182258414,0.004849320112149844,0.0,0.0,0.0014783736534070494,0.007596759356166717,0.01632239501142039,0.0,0.0,0.0,0.007971363055517882,0.0,0.007029765372401617,0.0,0.0,0.0,0.002948339216538157,0.00210770456975014,0.0,0.009908539751746907,0.002390396173321645,0.0,0.004258506345961448,0.0,0.0,0.0,0.0,0.0,0.005538539716969944,0.0020673050977430725,0.007840704967028144,0.0,0.0,0.005249478724470698,0.003856919817111737,0.0,0.0,0.0,0.021251411219601352,0.0,0.01943506125345081,0.0,0.0,0.0037085869787839894,0.0,0.0,0.0073776718682185,0.9990798688532996,0.008677407046900721,0.0,0.013771350797694351,0.005434844193018384,0.013653145171664466,0.013881966799127952,0.0,0.0,0.0,0.0077865426680067415,0.0,0.0,0.0033564295114421735,0.013578314742691385,0.0,0.0,0.003042489058809329,0.0,0.0,0.008765983216183893,0.009105259822968743,0.0,0.0,0.0,0.006293693027180448,0.0,0.01281409421024489,0.0,0.006683291309700797,0.9958278186749653,0.008886368991237322,0,normal,Normal
0.004102727643118669,0.015833014674953568,0.0,0.0,0.0,0.0,0.0,0.006165499904075805,0.01033083485776595,0.0,0.006872762750158095,0.010347021754806519,0.004799830678263046,0.0,0.006630379223814439,0.0,0.0,0.0031039390770722128,0.008535814409150029,0.0004199644222819413,0.0189702587459899,0.009269710776271877,0.0052793749787660715,0.9932091200502691,0.9890915683807885,0.23913486642297946,1.0,0.824845088641082,0.41169238537202946,0.33399964113948694,0.2882252662280259,0.06401605207190238,0.013106101655757454,0.03929729270309622,0.020923077399632978,0.0,0.9179665236575834,0.6499065936399925,mscan,0.002905339748690715,1.0,0.012206724859232139,0.003991970601143359,0.0,0.005015805840958639,0.0023224880440876985,0.002737712629525231,0.0,0.0,0.002619489192693998,0.01118300443148583,0.007722801381762836,0.0055830044647781595,0.001651969086167819,0.0,0.009234319835018174,0.008317715508880451,0.01724292089004022,0.0,0.0,0.0,0.007090584512521537,0.0005653176102244519,0.002607474624054423,0.0,0.0,0.0,0.00012897585671149645,0.0,0.0,0.0,0.012331412975235797,0.005594072356644008,0.0,0.014057514358108406,0.0010067128159432477,0.0,0.0,0.0021487133521194803,0.00032720692623100154,0.012049365853041647,0.0204524225004932,0.0,0.001979285071437646,0.011159776490900473,0.0048528771227313965,0.0,0.005548069554965872,0.0051177776404592555,0.0036520302522065474,0.0,0.0016737233830488908,0.0,0.012855429065438951,0.0,0.005701690395318057,0.0006795042127482597,9.608211136026756e-05,0.003898280613964839,0.0,0.0,0.0,1.0,0.010374309452425378,0.0,0.0,0.0,0.0,0.0,0.0022959959626576315,0.004137144986151085,0.0,0.0,0.9858549346974219,0.0,0.0035457659331961737,0.0,0.000352737223560438,0.004781782582048091,0.0,0.00082437299787036,0.004799486938641551,0.0011473220909932703,1,mscan,Probe
0.1835033010498349,0.0,0.00970337718488961,0.0,0.0,0.0,0.0,0.0017648093103621713,0.022913757035366467,0.0,0.010293772996665564,0.0,0.0,0.0021211151982966675,0.020200752697086738,0.0,0.0,0.0,0.0,0.006838009571244027,0.0,0.0,0.003955150032441179,0.012410541813054067,0.0,0.9956649005719588,0.0036746974299579787,0.019645153195862512,1.0,0.7680127619227093,0.7708472962115701,0.22836046942373606,0.01149094307543936,0.0,0.489767403490139,0.6314612009125703,0.22662450931325107,0.022293810791281107,processtable,0.0,0.9980421363829961,0.0,0.007936938122416436,0.002464600679027332,0.0,0.011805861117360433,0.009356567149477397,0.0027460815799040406,0.008543374196447002,0.017530496363885078,0.0005707650001772963,0.005937286124718884,0.0,0.0016795740898046798,0.00687469299422322,0.00033415468506258183,0.006814429126068522,0.012471484506318152,0.0,0.003806548422824488,0.0,0.012267839990901024,0.0,0.0,0.004752861037935477,0.003974618652498473,0.0,0.0,0.02041747317351857,0.0,0.003794025398313333,0.00889266300667976,0.0,0.0,0.0,0.0,0.0,0.0,0.00883562445111321,0.0,0.0,0.0,0.009967905686145332,0.007543688190377432,0.0,0.012650896655608652,0.0,0.0,0.020012809980346855,0.0009386506607453528,0.022591939725234985,0.0028809159133679377,0.0,0.004632708301421407,0.0,0.007167067942263114,0.002081090452321765,0.0,0.002305692313428836,0.0,0.0,0.0,0.999308465007681,0.0,0.0,0.0,0.0,0.0,0.006786924819268667,0.00230899034372961,0.021948765290487948,0.009432251695340363,0.001042824631138039,0.0008317983111670544,0.0,0.013575142700241112,0.00022499064156935076,0.018637833365848372,0.0,0.01707758386550403,0.01423598859672638,0.9866797362539105,0.0,1,processtable,DoS
0.008833928514085272,0.015395043359931858,0.006050691331651717,0.00567455293875022,0.0,0.004225989054962671,0.004623834100689601,0.0,0.0066034163716087455,0.005692198155682254,0.005095053428398254,0.0,0.003221770712163632,0.0,0.004910301824261194,0.006154543876115043,0.010469543160532764,0.0,0.0,0.1270061143859344,0.15189610887938076,0.01818486187609498,0.0,0.0017625550073156202,0.011746490906919888,0.98993361453872,0.01164049968932719,0.0,0.9982752112898394,0.9964850985164284,1.0,0.020951357629794703,0.005472680934554513,0.0,0.0,0.0,0.0,0.0,normal,0.0049590418848862545,0.0034006270106736033,0.9881525705557535,0.0,0.006637842480388121,0.018666168464336757,7.770498673411099e-05,0.0,0.009931796250612775,0.0,0.0,0.0,0.0,0.0,0.0014671753014188107,0.9851540500105476,0.0,0.0,0.007010604259351517,0.0,0.0008634878075753042,0.0,0.009695637262905952,0.0,0.0,0.0,0.0,0.010097330140636964,0.0,0.0,0.0,0.0004279275562559722,0.0,0.0,0.0006121500730711192,0.0,0.0006753615570032373,0.004699303864249551,0.002614903292705855,0.0,0.010503349711087736,0.006695348445596556,0.010471252152389919,0.016792471069467393,0.0,0.016610294718050568,0.0,0.00631048942823899,0.0,0.01948928064849635,0.0,0.0,0.0,0.0,0.0012439182280605354,0.0,0.0,0.0037529398846212086,0.0,0.004329845685499474,0.0037318826409289585,0.008283360528136382,0.0076493033259513446,0.0,0.0,0.00719109954107912,0.0,0.0,0.0,0.0,0.0,0.0,0.004134052876606014,0.0010851356968758024,0.0,0.00017263051942348513,0.0,0.013542009779223919,0.0,0.004036760969532764,0.016741946534683923,0.0,1.0,0.001187002102368008,0,normal,Normal
0.005406653140455734,0.01030340003837843,0.0,0.008306374044151252,0.0,0.0,0.0,0.017720702593783007,0.0,0.0,6.513039748084699e-05,0.0003340696380004055,0.013027876147553344,0.0010402797485661818,0.0,0.020611161329916566,0.0,0.0008010381034326532,0.0,0.9540609706097374,0.0002156294988282909,0.07873361037711413,0.0,0.940713458556366,0.9995453684230265,0.0,0.9968999668905049,0.0,0.9987854682964667,0.007844687249949986,0.013103857787351328,0.9921295314314836,0.0,0.0,0.059823965586764796,0.0,0.9412622099156887,0.9876976618466405,saint,0.0,0.9996956219003511,0.0,0.009138140357235806,0.0,0.0,0.01275395114570363,0.0,0.005485023867866384,0.0,0.0,0.0,0.0,0.0030343802281774224,0.0,0.004583663022918483,0.003468448001124556,0.0,0.0,0.02939744594484938,0.0,0.0,0.0,0.0,0.003074926340898624,0.0,0.010702109463979677,0.015831883138348955,0.017512156992438372,0.00863829705932119,0.019839983218805434,0.014874894442487243,0.0,0.0,0.0,0.0,0.003264289115396757,0.019575974476088977,0.0,0.003911179361148395,0.0,0.0,0.0,0.0,0.011727402067407624,0.014124156978633347,0.002039644809612221,1.0,0.012419538005559705,0.0,0.010745388498648754,0.0,0.0,0.001613628338727042,0.00988358150954314,0.0,0.008408361688248486,0.0,0.0,0.03076091913099156,0.0,0.0,0.0,0.0,0.0,0.009199177724031017,0.0,0.0087998860353346,0.011073438175662371,0.0,0.0011812945071541213,0.0047687188938840995,0.020110869618271847,0.00502568512293115,1.0,0.011652952309669055,0.001896162928065451,0.0,0.0,0.00395639607965567,0.009138802377554017,0.009752526061984798,0.0,0.005665565588795004,1,saint,Probe
0.0,0.004795649452414137,0.0,0.0,0.0,0.001355521521809679,0.0,0.006552851188112994,0.9937887248817778,0.0,0.005527575133200519,0.018739135738906374,0.0,0.005704482284529413,0.0034892403534402734,0.0036706700868582055,0.0,0.0,0.02289021107048596,0.05385295038241197,0.06414322608669856,0.006730544681519833,0.0,0.008676341049024497,0.007423099599068798,1.0,0.0026006194793882936,0.06501606824092425,0.9888282264411313,0.9858225159086043,1.0,0.014748908273300823,0.0,0.007572466432650165,0.023162403948667896,0.0,0.007867722035936239,0.0,normal,0.004724345727628442,0.9953022481029342,0.008340057914288736,0.0,0.0,0.0,0.0,0.0,0.0,0.012021756303509186,0.01115045489713776,0.0,0.0,0.0,0.0,0.0,0.0,0.0,0.005961271877250253,0.0,0.0014606659087231452,0.0,0.0038018275983400236,0.017661889056577812,0.001069786790531768,0.009294605851069969,0.0,1.0,0.0,0.0,0.0,0.014079716899704291,0.0,0.0026556121290727424,0.0,0.0,0.0009628411684831937,0.0,0.0067872266735805745,0.0,0.0,0.0,0.0,0.0,0.0,0.002469098990715837,0.0,0.01349005629364738,0.0,0.0,0.0,0.0003179060685260353,0.0,0.0,0.01936867806992883,0.0,0.0,0.0062601275007627645,0.01870495904375978,0.0,0.010204309142340504,0.0034120371231594238,0.008972818857168044,0.013092471222955855,0.015593402134086772,0.00026629418332384784,0.0028761906733103014,0.0,0.005633950669473492,0.0,0.0,0.00188916720535259,0.0,0.005140270900376348,0.010248845967826143,0.017034516387906488,0.0,0.006800346430901493,0.0,0.0,0.0,0.0,1.0,0.0,0,normal,Normal
0.0,0.0061097186567704385,0.0,0.0005635672393097541,0.0,0.0,0.00878092056893442,0.1855520331466634,0.011761994457132677,0.0,0.009050024453334186,0.0,0.0037109693461401024,0.0,0.014877895021528021,0.003472149898504152,0.0,0.006547635016693098,0.0,0.00985712850840389,0.0017706208687838006,0.0,0.0,0.00015669121675732873,0.0,0.9998863801708214,0.006029073081844912,0.0,0.9702371149047969,0.9773243258620654,0.9755498859083322,0.0032517724686968496,0.0005959093621495657,0.00557028113461809,0.0,0.0,0.017251481465068837,0.01739773615741436,guess_passwd,0.0009965339850439392,1.0,0.0,0.02410399141242344,0.0,0.010366070289406734,0.0066612855509916614,0.0,0.0,0.0,0.0,0.0,0.0,0.0,0.0,0.0,0.011792201456521236,0.0,0.006324113272398305,0.0,0.005675871400696738,0.005879793108960013,0.0,0.005126506827818731,0.0,0.008798097165706462,0.008239951223570406,0.0,0.0,0.004316078758496815,0.0,0.0011424443856223176,0.0,0.0,0.0,0.005478567308718026,0.0164958735892047,0.0,0.013557090481239658,0.0,0.0,0.011399679179830017,0.008363354458997588,0.0,0.0,0.007023933895424772,0.0,0.0,0.0,0.018551700624113446,0.0051151487974350615,0.0,0.0,0.004282410335137194,0.0,0.027325129283464752,0.004633305759256853,0.0,0.013188048176837466,0.0,0.009238884431660172,0.0,0.01129976127153098,0.9919797796024229,0.0,0.0004630756340830407,0.001973796250971284,0.0,0.0,0.0,0.00464262834743308,0.0,0.0,0.005877029579585762,0.0,0.0,0.0007685171502279727,0.00297610242925068,0.0,0.0,0.0022850600721074183,0.0025196608726515803,0.995330071139158,0.002742088411370517,1,guess_passwd,R2L
0.005863099108166324,0.0,0.007010089235599887,0.0009678280986187663,0.0,0.014292842995653412,0.010459614023873662,0.0,0.9882046063894964,0.0,0.0,0.012633670628337914,0.0,0.0,0.0062718371582792,0.004592275766851881,0.0,0.015086087042035384,0.011411799538705183,0.0,0.0,0.0,0.0,0.0012819887384825862,0.0,1.0,0.002370240418443768,0.0,1.0,0.48657367755772485,0.49578532289776883,0.13872538402168125,0.0,0.0,0.0,0.0,0.4887317988766534,0.0,mailbomb,0.010270698410114583,0.9885673305463766,0.011585690459284634,0.0,0.0,0.0,0.009211857546403104,0.0,0.0032867912890000386,0.0,0.009300267128695704,0.0035966162385498413,0.0,0.0,0.0,0.008511324964782897,0.0,0.013371892957773612,0.0058431524028095885,0.0,0.0,0.006647451247677856,0.0,0.0,0.0011690341519708881,0.0,0.0,0.0,0.0,0.017570290991644505,0.005642302112060544,0.0,0.01792505684424215,0.006279616562798433,0.0004534740669081884,0.0,0.0,0.0,0.0,0.005303474783699195,0.0,0.0,0.014063464137542218,0.011776994391065821,0.0036433448086098685,0.0,0.0,0.007657842318691417,0.005783961017681488,0.0,0.015512481471892327,2.1035358500159315e-05,0.002363052527774952,0.0066651604401313895,0.015179077080962654,0.007895970393719212,0.004722371812646511,1.0,0.0059285211717302775,0.0,0.0,0.0,0.0,0.02240513550739361,0.0,0.0,0.0,0.00028644979143285787,0.0,0.0,0.0,0.0,0.007601836753874902,0.0,0.005448357934678477,0.010491165191247773,0.011543451850809098,0.0,0.0,0.0,0.0,0.0010086110101514326,0.9934559372783653,0.00392609299181329,1,mailbomb,DoS
0.000378436415622085,0.0,0.0026923744104387437,0.012540562628833025,0.005750312283269624,0.008422055399127217,0.0,0.0,1.0,0.013428819533241767,0.005938085510126934,0.0,0.0,0.002516584141278709,0.01397415759876449,0.0,0.0,0.01674937510134879,0.020655425782742026,0.004746998038145073,0.0,0.0,0.0009989976943837798,0.004374490307782589,0.0,0.9926750218640747,0.010441594270559016,0.010213687514432553,0.0,0.9953402371312546,1.0,0.01842144576116797,0.4839303237277839,0.0,0.006913056109741781,0.010589294005102754,0.0075567470379252445,0.0,normal,0.0,0.9682085322749063,0.0,0.0,0.0,0.0,0.0015793176137648688,0.007465491182321088,0.0,0.0,0.0,0.0016002821262458991,0.01651113545419958,0.0,0.013167450281980424,0.0,0.012170681612826808,0.0030392839499416542,0.0,0.0,0.0,0.01600229726448868,0.00026471067256891807,0.003523572997725491,0.0,0.004677405536783469,0.010444619940253239,0.9987460842073448,0.0,0.0,0.0,0.021617528655192696,0.0,0.0,0.0,0.019312298021253796,0.0,0.0,0.0,0.0,0.0,0.000677692840042723,0.011720011947245477,0.009482635737373804,0.0,0.0,0.001510606395823458,0.0,0.0,0.0,0.0,0.0,0.0,0.002982933809604424,0.012326618993115672,0.006705659726828802,0.0,0.015015575392714352,0.0,0.0,0.001921376140308376,0.007120316352426726,0.014134023076708394,0.0,0.0,0.009894413691313348,0.0,0.0068083184877075174,0.00781516553718778,9.058116206607973e-05,0.0,0.0,0.0,0.001352164418127427,0.008105831413707146,0.0,0.0,0.0,0.0,0.0071571045753844945,0.0,0.0,0.9967633657608559,0.009019893484983584,0,normal,Normal
0.0,0.0,0.0,0.013121730817296425,0.0,0.0,0.002687719279297072,0.00848682373361829,0.0,0.0,0.005276104586342237,0.000651003592171041,0.0,0.004386558934101533,0.012799449222932125,0.008767524290473006,0.0,0.0,0.0,0.5325465758448391,0.5276507211670906,0.0,0.0,0.007740558597980652,0.0,1.0,0.01382373868205299,0.0,0.9954160803191389,0.9955811718743789,0.9833426411200934,0.0023960991570685227,1.0,0.0,0.00546528240063157,0.0,0.0,0.0,smurf,1.0,0.009516760858005126,0.018574668107620977,0.0,0.0,0.0,0.0,0.004517258333435242,0.006521362840413115,0.0,0.017523473663742472,0.0,0.011442101977725716,0.011908178435764112,0.005934353743441299,0.006568720666349093,0.000321388756105931,0.0,1.0,0.0,0.0,0.0,0.0012221535249289331,0.0,0.0,0.02173356246287691,0.005926817748153956,0.0,0.0,0.0,0.0,0.013016923433953845,0.0,0.0,0.0,0.003830559417887724,0.01008642732697873,0.007901157144780598,0.0,0.0021707678273252618,0.0,0.0,0.00662676728849115,0.008672392090097635,0.0,0.0,0.0,0.0,0.0052954613245395675,0.009481797382358985,0.0,0.021343351900315125,0.01077684400627648,0.0,0.0021576769006449075,0.0,0.0,0.0022079463916017603,0.0,0.011886913027965296,0.012192380245745796,0.004751446637988795,0.004106857664528736,0.0,0.0001419490177228712,0.0,0.0,0.004266585941668023,0.012287884931286455,0.0,0.007373358450545515,0.0,0.0,0.01771076390984763,0.013095586061435429,0.0,0.0055745725719799,0.0,0.0019224754829079076,0.0,0.020727125720959864,0.002349347867167027,1.0,0.0,1,smurf,DoS
0.011706363705815603,0.005116672008535223,0.0,0.004574840157512985,0.011239283773354992,0.0020746842577184814,0.008001940522580785,0.0,0.0,0.0048401383449965096,0.002925255536059645,0.009115810340231437,0.0,0.0,0.0,0.005489623736032435,0.0036030226733863935,0.0,0.0,0.4312200040760719,0.0,0.0,0.013466729362136219,1.0,0.9975861837988528,0.015173667696393174,0.0791935200933012,0.012318751714463283,1.0,0.013377459937135829,0.010647964350262265,0.09034995852029534,0.0,0.011058505741823743,0.0,0.0,1.0,1.0,neptune,0.0014548098426928017,1.0,0.0,0.0,0.0,0.009099995679904563,0.0,0.007162604196063849,0.00944063923205389,0.002263180978739228,0.0,0.0,0.0003838068413122746,0.014252619969706568,0.004604335951896475,0.0,0.0029722500704806995,0.0,0.0,0.0,0.008158974038436037,0.0,0.013300213166089082,0.0,0.010319351811038926,0.007971012444205703,0.0,0.0064800084527417015,0.0,0.0,0.0,0.0,0.0,0.0,0.009979340914458144,0.003042365808209242,0.0003848139140061379,0.0020752122751896995,0.0006874281371124639,0.0,0.002441431530264139,0.006221703086666898,0.0,0.0,0.0,0.004043053280725252,0.0,0.002052389490706114,0.009990012626578672,0.0,0.0,0.0,0.9952615242536751,0.00808463025104797,0.0039771369179121266,0.021145308349424474,0.0026153077041274203,0.0,0.006988995162129531,0.0,0.0022353580561822743,0.015418371693110782,0.0,0.0,0.0,0.0031457518977369104,0.0,0.0180009267999131,0.0,0.01396298751846552,0.0,0.0,0.0,0.0,1.0,0.0,0.01721652858924105,0.0,0.0,0.0022588202320894426,0.004296024570696212,0.0052795114807455456,0.0006580044332463763,0.012001332837382958,1,neptune,DoS
0.005209387316263899,0.0,0.0,0.0023602983776168356,0.016530325546260403,0.0,0.0,0.0,0.9855694460557234,0.0,0.0,0.0,0.0,0.0,0.006059955647672927,0.0,0.018002714215930037,0.0,0.0,0.01873273368191844,0.04396898289759471,0.0,0.007877515423739958,0.0,0.0029978579242785296,0.9972224630812403,0.0,0.014664601219122343,0.8859364643764104,1.0,1.0,0.01099312440089915,0.008935480659433274,0.017861815576814308,0.0,0.006774621424338937,0.0,0.0,normal,0.016459603304722452,0.998598038657234,0.0,0.0,0.0021061579364416967,0.0,0.013771658730128634,0.0,0.008696921831740837,0.0,0.0,0.0,0.006894675843683559,0.0020421768151214358,0.0,0.0,0.0028862967625438354,0.0,0.0,0.004272554732746376,0.0,0.011653438587798066,0.0,0.028755403873206187,0.0,0.0,0.0,1.0,0.01078439952551567,6.212562132460309e-05,0.0032784357656404895,0.0,0.0,0.00596691598219526,0.0,0.0,0.00471813593421615,0.0032018401261769175,0.0,0.0022985130075936157,0.01807512532810963,0.016990555197403473,0.0011284588010615564,0.0,0.006216365235246386,0.0018591088326640505,0.0,0.0,0.0,0.0,0.008236470809952042,0.01011161762261628,0.0001394868225840827,0.016503484763707135,0.015759719844237276,0.0011400799258593469,0.0,0.0,0.00024378319111885077,0.0022867815581873504,0.007502148284846501,0.0,0.00016545462077495327,0.0,0.006370804711857796,0.008450761870561225,0.0,0.02278347894242984,0.0,0.00016512151051949471,0.015398891447000403,0.016358904730389007,0.0024921896309791866,0.005091557564480535,0.00571050099607701,0.008277411883348037,0.0,0.0069270211814464275,0.0,0.0008122662898853329,0.0,0.0,1.0,0.006499653110394912,0,normal,Normal
0.0,0.0,0.0,0.0,0.0032423591817407004,0.000875688115906172,0.0,0.0,1.0,0.0,0.0034788217450656194,0.0,0.009544935356679505,0.0050828492812257575,0.0,0.0006375906309868265,0.005058412492048139,0.0,0.008606213432561047,0.0,0.03078338849130833,0.009754177586081627,0.0,0.0,0.0,1.0,0.0,0.20024565012022796,0.38555814986573234,0.9920612449287702,0.9956031476111347,0.0,0.0016232766252604423,0.0026838799763957465,0.0,0.0,0.0,0.0,normal,0.0016696468910450952,0.9991739241045716,0.0,0.0006964457885679677,0.0,0.0,0.008693843220672856,0.009133844816598664,0.00478648130962795,0.012425696633698007,0.0,0.0,0.010554930308293973,0.0,0.010006167260374583,0.005256985687197525,0.005253338199182685,0.008510101322564025,0.0,0.008856075485951685,0.0,0.014001297377741622,0.010431828039596825,0.0,0.0,0.0,0.0,0.9974724556363498,0.018229906313712897,0.0009585790532649085,0.01206345473307734,0.000887967203913923,0.0016853440146151664,0.0,0.0,0.0,0.0,0.004353067539096621,0.0,0.0038505120882860824,0.00012505928339727907,0.00038708082148816925,0.0,0.0,0.0,0.0,0.004759476114662174,0.011400841326688074,0.0017596193039593642,0.007162008971705087,0.0,0.0037444854659869535,0.0,0.0,0.017873452280468684,0.0,0.0,0.0,0.0,0.0,0.0,0.0,0.0,0.0,0.0,0.0,0.007128965114473433,0.012050315139674124,0.0,0.011601873048354252,0.0,0.019139180794507868,0.0,0.0,0.007435860375004503,0.0,0.0,0.0,0.014696527423076717,0.01107181282060792,0.0,0.00937493501097686,1.0,0.018578756422676958,0,normal,Normal
0.016482747141863124,0.0,0.007565173787897401,0.00820345366204219,0.0,0.0,0.0047012455043559005,0.004743264860086611,0.9909940011679539,0.0,0.00216105209515875,0.002866016696265689,0.0027072196276244132,0.0,0.0,0.004267271642356545,0.009618044394294287,0.002581084775930042,0.01626233258300463,0.0,0.0020197677299111034,0.014195984318581779,0.0,0.0032808495897245146,0.0016922684081969758,0.9918791233807243,0.0,0.5114593454195634,0.9976626554404143,1.0,1.0,0.0,0.01917360880661332,0.0,0.003695994086507017,0.0,0.0028005183792819684,0.005400331082543748,normal,0.0,1.0,0.0,0.0027382909080131217,0.0025115349821699527,0.013899610138102876,0.0053938127899970725,0.0,0.0,0.0,0.0007813154302164156,0.0,0.012490958117530315,0.00401690167468325,0.0,0.013224691216697022,0.018166307054010736,0.004840498844723715,0.002635156874277525,0.013920445543473324,0.01076371634613759,0.013857405605250816,0.0,0.0,0.0030806547840571386,0.00814375828216316,0.004030406964643614,0.9892166633706776,0.0,0.0,0.0,0.0,0.00878860792643501,0.0,0.0,0.0,0.011522416406666606,0.0,0.0005112274889013682,0.0,0.00021166820377117645,0.0,0.0,0.0,0.0,0.0,0.0027441984388062784,0.013370312599713132,0.0,0.0,0.010351067803662713,0.0056460985270176635,0.0,0.021245358194776257,0.0,0.0,0.0,0.0,0.017349429153017654,0.0,0.0,0.0,0.0,0.004381811015661146,0.0,0.0,0.001400460827894455,0.0,0.0,0.0,0.0,0.010856970185754556,0.0,0.013861742338704963,0.0,0.0,0.0,0.0,0.0,0.0,0.012800158776378886,0.0,0.9955805001598547,0.0,0,normal,Normal
0.01401043458255371,0.0,0.0,0.0,0.0,0.0,0.0,0.018179077126135243,0.0,0.0,0.008461124478895311,0.023021170914732256,0.015776658467278583,0.013078648327491773,0.011126015473801867,0.0,0.0,0.0174034166591105,0.0038028668153948096,0.2556771712391506,0.02445142295887581,0.0017252924830739767,0.007839472723499788,1.0,1.0,0.0871674360538327,0.05669179266854296,0.004067683044681669,0.9944689733367744,0.0457920265749463,0.04537877053848653,0.04756488262825553,0.003594138577290222,0.0,0.0011572079878641155,0.014656357690742949,0.9963865109277106,0.9967142722564791,neptune,0.004089109104539976,0.9890886041431539,0.007898409955953261,0.0,0.0,0.002492230785617587,0.0034230117717651823,0.005399168959503264,0.010170815199967084,0.008713930546640845,0.0021560594266055028,0.0,0.0,0.009276122911126271,0.0,0.0,0.017448499915584077,0.002962350582588605,0.0,0.015251516495270305,0.009714801486439618,0.010505683441733304,0.0021203215776090553,0.008765109857346397,0.0,0.0,0.0022084224835624247,0.001012200858743592,0.0036272244747033344,0.0,0.0,0.0,0.0,0.0,0.004740927705224592,0.0,0.005118143764758013,0.0,0.0,0.0,0.0,0.0,0.0,0.0028025022239504655,0.00982907074295019,0.0,0.01733720314099801,0.0,0.005814072304641513,0.0,0.0017102850047972169,0.021114590649218494,1.0,0.0,0.0,0.0,0.009445697349514243,0.0,0.012185462392028994,0.010389218363948169,0.005103870947640897,0.003739854397171385,0.004523576919128119,0.0034569923500535715,0.0,0.0035512034560346933,0.0,0.0,0.0,0.0,0.0029081672128885563,0.0,0.0014178843350449019,0.005119436520149016,0.9940270690899762,0.01172935002208064,0.0,0.0019044538717080956,0.0,0.000507121994550266,0.013189243113766567,0.0,0.019119291168714744,0.0,1,neptune,DoS
0.0,0.0,0.0,0.003699854666895934,0.0,0.0,0.005496591730718112,0.2026969515036923,0.0008738443274523059,0.0,0.000875170858921326,0.0,0.024605216490372867,0.0,0.0,0.0016625612964408002,0.0,0.0,0.010428427201431827,0.006495725075659674,0.0,0.0,0.014650140098209155,5.71700109410141e-06,0.0,1.0,0.012813341491410507,0.0,0.9842703876025863,0.9968230983462716,1.0,0.0,0.0,0.0,0.0063040346450684735,0.0012617766841594655,0.034753972494841724,0.02524141721579173,guess_passwd,0.0,0.9978780660549651,0.004811828415253011,0.003398242245139972,0.00358279550067621,0.0,0.007198402436468123,0.0,0.008685393051327005,0.010210114699132416,0.0,0.011182440821387014,0.0021768912655934012,0.0,0.0,0.0,0.0,0.0,0.0,0.010446997645598772,0.0,0.0052092852978666785,0.0032636622074117857,0.012664542402190738,0.0,0.01567289809757011,0.0010967437578865064,0.0,0.005415647593264368,0.002503746669080612,0.0,0.0,0.0,0.013226404012593094,0.0,0.001577541289267441,0.0023446629069456605,0.0,0.005831944279555559,0.00632798345233029,0.011051532868604125,0.0008239052499544186,0.0,0.002761430786552686,0.0,0.0,0.0,0.004704210225471135,0.0,0.01393825187499292,0.0,0.0,0.016188718483775077,0.0,0.0030960609320907907,0.0,0.0,0.0,0.0,0.0029589650514192036,0.0,0.0,0.009955992473203721,1.0,0.0060848915246210005,0.0,0.0,0.015548418438966491,0.010276278669139605,0.0,0.003528198420973695,0.0,0.0031371237564963086,0.006914682415261353,0.009371176053110648,0.0029763066981839037,0.00917463299009789,0.0,0.02005775831408245,0.0002792881058285749,0.00704014738494477,0.0,0.9921836337087367,0.005957807077882317,1,guess_passwd,R2L
0.0,0.003827987109934945,0.002391571443764682,0.0004228821483873408,0.018653041313393057,0.011673524648412344,0.01519900521789211,0.0,0.0,0.0,0.005556344674983896,0.009620790200625418,0.02571776718503252,0.0,0.010878456506633712,0.0,0.0,0.016669987179647325,0.0,0.462997955216292,0.023424581820780967,0.0013010130193922252,0.0,1.0,0.9898938617308737,0.0367894567507297,0.06581990820440828,0.004200537539121837,1.0,0.07157425128401547,0.044916003466090336,0.055223944830137844,0.0,0.0,0.0,0.0,0.9946411536348678,1.0,neptune,0.0,1.0,0.006480351663530346,0.0,0.0,0.0,0.0,0.0035857208585453803,0.0,0.00615071072208219,0.019443729013679717,0.0,0.022957741828217207,0.008127603515735592,0.0,0.002547297253059428,0.0,0.0,0.009094872061261859,0.008128379100699395,0.003518287987243183,0.0009082143827459562,0.005150433301912271,0.01682941613045919,0.013269201103670372,0.002653067789435171,0.011752100187560146,0.005100261836959445,0.017067221605008863,0.015069566740062613,0.0,0.0,0.00886036501918439,0.0,0.0,0.005053549175445364,0.00737166893790742,0.011444336168674912,0.009213354190088821,0.008316148946016308,0.0,0.001189190788764434,0.0049092900684290924,0.0,0.0,0.009013199296636451,0.0016166394644549235,0.0,0.0,0.004471825886377297,0.0,0.004021115455315107,0.9942065751706556,0.0162886398885274,0.014202501590476613,0.0,0.0,0.0,0.011132896567253412,0.0,0.0,0.0,0.0029326775340327506,0.00945022255424459,0.020374271386584857,0.0,0.017875833330060445,0.0,0.001963198371309776,0.004629987924348721,0.009882442870468806,0.0,0.012474193773570837,0.0,0.9954128323561129,0.004093489233292918,0.005275480772812704,0.0032006590098105966,0.001707912440863901,0.0,0.001744680184635992,0.0011318664984153062,0.0,0.0,1,neptune,DoS
0.0,0.0,0.0,0.0,0.005416319722503666,0.0,0.0,0.00789856393816764,0.0,0.0018035933144872084,0.0008297728330088264,0.0,0.003087184298848112,0.0,0.01722621914276074,0.0,0.0,0.0,0.012634400329568592,0.5067351856204452,0.00913746301417657,0.018510700588829303,0.0,1.0,1.0,0.05172301541567319,0.06352355986046937,0.0010263067799898336,0.9970603388280108,0.03657846929753429,0.03991389899278303,0.07817557166852875,0.0,0.006326593617685497,0.005698153182355985,0.0,1.0,1.0,neptune,0.0,1.0,0.0,0.0,0.0,0.0,0.0025339071896857512,0.0032219506538936305,0.0,0.0,0.009260726097514872,0.0,0.009925592084882823,0.008992870630632014,0.004806658924197625,0.0,0.0,0.0037818648452760573,0.011725280952540346,0.009537851263498416,0.018353224452527597,0.0,0.009296322590598392,0.004388828343278846,0.0005972870076585134,0.0,0.0,0.0,0.0,0.0,0.0,0.0,0.0,0.016507463244203113,0.0009048288124427935,0.0,0.0,0.012086374562277187,0.001737101104851775,0.0058795812391048375,0.007574997712153809,0.0024788502268226795,0.0053038251247966295,0.0,0.0,0.0,0.007085887397251332,0.0,0.0028019007774235695,0.0,0.01492741283205025,0.018230395361058666,0.9922543024215966,0.0,0.016642577342750903,0.00899662153224444,0.0,0.010769363331649918,0.004363761135182661,0.0,0.009093023274580975,0.008416128488188315,0.0,0.0012229026731609778,0.0,0.0,0.0,0.0,0.0,0.0014488017107457066,0.004268743040020773,0.004395879989192634,0.0028845890874782567,0.0,0.9968074736685391,0.007883311753844569,0.0,0.007450390991207433,0.0,0.008734840622490582,0.006145194455609329,0.0,0.0,0.004363205426720651,1,neptune,DoS
0.009440189788790736,0.0,0.002062574664678756,0.0,0.0,0.007005417425969482,0.0013904069131031019,0.0,0.0021951576896961787,0.00048815047801696886,0.010658050685665879,0.002327017172069193,0.0,0.001146070223125547,0.008524360110264854,0.0,0.00025009126814571156,0.0,0.0,0.0025681864267500442,0.0,0.9949244864427029,0.9885999851488928,0.005718708976846808,0.0,1.0,0.0,0.003577246839399215,0.5675377810203057,0.009410922418937878,0.0007242024522891143,0.9859909032501549,0.9851244131085596,0.0,0.9886528290311014,0.9770504214784641,0.0,0.0,nmap,0.0,1.0,0.0,0.001004577554760209,0.011060671790521595,0.001573045784987922,0.0,0.0,0.0,0.0,0.0,0.0,0.0,0.006214263933285153,0.0,0.0,0.026501796735920014,0.0006198280942653273,0.0,0.006679118550250542,0.0,0.0069911395093399135,0.006873699949980605,0.0046958302774014835,0.0,0.0,0.005547529044470482,0.00019196895389619499,0.0004855068138115004,0.0,0.0,0.0016289842834534877,0.006524974010080202,0.00765804851284029,0.0,0.0,0.0,0.0,0.0,0.0,0.003961926883322908,0.0008820972123461503,0.0034158025638260483,0.01771448434701123,0.005539005028171139,0.003992746295249457,0.0,0.0,0.0,0.009426972391988121,0.006529508703208565,0.0,1.0,0.010271373706015132,0.0,0.0,0.0007350159329858615,0.0018616489483533993,0.010994019877703622,0.0035686495897424746,0.010820947569744223,0.011955690307791554,0.006136499822877184,0.0,0.0,0.0,0.0,0.0023847691703228857,0.015280086049643177,0.0,0.0,0.01404696886941761,0.0005003023060626131,0.001837711466202355,0.0,0.013325428111544578,0.0,0.01579086835026303,0.0,0.0,0.0,0.008246935814658357,0.0,1.0,1,nmap,Probe
0.006649974337669672,0.01450553455230947,0.011219891155163279,0.0,0.0070205182327009764,0.0,0.006551763798645321,0.007820159400870465,0.0,0.0,0.008463584164463854,0.0,0.0,0.0,0.0,0.0016301620078904447,0.0,0.004223281562305371,0.0,0.007586155391303402,0.0,1.0,1.0,0.0,0.0,0.988815618246745,0.0,0.0,1.0,0.5447021907780971,0.5616862344854643,0.02892681288395868,0.005474149720134187,0.021623997434250395,0.2636118337770098,0.46171640319540225,0.10290347954411795,0.08117760849481825,processtable,0.0,0.9884364512845596,0.0030080655354664406,0.004487990747820387,0.0,0.0,0.0017353838262890587,0.0,0.0,0.0020272814254894645,0.0,0.0,0.0,0.006283341711445649,0.0,0.008586123980122573,0.012649007095455283,0.015564610674040365,0.0,0.005045892002476044,0.007687423436549213,0.0,0.007594282684603022,0.013678545085880052,0.0,0.0060661576610609716,0.004029607377006356,0.0,0.0,0.0,0.0012881631330638782,0.0,0.015656768585770392,0.011826375194292226,0.0,0.015006469730157262,0.005695808139500409,0.011766171040807018,0.004971119694610374,0.0,0.0,0.013648755721586234,0.0,0.002340042863861545,0.006964041670286335,0.0,0.0,0.0029886637771118396,0.0,0.012065021382956518,0.0,0.0,0.0030198158335788846,0.0070524597407986955,0.0052844580498293435,0.0,0.0,0.00037286344720086024,0.0,0.005175210709261431,0.00047383477621785173,0.0,0.002349110626465653,0.979922862455425,0.0,0.0006271924888199022,0.0023908563413696515,0.0,0.002863428684939263,0.0,0.0,0.01413995094921729,0.0,0.005698108171360627,0.005966707896416412,0.010983005249200197,0.0,0.0009307084271247432,0.007257495266237764,0.0,0.0,1.0,0.0,0.005836338994488407,1,processtable,DoS
0.0,0.009642983419051617,0.0,0.0,0.005132834173709938,0.0,0.0,0.01941368099733103,1.0,0.00022990341275150477,0.0,0.0,0.005404868634044756,0.0,0.0,0.0,0.0,0.0022151445533401333,0.03153267034977609,0.0,0.026284965952030122,0.0,0.0,0.0,0.003400655975019177,0.9881925768512931,0.020130591226790538,0.0,0.9183775872570461,0.5591623583199973,0.5787644219175218,0.026626286964468233,0.01328800956568697,0.023651036023307086,0.008760428583692591,0.005002236473685812,0.005770242289910226,0.005536476477323162,normal,0.012258766780261032,0.9984519215481299,0.014006582068896205,0.006280953791804531,0.0006661389376817663,0.0024479325502911016,0.004527522049821336,0.0,0.019536724717831407,0.004933684099718868,0.0,0.009676862613007388,0.0015394281274623495,0.0,0.0063536499628614644,0.0062711499492346156,0.0,0.0019556509608444784,0.0,0.0,0.009211695674865746,0.0,0.015161744751735,0.0019466972559218905,0.0,0.0,0.0,0.007201295546697833,0.0,0.0036708469556971024,0.014391722678775094,0.004892050589249026,0.011033820735829526,0.00039115895727058177,0.0,0.0030417619853671464,0.0,4.518115526450354e-05,0.0,0.0,0.0,0.0,0.005151381554691112,0.006725284854135716,0.007878206407487291,0.0,0.0,0.0,0.0,0.0008947224151358759,0.0,0.005073481751687052,0.008953971093077849,0.0,0.01490962526460139,0.0,0.01778632170161784,0.9907156111767585,0.0014896160277977533,0.0,0.0014971102830631964,0.0,0.0,0.0072336539291183175,0.0,0.0,0.001993240911884567,0.0,0.003338440185931088,0.0,0.0,0.0,0.0,0.0,0.0010550342385419339,0.006016202031368838,0.0,0.0,0.0030770699720593774,0.027417222056141097,0.01887766514781182,0.004484988365731394,0.987985163983604,0.001235186967663705,0,normal,Normal
0.0051090704066978545,0.0,0.007593811438244766,0.0,0.005687012031019565,0.003174544209032644,0.0033500583762017294,0.0,0.9904544736246483,0.0,0.0,0.0,0.0,0.0,0.0001496936743698279,0.0,0.0,0.00010205134547195844,0.009795339651908791,0.001068196696138595,0.0,0.0,0.0,0.0015251347938042268,0.020243496549703033,0.9924128025378605,0.012109239405842517,0.012585130356541342,0.9122208976299055,1.0,0.9791929462718731,0.0013234669139638793,0.01100861611700291,0.0,0.0186593724454233,0.0,0.0,0.0,normal,0.0,1.0,0.004028094665086247,0.0088856080767829,0.0,0.0,0.0015410616452421846,0.0,0.0,0.004381814370500127,0.0030789740776130075,0.0,0.017119015950982946,0.0,0.0,0.014048513613307697,0.0,0.003651471169121135,0.0,0.004176274341357183,0.0174555559665383,0.0,0.008844430735493848,0.0014617022420130338,0.0020550131126342843,0.0,0.0,1.0,0.006535685394987528,0.0,0.03303059573511641,0.008275886359264862,0.0,0.0008725695214467714,0.004321679262133317,0.0,0.0,0.018732357061800656,0.013716038237267334,0.0,0.0,0.014961700229615895,0.0,0.005462943523668433,0.0,0.0,0.0,0.0,0.0,0.00446007936997838,0.010699814762258578,0.0,0.008897972747798136,0.0006114063974406129,0.004147539040481285,0.0,0.0,0.0,0.0,0.0,0.0,0.0,0.0024921655892767027,0.0,0.0013092487767126682,0.0,0.0,0.0,0.02117673814428493,0.014135483397277255,0.0,0.00034405690388518694,0.0027076935369201973,0.0,0.01332201832072892,0.0,0.01327484297048796,0.0,0.0022665013778427777,0.006551098387580105,0.02269763457068975,0.0,0.9969421998078111,0.0,0,normal,Normal
0.016230508857739155,0.0106511021779551,0.0040862773223496,0.028578980409191518,0.0,0.0005435755220040432,0.022174816826591,0.0,1.0,0.008773641674527086,0.009960810310445559,0.0010173455201882022,0.0,0.013479706693223329,0.0,0.0,0.0,0.0,0.0,0.01244748546216902,0.005007165405283102,0.006328621173472759,0.0,0.00817873326869877,0.0008382053486976005,1.0,0.009706311545752761,0.8332325201045225,0.9960149571228275,0.9925326158922376,1.0,0.01961205659950373,0.0,0.0,0.008024862811636587,0.00559284468236041,0.0,0.006568366463724119,normal,0.0015239966374804037,0.9942052981474436,0.0,0.0018761122373407812,0.0002744586018781356,0.004974378148391833,0.0012596368291090635,0.0,0.0017660858569672568,0.0,0.0,0.0,0.0,0.0,0.01525876511183684,0.0,0.0,0.009886618836367987,0.0,0.0,0.017365307491687958,0.0,0.0,0.005854713975480781,0.00574396640825259,0.009409419614120283,0.01275650233407008,0.9899514761728634,0.014432247186234901,0.0,0.0,0.00586519545395093,0.0,0.0,0.0016132185227427178,0.010994850480850818,0.005796144638835063,0.0,0.0,0.0,0.00492242415769628,0.004785215566565188,0.00041262900649295756,0.017709433186649484,0.0005217259597828272,0.01866392312548075,0.0028944028179863053,0.007494706146840341,0.019032582987989304,0.009953676166967995,0.0,0.00022903337502975293,0.0,0.0017028686178252957,0.0,0.0,0.0,0.009247863554132896,0.007452972391975511,0.003067337475525635,0.01745297081021073,0.002766177207053264,0.005343665268615068,0.0,0.003578967079891962,0.0,0.0,0.0005023356232706923,0.009254139660015467,0.01200043595436431,0.0,0.0,0.007878800755187708,0.006953253976652382,0.003659589309536956,0.0,0.0004994643058461783,0.010142629317519462,0.015260364304634864,0.0003011914660255871,0.00906721410852738,0.0,0.9966686162308588,0.0,0,normal,Normal
0.0,0.0,0.0,0.0006874211671124439,0.00979270231603101,0.0,0.012052309105888127,0.004023841367655127,0.0,0.012930416439684806,0.0,0.00026753327181062064,0.0,0.0,0.012596483073164397,0.0,0.006263724610373274,0.0,0.0,0.8153568092456259,0.0,0.0,0.0004223468073803967,0.005168556236888367,0.0,0.0,0.9906795890071384,0.006499709759557325,0.9986878468256887,0.02146155495788992,0.0048790185281744535,0.986753920507241,1.0,0.0,0.000323486260554431,0.0022788321381954197,0.0037406941378223925,0.007962735096516353,satan,0.0,0.013785899144772712,0.9904047987118528,0.0069290838971455306,0.008142562078315178,0.0,0.0,0.0,0.009931254059838452,0.0008262176995462007,0.0,0.009304377142773422,7.483495681402743e-06,0.002357138834800426,0.006703807542404602,0.0,0.0,0.012801374197291524,0.0,0.0026675902141010234,0.0,0.0,0.01567199611754529,0.01657631206163324,0.0008516710546894689,0.0,0.0,0.007644112132171041,0.0,0.006473040067373086,0.0,0.0,0.0,0.01956330874947679,0.0018447748565150162,0.0031908081907035223,0.0,0.0,0.001256467442135002,0.010320782340520874,0.0,0.020673280336637255,0.0,0.013847532107173259,0.0,0.0,0.0,0.984444989177585,0.0,0.01083626878219261,0.0,0.004877856000626137,0.003524810589637652,0.0,0.001227809726954696,0.0,0.0,0.0,0.011938515341357894,0.003310226584787882,0.0019372270614468193,0.0,0.003800100559849727,0.0012330745057244962,0.0021576601970444355,0.0,0.0,0.009180108360437594,0.002008071399724948,0.0,0.010845548766416168,0.0,0.0,0.01165412149820195,0.0026657731117702413,0.0,0.0,0.0,0.0,0.0,0.0,0.0,1.0,0.006527412845389807,1,satan,Probe
0.0,0.012035588081596308,0.000132205342172225,0.007382941155696611,0.0,0.0,0.005773907687723946,0.010664816977019844,0.9952417204616419,0.015492811643929405,0.0,0.0,0.0,0.0,0.01971015848671493,0.0,0.0,0.003082041201406136,0.0,0.02325650952276167,0.0015947562891995785,0.0,0.004537378571619073,0.00048587963477982044,0.010384121277567158,1.0,0.0,0.40575082948130886,0.16995198646574597,1.0,0.982179470260952,0.0,0.018622703183488097,0.01849471099309845,0.0,0.0008326342066130145,0.0,0.0,normal,0.0,0.9981520422714371,0.017051458633321515,0.014524406619685395,0.0,0.004452159250548639,0.004077513600992675,0.0,0.0,0.0067708889189800345,0.0008457772473111693,0.005258490333443849,0.00461750231022986,0.0,0.0,0.009983501127743686,0.006282279727614081,0.00751648058597955,0.004763213258020954,0.0,0.0179015430718643,0.0,0.0,0.0,0.003538649109979643,0.0,0.0,0.9980183148518521,0.0008300702635181367,0.0029201025377882496,0.010521410974645077,0.00044133466833574817,0.0,0.0011137801204769984,0.00278878513533535,0.0,0.0,0.0,0.0,0.0,0.0,0.0,0.0,0.01183968474269777,0.0,0.0,0.01147586794248621,0.0036981968343624315,0.006129097829742215,0.0028939982303064883,0.0013201531314177275,0.0012107043766822554,0.0,0.0010842049929115443,0.007437753960346782,0.02592153815091701,0.016547711538369547,0.010942080218773489,0.005058668222589997,0.014696486053306526,0.006722496105444171,0.0109539129343257,0.004973668107956602,0.0036858398536649545,0.014729287682110521,0.0,0.004820153229009319,0.0,0.0,0.009759767230989102,0.003604778032771967,0.0073552339249448075,0.0,0.016644705612513865,0.0,0.0049458652971455285,0.0,0.016092172160630316,0.0004094133671254878,0.0071575237244119495,0.0,0.008676257915164133,1.0,0.0,0,normal,Normal
0.0043446373988526325,0.01400507682989955,0.0016560755638757884,0.010677326360805792,0.0,0.0,0.0024360041613320535,0.006420716369237337,1.0,0.012082412519045547,0.007086323970760755,0.0,0.0008956458415195717,0.01436388600297531,0.011631316256972358,0.010705864106992228,0.0,0.008922772061522142,0.0,0.013170493218861086,0.051179746114904945,0.004652316082003612,5.834370966264488e-05,0.0,0.005727395474468459,0.9958280739449447,0.0,0.007468235189849447,0.9898843475980749,0.9951348304726104,1.0,0.0,0.003954048896414432,0.0126663764410598,0.0,0.0,0.01357147567778217,0.0,normal,0.007999461333392655,1.0,0.00975966978398732,0.015301753049455604,0.0,0.0,0.010412744609588962,0.0013247414827866374,0.0,0.0,0.0018051421584749938,0.0,0.0,0.011856741722182373,0.006128992931155336,0.0026994801355356224,7.87140381511396e-05,0.0,0.0,0.0016425475932855048,0.0,0.017734709625749946,0.023351514275004856,0.008291130947038544,0.013233896915821736,0.003792346583208666,0.0,1.0,0.005482570468334495,0.0,0.0,0.007899097432109103,0.0,0.00837662837905025,0.0,0.0,0.0,0.005797392489691893,0.01422616185988853,0.01437654835910854,0.0,0.0049536549899614705,0.0,0.0,0.009381148966510182,0.002636371805944502,0.010332967548184213,0.011507752103281992,0.0037645638807846777,0.0,0.0,0.014885006024842124,0.0,0.0,0.0,0.0,0.0046056074373669684,0.0,0.005991808580250578,0.0,0.0,0.021443532942179152,0.0,0.005201613030672925,0.0,0.0,0.003371764986650322,0.0,0.008177177294469566,0.009055536534900722,0.0034304711152561835,0.008342914234390165,0.0031230968359626183,0.0,0.0038843455180775656,0.0,0.006246170031453119,0.013651582918001575,0.0016100085692372277,0.0,0.0,0.0,1.0,0.011273382185531715,0,normal,Normal
0.008036841984095447,0.0,0.0031010253423700246,0.0,0.016918631484470027,0.008598885261134958,0.0,0.01595164398746875,0.011726016977977047,0.009564682615939396,0.0,0.0,0.0,0.0,0.0,0.0,0.0,0.0,0.0,0.4659216642016551,0.027309619762551987,1.0,0.9891281649291833,0.0010517890124411302,0.003249351482474216,0.08116579924529406,0.06633895476750681,0.002984769039622462,0.9931806544088034,0.07154198642840658,0.09627541123857453,0.08572519442398083,0.0,0.004816423726825704,1.0,1.0,0.0,0.0018120891067453938,neptune,0.0,1.0,0.0023227904441702656,0.0,0.0,0.0,0.012653323391365854,0.0,0.0,0.0,0.0,0.0079687723515113,0.002592300833833584,0.01311565906738593,0.0,0.007085850585518252,0.0,0.0,0.0,0.0,0.0,0.0,0.007262647968679987,0.0,0.007574668654519243,0.0,0.0,0.0,0.0,0.0,0.0,0.0,0.004899331128083271,0.002361409073598342,0.0,0.024406990562426744,0.0,0.01219967401016369,0.0,0.0015836915534084175,0.009827728368234112,0.008674167105913254,0.0,0.003627679397327983,0.0,0.0,0.0,0.0,0.013954944585777227,0.006899484629883395,0.0,0.0,0.9891702431053658,0.0,0.0029710259562035607,0.0,0.005463240085781516,0.0,0.004754385970799576,0.019563795336014992,0.0,0.0,0.0004990766087613006,0.0,0.0,0.0,0.008704721490915578,0.005990204802534683,0.0,0.0,0.0,0.004729058815035625,0.009959270181364917,0.0,0.0,0.0,0.0026092783568671,0.0012214854563850537,1.0,0.0,0.0,0.002982031270671253,0.0010933484508983398,0.028307254912469028,1,neptune,DoS
0.02232500037271236,0.0,0.0,0.0,0.004592879708714521,0.0,0.0,0.007143050966253209,0.008327824452103541,0.002266867367147036,0.025604121586844778,0.0,0.0,0.0,0.009799438435735412,0.0,0.0,0.0,0.005627225536659027,0.39274162616215413,0.022239407462389803,1.0,1.0,0.009893636595842657,0.017774793172817015,0.03198977974172066,0.06638090388875093,0.0,0.997543656130084,0.02495890025363726,0.021670500759847257,0.07217999056578832,0.011857036790755202,0.0,0.9943650303673607,1.0,0.0,0.022825618362662416,neptune,0.0022213215858467947,0.9888963354797077,0.0,0.0,0.013255855230639463,0.004969940878385403,0.01841612622790876,0.0076507980823259224,0.003756383531686671,0.004670447471451302,0.0,0.0,0.0014981475247774958,0.0,0.0,0.0,0.021364074919663224,0.005751892262846198,0.0,0.0022520780681780524,0.0,0.0,0.0,0.0,0.0017962254842852474,0.009961009974820547,0.0025534052863799414,0.005309386310231672,0.0007299522001863905,0.0,0.0,0.0,0.0,0.0,0.004812411096383579,0.004386872742565841,0.0021983986937516697,0.0,0.0,0.0,0.0,0.0,0.0,1.0,0.0,0.0020548143379948832,0.016532068363085364,0.0,0.003974528802821035,0.016721445869892906,0.0,0.0,0.0,0.0,0.0,0.0005614727083588862,0.0,0.0,0.005280631705113272,0.018601544287722944,0.0,0.0,0.006667938439911321,0.0,0.002400168219917857,0.0,0.0,0.0,0.002714044080629488,0.007887433840990447,0.0,0.014695294516697783,0.0,0.0,0.013245711876679485,0.0,0.0,0.0158323840801315,0.9969257476818719,0.0069439533547101875,0.0,0.0,0.0,0.0,1,neptune,DoS
0.0,0.004415915680708663,0.0007385344431457397,0.0,0.0,0.0,0.006385460192952028,0.0,0.011601428908186152,0.027182699977114883,0.0015960876425124629,0.03228436982722744,0.0,0.0,0.006655312784390268,0.0016155403556248234,0.0,0.0,0.0,0.00030027324134465194,0.01938283922042865,0.008526042327833917,0.004060602395647938,0.7512191694916245,0.6178799516309496,0.48134052676655187,0.7631358910749652,0.49779404306972735,0.5505663674433505,0.35124078440819473,0.3240786941536393,0.02231652775226824,0.00588977487617095,0.019492925593424318,0.03460942832646289,0.010910232651488846,0.8796106222810257,0.6418862538760408,mscan,0.0,0.9931659127139415,0.0,0.007027783329700705,0.0,0.015738146264702754,0.021270323473262957,0.0010467751866420464,0.0,0.0,0.0,0.0,0.020692906129775746,0.0,0.0,0.00751092615994332,0.0,0.019857004582567412,0.0018352330390118347,0.0,0.0007641349911249849,0.0054862735185858,0.0,0.0019740766523197706,0.0002837520236474143,0.0,0.0,0.0,0.0015986531840043124,0.012321386263330075,0.01368741169039249,0.00757344808851958,0.001890593979295582,0.0,0.0,0.011812052818581994,0.0,0.0,0.004823399214857636,0.0,0.0032673144645375143,0.0,0.0,0.0,0.0,0.0002600522111409844,0.00920143633858054,0.000496806679233313,0.004790358014465713,0.0,0.005588143310677176,0.007959191890778344,0.0,0.0,0.0,0.0,0.012009101244385787,0.004330834840692806,0.006654682508142718,0.015852821060878992,0.00018690679030742877,0.0024565886943187613,0.0,0.9886684366799555,0.0,0.0,0.0,0.0,0.00432802889666158,0.018476338851813736,0.0,0.0,0.0006174305314549792,0.0,0.0,0.0,0.0,0.004086940709034903,0.007154818471117007,0.0,0.0007513628168789681,0.0,0.9876432827500429,0.0,1,mscan,Probe
0.0,0.0,0.0007641039444983594,0.0,0.0,0.0,0.0038886969412353974,0.0,0.0,0.0,0.0,0.0,0.0,0.0,0.017886492851563456,4.699972725241188e-05,0.0,0.00940689869865923,0.0,0.0,0.009659591240208085,1.0,1.0,0.0,0.0,0.9928036902992068,0.0,0.9987909304917503,0.3311343861342502,0.3293933678605388,0.35515223307764143,0.05679440118729533,0.010984962149689224,0.02020814864592282,1.0,0.9980382358707023,0.0123390517959495,0.004452406186157874,mscan,0.01292063615923856,1.0,0.0,0.0055417313256011696,0.0,0.01621656968522743,0.013211951294012128,0.013842000125690037,0.0,0.0,0.006744487472057153,0.0,0.0,0.01800541608661038,0.016070376729637494,0.0,0.008365877364666511,0.0,0.006697543797507207,0.010219359185078365,0.0016658761876402854,0.0,0.0,5.850730249317796e-05,0.0,0.0,0.0,0.0,0.002053917745212443,0.0,0.0,1.0,0.0,0.012589607748081781,0.00865297356997824,0.0,0.01283154683410037,0.0,0.003944361559176462,0.00678802214289456,0.0,0.012938714336297555,0.0,0.0,0.007753398272139512,0.0,0.0,0.003076231579724733,0.004280805405820436,0.0,0.010973670723751845,0.006947687745387631,0.002627156122269321,0.0,0.008985259828907141,0.0,0.00918499310806056,0.011306656650364781,0.009951902854205169,0.006731995905293784,0.019311160279854026,0.0,0.011417604997790693,0.006275085179931903,0.013508505606127737,0.0,0.0,0.0,0.0,0.0,0.0168592452939949,0.007689066910105806,0.009413692825388755,0.003246616864922546,0.0,0.006782560041998131,0.009402808482643443,0.011256769874224562,1.0,0.010443721406711945,0.0,0.009703453350664325,0.003992436547836392,0.0,1,mscan,Probe
0.005931071596356669,0.024160510622156763,0.004139389244995326,0.004715710752754792,0.016735971905123895,0.014869181863408108,0.0059790242311740915,0.007209261709990334,1.0,0.008409242089769765,0.0046337708848601935,0.0,0.004829061025229049,0.0,0.0,0.009788432318468989,0.001437403333127071,0.0,0.004433114974884813,0.030623674127429446,0.02500209219058803,0.0,0.0,0.0,0.0,1.0,0.0,0.009290334030700209,0.17987045987264916,1.0,1.0,0.007702942450464531,0.018823279046244302,0.017936752777343124,0.01619892244834566,0.0,0.009669235934513846,0.0050285879605276775,normal,0.0,0.983755107836963,0.0,0.008246866507598451,0.01335444767703246,0.014100468023289892,0.0055951954077836565,0.01714932101200441,0.017756456491598495,0.0,0.0,0.0,0.0020983704367118126,0.0,0.0,0.0,0.0,0.00268568129545395,0.026546597528281646,0.0,0.0,0.0,0.0,0.0,0.0,0.0,0.0020168797687900096,1.0,0.0,0.0022605791540158842,0.006785341092015705,0.0,0.008760852752976443,0.0023227493331871864,0.00046786710685469774,0.00023181860728753553,0.01314469859202398,0.0,0.005384779231090788,0.006268773899284971,0.0,0.004085156806022632,0.0,0.010897657222726474,0.0,0.0,0.009658970021105825,0.004749353623935455,0.0,0.0041031987626197,0.0,0.009975902705377751,0.0,0.0,0.0,0.011983036662418421,0.0,0.0,0.010926930413631011,0.0,0.0035650087006756336,0.0,0.004367215812663188,0.0,0.004839528715540286,0.0,0.0,0.0,0.019941680900612834,0.0,0.004605528184435816,0.0,0.0,0.0027691915454059433,0.0,0.0,0.007265562482842444,0.012941378083638077,0.013580470266212327,0.011288921083124218,0.0007560014641606338,0.0,0.9810424749255873,0.0,0,normal,Normal
0.0,0.0,0.014748881151385722,0.0,0.0,0.003661228552905913,0.014697520350151226,0.0,0.008230472069738363,0.010838530632317265,0.0027006640701318597,0.0,0.0,0.01000253565467346,0.0,0.0,0.0028645770963504767,0.0005252709732749079,0.0021446221526361556,0.40350788512456026,0.0,0.0033702676110475426,0.0,1.0,0.9906303723898733,0.00812898029676289,0.07635882955869733,0.0,0.9842442656058924,0.015378727471560872,0.021562011615798186,0.054203283480418675,0.0,0.0019026305694908518,0.016308146339442386,0.0,1.0,1.0,neptune,0.005718090248607992,1.0,0.003221006507015779,0.00409398525292894,0.006593259995894372,0.006421607276032727,0.005073292407664492,0.0,0.0017953566468567304,0.020770454154064057,0.009729355790116374,0.0,0.022838672650481926,1.0,0.0032098801315948978,0.0,0.0052173812578229185,0.0,0.00880144379210733,0.0003977169653808463,0.0022138781882142765,0.021308865314184723,0.008429586716454997,0.0,0.0,0.023218708316113626,0.0,0.009859006387975867,0.0,0.019179624144240296,0.0,0.0,0.0,0.0036911225149830933,0.0,0.0016826998786709266,0.0017735921067805428,0.0,0.0,0.0,0.0002766436623135038,0.0,0.0007453253401365227,0.0,0.0,0.007980822005248512,0.0,0.005578697356556068,0.0,0.0,0.0012697222232968333,0.0,0.0,0.0,0.0055534391657748915,0.004298715571894136,0.011695997359529283,0.00157144633413871,0.0,0.0007878218412948087,0.0,0.0,0.020702464333879993,0.006179465023934615,0.0,0.0,0.0,0.009901742991970918,0.0,0.007172249711253388,0.0,0.0,0.003439094209641802,0.0,0.0,0.9867994295672325,0.00811257436463135,0.0014348016288427395,0.008081858676544984,0.0007538294988449488,0.0012720247911498389,0.0,0.007005595955428821,0.010815816939129608,1,neptune,DoS
0.010084782070904687,0.0,0.0,0.011565424979160417,0.0012278103204410682,0.0002876218334764483,0.0010403062446637822,0.0,0.0,0.021835026725912688,0.01027804273849872,0.007525469849132918,0.013047790137285643,0.0,0.0,0.0,0.003155323478475418,0.006943535142782306,0.0,1.0,0.9887076197752511,0.005900360177298779,0.0,0.0,0.0,1.0,0.0,0.006329310548673575,1.0,1.0,1.0,0.0,0.9586807529705837,0.0,0.0,0.014605459529849284,0.006496538324450447,0.017085087714818432,normal,0.009556210534144977,0.005763758648991234,0.9932287493542361,0.0,0.0,0.0,0.013089931623185344,0.015454572321301817,0.005786425413829247,0.0,0.0030504730895809726,0.00586302550803551,0.011315845381147905,0.0056192840744509,0.0,0.0,0.006780979894335839,0.01761651096937487,0.004315530288173196,0.0,0.006934852716681812,0.008835704488371102,0.0033475068890305893,0.0002589421425211461,0.0,0.002950476422101881,0.006338545150106139,0.0,0.0012232724188695526,0.0032027328040255755,0.0,0.019257786156831734,0.0,0.0,0.0,0.0,0.008547948364710178,0.003622906393176877,0.004025690286286015,0.004226695582542682,0.0,0.0,0.003380482045210001,0.0,0.01120639862126917,0.007552090710411388,0.0015498563440192578,0.0,0.0,0.0,0.0,0.0,1.0,0.009817655737408832,0.009713150497258528,0.004878613209869047,0.007268772612018473,0.0,0.0,0.010034331868552014,0.0,0.0,0.0,0.003507679173249478,0.0,0.0,0.004008931184858228,0.0,0.0,0.013588718947591673,0.0,0.0,0.0,0.0,0.014745162218429036,0.01200275188237546,0.0,0.0,0.009751764874841322,0.017459327114033633,0.0,0.0056209524587005,0.9907836953416915,0.0,0,normal,Normal
0.008515577579550225,0.0,0.0,5.1531138720836184e-06,0.0,0.0,0.0134729369833131,0.005449530911041607,0.0,0.0,0.0004948876360199997,0.0,0.0025875768866383464,0.0,0.012144120362177735,0.0,0.0,0.0,0.004427452721530132,0.0,0.11238324541713482,0.016883325694054575,0.0,0.010463594025375373,0.0,0.998200236784962,0.004403795376926792,1.0,0.0036541052833820847,0.11010554770467156,0.9947764016936339,0.014096792091417657,1.0,0.3092242255911576,0.0,0.010595098056157309,0.0,0.0,saint,1.0,0.0,0.0,0.0010478226674550605,0.0,0.0035980584263297626,0.008304398108879044,0.0,0.008630593637534614,0.0,0.005423231415182647,0.0,3.650673457799451e-05,0.00535244735691416,0.0,0.0,0.002287396624729225,0.9803094055960062,0.0,0.0009998059876128377,0.0028701754845009177,0.0,0.0,0.024425300908064457,0.0,0.014331125228405375,0.0,0.0038625618267017587,0.0,0.0026677607719381804,0.0,0.0031814050145676587,0.0,0.02113253960078275,0.0009258258368132344,0.01231721426935054,0.017286978132808203,0.004919980566661779,0.0,0.0,0.002232839733989345,0.0,0.013195173459556087,0.0,0.0,0.00312725149738652,0.010772327195436356,0.014399091839024198,0.001232608949407966,0.0,0.0003518494190215452,0.006765762682969744,0.012792580097717627,0.010447286425161531,0.004981693945579836,0.0054490642698194185,0.0,0.016567947027578016,0.0,0.004778120737972726,0.011381773631389844,0.0,0.00614485324221787,0.00012354022233784014,0.0,0.01691305182314563,0.0158576091674348,0.010498986413306526,0.005746777078826359,0.0021726452408523523,0.003488553590983329,0.0,0.007408625442976475,0.0,0.0,0.0,0.0,0.00598050243249945,0.00025912402269141164,0.0,0.0034356388444215465,0.0,0.9986389326651489,0.00037998669667677575,1,saint,Probe
0.17708473808026368,0.007324348128998781,0.0,0.0,0.0,0.0,0.0,0.0,0.004015795465838343,0.003958021654854686,0.0,0.0036476461424975733,0.0,0.0058604804092942985,0.0,0.013495119663314278,0.009891903695727691,0.0,0.0,0.013714644375553366,0.0,0.0,0.0037860727953482882,0.010065918502135278,0.0,0.9839048123660803,0.010771496476450284,0.011467902852849503,0.9949507805509188,0.7716557738126726,0.7473911051265255,0.014310140146992684,0.012758415119539014,0.012861686837292788,0.34170898025236474,0.3703030809681975,0.021978149017169553,0.011901617437014463,processtable,0.02036843129861386,0.996026592915633,0.0,0.0019688439446262705,0.005378814570913757,0.0,0.0,0.0004963606347633819,0.013915572775807943,0.018911982941369095,0.0,0.003056225759767623,0.0,0.0,0.008121338502326101,0.0,0.01082853408390064,0.0,0.0,0.0,0.012680199712479927,0.0,0.0,0.0,0.0,0.0,0.0097435156259176,0.0,0.010918795445816053,0.0,0.006903838158770682,0.010333777279203737,0.0,0.009524299647882024,0.0,0.011361819806755956,0.0,0.0,0.007202677081399147,0.0,0.009577650431269066,0.003643261330082724,0.0,0.0,0.0,0.0,0.019275411613297086,0.0,0.018551569433335,0.0,0.0,0.0,0.0,0.0,0.0,0.0,0.016778316734223756,0.006600209466339475,0.0,0.0037920636400651715,0.0016113344726343965,0.004572065129267465,0.0021659254811071072,1.0,0.0,0.0,0.008801860940922756,0.0,0.0,0.0,0.00353247307805834,0.0,0.004648873574682709,0.0,0.0,0.0,0.00294321404632846,0.0,0.0,0.0,0.0,0.0,0.985054518192244,0.004542958577788308,1,processtable,DoS
0.0037318711054086674,0.013302438933931123,0.0,0.0,0.004706416111512333,0.003034185715992543,0.005724455094466768,0.0,1.0,0.0,0.0,0.009588327973809582,0.0,0.002795217225690447,0.0,0.0,0.012267734627285911,0.0,0.0,0.0076818771319806505,0.004121976457184207,0.0027156088953928744,0.0,0.0060890398687857014,0.015305456530829887,1.0,0.0,0.01184492350334208,0.2939382408804395,1.0,0.9959011890142873,0.018376361797159544,0.02374655100581998,0.018892231766529478,0.0,0.0025115930764525235,0.0,0.002143376417802723,normal,0.0,1.0,0.0060604782232547205,0.0,0.0,0.00025372440663590294,0.004681004279081365,0.010556232243353563,0.007353070095033831,0.0064804535038143745,0.005474670611498993,0.006545739696840639,0.0042632895241739585,0.00030547051784689196,0.0,0.004827959120551034,0.0,0.0,0.0,0.0,0.004248345086582643,0.0,0.0,0.01399086762981048,0.0,0.0,0.0,0.9932673267118616,0.0,0.0,0.0,0.0,0.0,0.004704852774047043,0.017151137743123136,0.008585595808613814,0.0,0.012543313949826463,0.0,0.0,0.0,0.0,0.0069883254029860994,0.005527882431648111,0.017451332809739803,0.0007783286740728985,0.009239149462499261,0.007011400786874229,0.0,0.01816023467336364,0.016552991856261884,0.01163546795151023,0.007712664028941602,0.004542372519075956,0.0,0.0,0.020902040003728497,0.006367107464613228,0.0,0.0,0.015048906666897165,0.015740431914396995,0.0,0.0,0.005657124856125798,0.005730139292493282,2.0126370874792133e-05,0.0,0.0,0.008059797255623618,0.0,0.011448355005212563,0.016134936466492954,0.0,0.005989272197496774,0.012652755994365848,0.0006797022826612075,0.008350220403984811,0.0,0.0016451914435254107,0.0,0.0,0.9974036401205575,0.0016254969173040048,0,normal,Normal
0.0,0.004682120278853781,0.0,0.0054058233767108515,0.013200258393527536,0.0,0.0,0.011715456092806765,0.9842998933770958,0.024141891727886566,0.0,0.0,0.0,0.0,0.0,0.0,0.0,0.0,0.0,0.0,0.0,0.0,0.0,0.007747382278341689,0.0004484552828825242,1.0,0.0,0.0,0.6397830472738067,0.7250945639903514,0.7929600863446647,0.009354408369934555,0.00154683264424511,0.013024100524609429,0.0,0.0,0.011277426041826404,0.03546087707304586,normal,0.0,1.0,0.0,0.005184268416185525,0.015616386085912114,0.0,0.0,0.01621022811697156,0.0,0.00562992011826633,0.0,0.0,0.001785018150659338,0.0035843306455768,0.005893736369129458,0.006978313615548153,0.0028750341947206375,0.005447080330641959,0.0,0.009328341305980679,0.007112053130305205,0.0,0.0036549177521037948,0.0,0.005174622387747859,0.0005400982510844454,0.006739388994584756,0.0009573817273508695,0.0,0.0,0.0011749297668799986,0.014873466610552284,0.0,0.0,0.0,0.0039008211794434055,0.008275351624724182,0.0,0.0,0.002241674339569737,0.010564425962122734,0.0,0.0006268096381006569,0.0,0.0,0.005730861524265813,0.001951772156321105,0.010451614862251924,0.01656733624227233,0.0,0.0,0.012717156925519729,0.0,0.0002378845401665889,0.005567778688822507,0.009234038259506786,0.002299697922182157,0.9998598457471812,0.0,0.02205209859981827,0.0,0.0,0.006374225630913272,0.0,0.007661291213059085,0.0,0.0,0.0,0.008669845096625972,0.002026880528105493,0.007879933731135309,0.0,0.0,0.009454642940907868,0.01636341322900934,0.0034370365685259586,0.011633364020321588,0.0,0.012240501291968622,0.02078961380115712,0.0,0.019985238549060303,0.9924584803259608,0.0027497707068940714,0,normal,Normal
0.004673654574177153,0.0,0.0,0.0,0.0,0.0009159669700726434,0.0,0.010113980968971037,1.0,0.002646822859290617,0.005128911289976829,0.006996399187960087,0.0,0.0030130788089604466,0.0,0.0,0.0,0.0012567796337311168,0.006746423113967789,0.0,0.03153513715235585,0.0,0.01922356365489545,0.0,0.014918298941708904,0.9955446989212713,0.0,0.25106247500454065,0.08700035805077747,1.0,0.9874382459635067,0.005517104118973828,0.0380739979014981,0.028640594766117335,0.0,0.013673002337026228,0.012447836441292793,0.0,normal,0.0,0.9917103565271952,0.0,0.0,0.0,0.015947615028596148,0.01611068660563228,0.0,0.013541562288367668,0.022875598587120734,0.0,0.008440585434414796,0.0,0.0,0.0,0.007747346003283778,0.0,0.0,0.02221778456504543,0.010452888513903278,0.0,0.0,0.010352223347286525,0.0023067215993373925,0.0,0.004892651731093981,0.0,0.9973086312628245,0.0,0.0,0.008418630898884583,0.004888864662092853,0.007544067775721768,0.0,0.0,0.01389021910480846,0.0039008226979959245,0.0,0.004216768665427439,0.0033771724405037124,0.0,0.02597036515912491,0.005444005781262028,0.012312560450935373,0.0,0.0,0.0,0.0,0.0,0.004224465683579524,0.004719984672007089,0.006399810735677584,0.005991006184118024,0.0060158118876490535,0.00741905342459832,0.0,0.02000924126997564,0.007534269095916224,0.0,0.0,0.0,0.008819457660115628,0.0,0.0,0.012998669287617604,0.0,0.0,0.0,0.0,0.011606254369552241,0.0,0.0,0.006723832727501003,0.0,0.00018681545052741142,0.0,0.0029719153483244265,0.0,0.0,0.0,0.0,0.0,0.9970428771843535,0.00024950426468631107,0,normal,Normal
0.0,0.0,0.003717122426800269,0.0005079667896572655,0.016127802654265097,0.0047987218280104915,0.0,0.008401671616967952,0.0018109863736523579,0.0,0.0,0.020097018254331016,0.011170174018264105,0.0,0.004655006843903166,0.0,0.0,0.0,0.0,0.2570842224840276,0.0040694772596769815,0.0,0.0,0.0076563333436634965,0.0,0.017765854609327468,1.0,0.0009672718222909735,0.9941475152013551,0.0037581347543140303,0.004197307779240937,0.9238710873492465,0.9818460204880722,0.0,0.0,0.00012233320152024276,0.0,0.0,satan,0.01646208413370244,0.0,0.9896180079057199,0.0011803472398927604,0.005045339925765386,0.003929251060040985,0.0,0.0,0.0,0.0,0.009134198139780983,7.294113832040803e-05,0.00409187673593336,0.0,0.011002483769335334,0.0,0.0,0.0040497440104405235,0.009374102811141883,0.01834241888381563,0.01951009183193955,0.0,0.0,0.02199672857454693,0.0,0.0018130549274068392,0.0,0.0,0.011069393549369201,0.0060602418367602965,0.007348036469158697,0.0,0.0,0.011561347543560217,0.0,0.009145982566044373,0.0,0.0,0.004342514200865228,0.0,0.0,0.010322942760008851,0.0,0.0,0.009316350786192938,0.019560292122728102,0.0,0.02488033836019588,0.0,0.004357342313412114,0.0024008029716589834,0.0,0.9940450672523583,0.007862036854368062,0.00037714012216534304,0.00879188495236748,0.012932772292357097,0.003626920018195601,0.0,0.004217399973472558,0.008837080661147216,0.0,0.024018824225045365,0.0,0.0,0.027830913225149616,0.0,0.0,0.0043402272047366255,0.0,0.003718174550075157,0.0,0.0004763075383683215,0.0,0.0,0.0,0.0,0.014271115093599551,0.008159985231001086,0.01347257183133196,0.0217943705129269,0.0059182919714328335,1.0,0.0010646285141240849,1,satan,Probe
0.011730546069548582,0.004878502939058302,0.009502470234570877,0.01697342919778897,0.010496602404060435,0.010621778959539375,0.0,0.020517519927309477,0.0,0.009414098710392544,0.0,0.005488651298608144,0.029703488377887735,0.019432043949278662,0.0,0.0,0.0,0.0001454688139827751,0.0,1.0,0.0,0.11610943241371481,0.0,0.8587801468079745,0.9991788020585013,0.0,0.9986899601312447,0.0,0.9977320568948804,0.012748564079387993,0.0,0.9267931839014517,0.007236556143864904,0.015180721707236182,0.13836621963147477,0.009565449383911875,0.8712525455070477,0.9999914482366368,satan,0.0,0.9890949690937556,0.0,0.011152607224310036,0.0,0.0,0.010957295547939122,0.00526528713394953,0.0,0.020548776070262505,0.0,0.008370831207672475,0.0,0.0038087049588824726,0.0,0.009019288863157731,0.013477174346939647,0.011446065658729443,0.0,0.0,0.0,0.005991993097790836,0.0006697986972564332,0.012427481994027961,0.0,0.0,0.0033068384126326913,0.007062720240249571,0.0016844957244523586,0.00019607888129393226,0.01407602921360783,0.0021382737338784806,0.01708104828304019,0.00376266555959636,0.003327552486777053,0.0036347331498417347,0.0013646812027308514,0.02632247343181736,0.0010637730562381136,0.0,0.007135307732484806,0.005123848209987275,0.0,0.0,0.0,0.0,0.005680603552152147,0.9933797616245684,0.0,0.0,0.0,0.0,0.0,0.0,0.01963339341292223,0.0,0.0,0.0,0.016415306904812473,0.0,0.008367968081950401,0.0019006510778554436,0.009694308678579377,0.004097411201721099,0.0,0.0006354969370408319,0.0,0.0,0.0005849861471842412,0.0,0.0,0.0008754383879227953,0.009015024835936436,0.013287448681551533,0.9965989045984673,0.0,0.0,0.022222393346246507,0.002236982208517505,0.0,0.0,0.0,0.0035555860171911187,0.0,1,satan,Probe
0.0,0.0,0.012591086244487331,0.0,0.0021524118090991526,0.00810801832931443,0.0,0.0,0.001801344347052592,0.007696122161396115,0.0,0.002696061438795351,0.005677397195201133,0.012360469735550923,0.0,0.0,0.0027642935443561324,0.007309133593686108,0.0,0.3747874018007836,0.024105053725213786,0.9890668549349159,0.9803606433786957,0.0,0.0,0.05562228917696298,0.07152370630211577,0.0,0.9902284562324714,0.03692756701800447,0.056232863338760986,0.06066735014332444,0.00026611472201996613,0.00241385185093076,1.0,1.0,0.0,0.0007381241277335163,neptune,0.0,0.9860073081366691,0.0,0.0021023979016226817,0.0,0.0,0.0,0.0,0.007272631588197043,0.0,0.0,0.020272950709786623,0.0,0.0,0.010435534960014274,0.0,0.006180426792319896,0.0,0.008492398761381068,0.0,0.020863287754279022,0.0,0.01350520383343672,0.0040353782418897045,0.0022500179793813425,0.001161379917530278,0.0,0.004155290743735037,0.008875817927825417,0.009515119194532634,0.0,0.00116468140095004,0.010980446797164376,0.0,0.0,0.0,0.0,0.0,0.0035978442581801164,0.0,0.008089177554374079,0.0028408134740758005,0.016742115951899332,0.0,0.0,0.0,0.0062935714023503,0.0,0.01060633572013926,0.0,0.0,0.02299728815597834,0.9992529488719666,0.013032489014171353,0.0,0.0038795889985424187,0.0,0.0,0.011288535907323888,0.006497245090323258,0.0,0.012200986797639281,0.008785852467240882,0.0041767850723782845,0.0,0.0,0.0,0.0,0.0,0.0,0.0,0.0010620738853499233,0.0,0.00239324602573296,0.0,0.0,0.0,0.0,1.0,0.0,0.010597412448719166,0.0,0.0,0.014614079469766995,1,neptune,DoS
0.0,0.0015408946104842917,0.0,0.0,0.0,0.0,0.003035323412513626,0.01495324381331768,0.0025405723726238,0.0035540885474650177,0.005005630081770922,0.0001383040202987814,0.010469037232463686,0.0010243601370211327,0.0,0.0,0.005057190134103928,0.0,0.0,1.0,1.0,0.0,0.0,0.0,0.00020781551320477992,1.0,0.003540473392383439,0.006236258436801774,1.0,1.0,0.9786072751300824,0.0,0.9925662167294911,0.0,0.0,0.0,0.0,0.001149105228044899,normal,0.011132434631509532,0.0,0.9918684885835819,0.0,0.009756302339791741,0.005405806928564567,0.0010552679439971135,0.018072327827424624,0.0012895912750110706,0.008306876676150198,0.006993852798012846,0.0026443128480870344,0.0014212029144061674,0.0,0.0,0.009840480481709424,0.014351604849310574,0.008284271724751232,0.0,0.0,0.018570229840917697,0.006978746058918262,0.003141778420812238,0.0,0.0,0.0,0.00980928951746619,0.009006692910587524,0.0016617106668479276,0.018702415248663444,0.0,0.0,0.011198105839836383,0.0,0.0,0.0,0.0032017812343709184,0.004301084653730876,0.008418449381840904,0.0,0.0025132762895012347,0.011727746193421389,0.0,0.007064940641605569,0.007177750674900205,0.0,0.007543238967789105,0.0105431445041148,0.0162705777238865,0.0,0.0,0.0,0.9946068717593258,0.007005887800060098,0.014761844271611143,0.0,0.0007033389104520276,0.002595909454636452,0.0014913857700041484,0.01062518430273859,0.0,0.0,0.0,0.00827263984812307,0.0,0.0026010928441889893,0.0011806966157176769,0.0,0.001366793092894474,0.0,0.0,0.0,0.004972829780291723,0.01594835355949033,0.003520733540262262,0.0,0.0064392886388296225,0.0,0.0078042011973158375,0.004047670519934435,0.0,0.0,0.9900696148549057,0.0,0,normal,Normal
0.00414128226278729,0.0,0.0,0.0,0.014751047982735674,0.0,0.005039343010741053,0.0,1.0,0.001232749069947752,0.00827882386161582,0.0017532661591386648,0.0,0.007193359856485198,0.009950571413495438,0.0,0.0,0.0,0.0,0.0,0.0,0.016276062784331198,0.0,0.005301963156642159,0.0,1.0,0.017416365574763046,0.9863795316307727,0.022732768155483352,1.0,0.9889797464276255,0.0,0.16762338589010425,0.05431515290497922,0.0,0.014873739915403066,0.005367616550327953,0.0009089859465227198,normal,0.002422840128256495,1.0,0.0,0.00627450996129277,0.0,0.013627877955353083,0.0,0.0050649245141908515,0.0,0.015026311976902127,0.0,0.005791937032512022,0.003262310137226201,7.589683055895643e-05,0.0,0.0,0.0,0.003700531374433186,0.018169923341591957,0.0,0.0,0.003652797584808096,0.010345557954961795,0.019193226198837926,0.015301176562323176,0.003209684617160601,0.0,0.9891099169575979,0.0,0.019860248145747682,0.0,0.002449243678500669,0.0011697041394710843,0.006100438856011266,0.001321117873210287,0.0,0.0,0.0,0.0,0.012100523036800249,0.0023094623480110496,0.007998333768180564,0.0,0.0,0.0,0.0,0.0,0.0027654622956352053,0.010807342513545225,0.0,0.0009025855610726782,0.009227059197626177,0.013974465530192355,0.0,0.0026865431554913056,0.005168537753930648,0.0,0.0,0.0,0.002296913693409969,0.0,0.0,0.0,0.01850661755062359,0.0,0.0,0.0024187774560161975,0.0,0.0,0.0026357094363065993,0.0,0.013001685287655041,0.0,0.010959746043922842,0.002734054104058624,0.006881102413575832,0.0019135055575233287,0.0,0.0,0.0,0.014241453009389466,0.0,1.0,0.0,0,normal,Normal
0.164312202682707,0.0,0.0068326807361177265,2.604145422442319e-05,0.0,0.0043117025035765665,0.0,0.00824822581321796,0.0037298353278465953,0.0022076137403488757,0.0,0.004856439710369861,0.017146968228849157,0.0,0.006979725765214746,0.0,0.0,0.0,0.0,0.010221791080021247,0.009195938671249397,0.012942599902539709,0.029565244033825124,0.0,0.005371644225995141,0.9985957739663986,0.0,0.0,1.0,0.8156014760290979,0.8158597926934953,0.02505713128703366,0.002922459652828214,0.0,0.2932193628191501,0.33662024212258906,0.023667308768027667,0.0009206194226977025,processtable,0.009634653603236922,0.9937462783150467,0.004288602827812336,0.007571161009629682,0.008365038021452843,0.0,0.0,0.007701919205629621,0.0,0.0,0.0016466659310347808,0.02074489201984366,0.0,0.0,0.009056587695819088,0.011758681245923042,0.0007648953642158719,0.0001277516744681475,0.0,0.0,0.0,0.0026575456788673507,0.0,0.0,0.0,0.0,0.016120504977936462,0.0,0.012993083972043008,0.0,0.0,0.010121851033994874,0.0,0.006140796652342352,0.0,0.0,0.0,0.0,0.008460955808636735,0.0,0.011107215033759202,0.0,0.008862318634495667,0.0020417441157861696,0.0001448663227984567,0.0016233576547954776,0.0,0.0,0.00875657195750367,0.011225847914478258,0.0,0.0,0.003844223579451481,0.006079895362219776,0.006712302775251632,0.011705203654562955,0.021685286358508797,0.002046399350398515,0.0,0.0,0.0,0.008690965645356336,0.0,1.0,0.012053876313255604,0.0,0.012567384948679657,0.0,0.0031695845004114168,0.0,0.005916953417377832,0.0007629212352782071,0.0,0.0,0.0,0.019084629690183517,0.0,0.0,0.01774407659352854,0.0,0.0,0.020710688611061526,0.9771818765048453,0.0,1,processtable,DoS
0.0,0.00608355638961723,0.0022262187541445145,0.004490811851882503,0.0011336169777870077,0.004406369987547099,0.02888955949458427,0.01191371808829504,0.9974708320958195,0.0,0.0,0.008143847101273607,0.0020959034281958677,0.0,0.007987368446349072,0.0,0.015724906981562654,0.0,0.015934212558183416,0.00634268645265215,0.0,0.011698937049113275,0.0004934294660643432,0.006260181778459531,0.0033211866472174123,1.0,0.0,0.0,0.9948332018254356,0.9057169039902276,0.9170309095500857,0.004956666306925457,0.0,0.0,0.0013917603143134174,0.001900264405118839,0.0076994757014808655,0.027065758379517732,back,0.0,0.9856008634760106,0.007359540082201497,0.0,0.0,0.0035417813948641808,0.006261079501291646,0.002328939916668315,0.0,0.0053937429578456335,0.0,0.0,0.014184762414118817,0.0,0.0,0.007328310896614857,0.0,0.014154088530235491,0.004572835378917782,0.017904329993896257,0.005440236287400193,0.0,0.0,0.01646571982640174,0.0,0.004382173508020579,0.007984850017119419,1.0,0.0,0.0,0.009608917769506245,0.0,0.0,0.0,0.0,0.017822579741553324,0.0,0.0,0.0,0.0,0.0,0.0,0.0,0.0,0.0017704058070734852,0.0,0.0,0.003551125870140644,0.0,0.0,0.0,0.0,0.0,0.00039741534372192243,0.0006559227225212686,0.0,0.0,0.004549891332902359,0.0025465180915672375,0.0,0.004145882080811314,0.016151098756139036,0.0,0.0,0.0,0.0,0.0,0.00017467038849591454,0.014981054283441238,0.0,0.004526273673461754,0.0,0.0,0.0001426145724888405,0.004136857714322995,0.016084119543692904,0.0,0.0,0.0025939625807765653,0.0,0.0,0.0,0.9974445304544671,0.0,1,back,DoS
0.005619084450900657,0.0,0.0,0.00022652767068517064,0.001610421771463921,0.012315444728147175,0.012746660495605364,0.0,0.0,0.0033562721149988425,0.0,0.007199432240779798,0.015027964009345748,0.015888049831704838,0.0,0.0,0.020922271082582898,0.022862911755689296,0.0,0.0,0.020517796937264236,0.0,0.0,0.01680666810023362,0.0,0.9976858531731064,0.007252426757923297,0.0,0.0,0.06277123262616893,0.990109386155524,0.0030152819431286462,0.9935240340713491,0.17467262376478587,0.024917030986723362,0.0,0.0,0.0,warezmaster,0.0072661656026417765,1.0,0.009525877182540908,0.0,0.010428809286768086,0.0,5.574967953389368e-05,0.0,0.0,0.022385590928276047,0.0,0.017158446804105706,0.0,0.0,0.0,0.0,0.0,0.0,0.0,0.0,0.0,0.0,0.002747498368039308,0.9960951043502262,0.0,0.005610969514750789,0.0,0.006990121407767887,0.012473719762744204,0.004273382856193572,0.0033184208564415296,0.01982258156210898,0.013672279946962773,0.009517413270005241,0.007191152873627127,0.0,0.005620268439902111,0.0025265631723439467,0.009509642151352839,0.0,0.0,0.0,0.013950426431764688,0.0,0.009440073351237177,0.0,0.0012005052108742364,0.013965529002094237,0.0,0.0,0.007596010439100289,0.0,0.0,0.0,0.0016768231477833674,0.008808174017237698,0.008067906589206026,0.012191050812005054,0.004167316841778049,0.0,0.0,0.01852156316637992,0.009360674940005505,1.1142756654884405e-05,0.0009977866378506797,0.0,0.010589358041874808,0.0011034674053535885,0.0,0.0,0.0,0.0,0.0,0.0,0.0,0.008711375810333323,0.005722701606001603,0.0,0.017704535546105384,0.0028220842084335407,0.013616567176157994,0.0,0.9927137035312834,0.0018441683864103139,1,warezmaster,R2L
0.0,0.0,0.0,0.0028675441588630964,0.0,0.0,0.0,0.0,1.0,0.007163210148770597,0.0,0.0,0.0,0.0,0.0,0.0,0.0,0.02009709498405218,0.020157432862328933,0.001908904512190271,0.037219219234749676,0.0,0.005282704134544846,0.0,0.0,1.0,0.0,0.19657021460007237,0.4980396930515634,0.9984871311701204,1.0,0.0,0.0022026897019553253,0.03139416362508435,0.0032365923363593947,0.0,0.0037525600226823775,0.018657446384293265,normal,0.0,1.0,0.004926363347706036,0.006677681265196469,0.0015587639669705274,0.0,0.007776969907593625,0.011247717743892566,0.0006660958871469541,0.011098663089648846,0.0,0.0,0.0035327724705372316,0.008279721448811908,0.00668935964080338,0.016958241436741933,0.0,0.013027211886459234,0.0,0.0046647766433777615,0.0,0.01067204618057206,0.0032806456560770586,0.0,0.0,0.0013356452712876407,0.0007466858229843166,1.0,0.0,0.005290118600160246,0.0,0.00044754278594231036,0.005425162594268478,0.005801935236691546,0.0,0.0004477545324122108,0.014238881455942615,0.0,0.011938948752404137,0.0,0.0,0.005223073781090374,0.0,0.0,0.0,0.0,0.0,0.00011463234997427797,0.003172819453856209,0.0,0.0,0.0,0.0,0.00828624478867852,0.0,0.003306263594399234,0.0,0.0013475644366531324,0.0,0.0,0.0,0.0,0.013977731123189546,0.0,0.0,0.0,0.009208981947569554,0.0,0.010449899552780691,0.0,0.0,0.006403543124706785,0.0,0.0051847975435713655,0.0,0.0014424692640576575,0.0,0.0005974225079737759,0.0,0.0,0.0,0.00491166883987435,0.9966120322436477,0.0023521077211593735,0,normal,Normal
0.0,0.0,0.0,0.019662356059792715,0.0,0.010068920240296986,0.0,0.006328661163501887,1.0,0.0007119946794723386,0.0,0.0,0.006129531654049325,5.0493431286728023e-05,0.0,0.0,0.0,0.0,0.0,0.031304428000268184,0.11955773743272728,0.0,0.0,0.0017286222481759414,0.0,1.0,0.00136287748007311,0.060784636871320685,1.0,0.9609639285616438,0.9977717733959577,0.0,0.0,0.0,0.004816551212136646,0.0,0.0,0.0,normal,0.0036262264822179884,1.0,0.006070713061708401,0.0,0.0,0.0,0.0025477448052293517,0.014358131728215996,0.00494443199125212,0.0,0.00047809223971207723,0.0,0.0,0.0024810848072827235,0.0,0.020504843099020797,0.006603277304860981,0.0,0.0,0.0017273986292368393,0.0025353055645576123,0.01790702590861446,0.0,0.019792657254754823,0.0008446547785999609,0.0,0.0,1.0,0.0,0.012017816348553643,0.004794931286822417,0.010806455596399627,0.011043458942650006,0.0,0.0,0.0043078507899845945,0.0067144005012957295,0.0,0.01078289587881169,0.0,0.0,0.002538547376820266,0.0,0.009393077059738629,0.0,0.0014863834871213925,0.0,0.01054519888583145,0.014839713701885254,0.0,0.026914607054402767,0.0,0.0,0.014564647991247409,0.006258000312777825,0.0007140483861762138,0.0,0.0,0.0,0.0,0.0,0.004096489465464773,0.015334188126229957,0.009023394940647028,0.018451299290564816,0.0,0.0,0.0,0.002575536632487347,0.0,0.01464844915913581,0.0,0.0,0.004147610303201724,0.0,0.006709688437766045,0.013687861694587711,0.009030730057300212,0.0,0.0022833384587502684,0.007749832172689147,0.0,1.0,0.0,0,normal,Normal
0.011783008327832013,0.0,0.0,0.0,0.01358829342752313,0.0,0.0,5.133636793071045e-05,1.0,0.0,0.0,0.003383077636034644,0.004274560394829926,0.009904376943915702,0.0015090922208166122,0.0,0.0030084831219657727,0.015168692528346073,0.0,0.002129714304507896,0.02452491888233576,0.011481151021936446,0.0,0.23967762581223118,0.01795962829822374,0.27202733950703917,0.9854609645511441,0.012538035785925928,0.03433076982998855,0.5821182106822341,0.08263338279188197,0.7082387604277712,0.10620944522276815,0.022140575735320675,0.0,0.004259527567184264,0.20831034563053602,0.0,saint,0.0,0.9978459264318138,0.009429259961909844,0.005187839233250179,0.0014091249477179164,0.007745610194952927,0.01055382494787589,0.0,0.010395138629823839,0.0016124006879522958,0.0,0.0,0.004116944026422894,0.0,0.0,0.0,0.004154560731945729,0.0,0.004902797003786094,0.01009107985731944,0.0,0.0,0.0059038999264457185,0.0,0.0,0.01646399193920201,0.0004513370730225783,0.007789621320326575,0.0,5.3075902927669315e-05,0.02258230919953755,0.007846974746188135,0.0,8.450710280522602e-05,0.006855509494611325,0.003996288136246948,0.0,0.0,0.0,0.0,0.018690808722079705,0.014870740990579903,0.0,0.01311837640440713,0.0,0.0,0.005051597370105818,0.0,0.0,0.0,0.005106046421661973,0.008948589996702764,0.004673130178053129,0.0010604577812382407,0.0,0.009121175952693461,0.0,0.9967713191386738,0.02081625359422764,0.005147767498437658,0.003724057048040966,0.0,0.0,0.014549968690794564,0.007579380715333135,0.004337041470084165,0.0,0.0,0.0,0.0,0.001254405426483862,0.00971201138120512,0.0,0.010632911506886956,0.013492959303335763,0.003102536288918658,0.0,0.004755616167786992,0.005784632015559613,0.010388930894497137,0.0,0.001986060887523694,0.9894443866609799,0.006374720003404556,1,saint,Probe
0.0,0.01007909758551387,0.0,0.0,0.007285262330632514,0.005594182919184649,0.0,0.006559970838722341,0.004017500673267009,0.0,0.008283793786866845,0.0,0.00579680029700189,0.0,0.0,0.004009433950309151,0.0007038778637088023,0.0,0.0,0.22735661784377723,0.03665131051598177,1.0,0.9694105792445462,0.0,0.0,0.11347557529507317,0.06765216204830052,0.011115641794427795,1.0,0.05836668659186194,0.04630467997388181,0.06782838450083338,0.018672289699655977,0.0,1.0,0.989041256912263,0.00478205074789095,0.00818020110946923,neptune,0.0,0.9902595439264307,0.005563350006801078,0.0,0.0,0.0,0.0021621455034614616,0.005833501214580442,0.0016040878456092273,0.0,0.00782986893274089,0.015259255092237434,0.0,0.0,0.0056721207654244045,0.0,0.0034347299552073057,0.0028579041001073552,0.0,0.004669374246657732,0.013952870792668897,0.0,0.00527663443878572,0.0034469622659747045,0.0,0.0,0.0,0.0,0.004309149577632276,0.006452421902920957,0.0,0.006387114886447191,0.0,0.002200217717026984,0.007488241674369923,0.0,0.002008128355845961,0.0,0.005025853694938817,0.00349736158762401,0.004226015172615861,0.0003885144317198379,0.008825818220488951,0.009926197067426902,0.02556608289130054,0.0,0.0,0.0,0.0,0.0,0.0,0.0,0.9982293018755503,0.0,0.0,0.0,0.0,0.0,0.0,0.0,0.008503200068228528,0.0,0.024527787496345526,0.007898047812504931,0.0,0.0,0.0,0.0,0.0017568749382486765,0.014572793599679584,0.0049040764180329835,0.0,0.010365720639089674,0.0010687933807050545,0.0024750067368201497,0.0,0.009733320105394861,0.008736061211373632,0.9934200219110103,0.0,0.007266062366164835,0.0,0.01700349405074682,0.014169201849629836,1,neptune,DoS
0.0,0.0016001843670616748,0.000255972419347356,0.0,0.0,0.0,0.0,0.0,0.0,0.0,0.002759666900982625,0.0,0.0013167068420389138,0.0,0.0,0.002252967155500476,0.0,0.0,0.0005694724757236073,0.0,0.11483937474403601,0.007428586654639989,0.005867309320036421,0.0,0.0,1.0,0.006210295885086759,1.0,0.0,0.3969919379995658,1.0,0.0054487316131427545,1.0,0.2748874121138389,0.0011498498530438648,0.0,0.002107048377965238,0.0,saint,0.9952659930329707,0.007735748060425657,0.005145118426830312,0.008520105106980126,0.018891698201523185,0.0032013646404514175,0.022420879786527133,0.0029903874427261103,0.0,0.010144507127498243,0.005280470031573388,0.010897071307488522,0.010200309703341657,0.0,0.010428594044439458,0.0,0.0,1.0,0.004920120779877578,0.0,0.007816625796629156,0.0,0.0,0.003461236336410112,0.014221748925372563,0.003467834727844299,0.001757626930729434,0.006476350289661458,0.0,0.0014811298080589974,0.0,0.0,0.004611314289072628,0.0,0.0,0.0,0.0,0.007265872407389853,0.0,0.007328534504143577,0.0,0.0,0.019801792249775668,0.0,0.0,0.004580001764477312,0.0004911556434916134,0.021644574549625543,0.004942376075629347,0.0,0.007345135098052999,3.453515337842243e-05,0.0,0.014625009815386199,0.0,0.004192736708469798,0.01133783430507916,0.0013721040370526692,0.0,0.007724269949500182,0.0,0.004418186831013224,0.012814064355142199,0.0,0.0023343380629298363,0.020504631823978516,0.0021241476741845344,0.008963395865525605,0.0,0.0,0.008833730913473089,0.0,0.0,0.0008434490830841517,0.002097333526849789,0.0,0.0,0.011112697955255324,0.0,0.002347928551225846,0.0,0.0,0.9999390288643243,0.0,1,saint,Probe
0.022578892766238225,0.0,0.0,0.006888422991402413,0.005243958525693826,0.0,0.02597870019675265,0.0016875247898918153,0.0006841257997149436,0.003812561135152682,0.013598406119338506,0.0,0.0,0.0,0.0,0.004370857857038254,0.0,0.0,0.00867959791306744,0.2159934137698969,0.026686762045589153,0.00540727608812442,0.00971770204633015,1.0,0.9941878381364543,0.05048924534700485,0.0674977176096081,0.0,1.0,0.028265453709066413,0.01571119324672463,0.05897631906771723,0.0,0.006247853155476695,0.0,0.0,0.9936707588088911,0.9948355354077275,neptune,0.014244966558203056,0.9909263440158095,0.0,0.0,0.00655417928241661,0.0,0.0,0.0,0.005841820112831316,0.011308336646217257,0.01693958017367209,0.0,0.004206158914125523,0.014926944514092216,0.005407272994960842,0.0,0.004914607898223482,0.0,0.0,0.008210888400865845,0.015180373436769062,0.0,0.0,0.00909955265490456,0.0,0.013569636740290476,0.010406284464450721,0.0,0.0,0.013365403625280168,0.0,0.0,0.00458383860585869,0.011736416401929756,0.0,0.0,0.00538637866713785,0.006988036284870517,0.0,0.007888772796019782,0.016411368263527137,0.005108747802399848,0.018847865091320835,0.0,0.006653832803137546,0.0,0.0,0.0063263190171742615,0.005685060626596812,0.0,0.008779447438354822,0.017938805838260848,0.9929962969841113,0.013136186268624126,0.006952483021402468,0.0,0.0005456003172643287,0.0,0.017306252132300647,0.002866596007993555,0.0,0.0,0.0,0.0,0.0,0.0,0.007185802333845857,0.0059110532085296435,0.0,0.0,0.008958244495518299,0.009433466758867661,0.0,0.01039812404760939,1.0,0.005659298369200807,0.031200061608014158,0.011856912964856364,0.0,0.0,0.01127035292338259,0.0,0.0036997375891197845,0.022191781515443355,1,neptune,DoS
0.011143313874936387,0.01113074301116872,0.006780228395200369,0.0036100449240588036,0.009892757333736991,0.01697435086012961,0.011203331460143174,0.0009868898571561253,1.0,0.01063707651713417,0.0,0.002836932092049305,0.0,0.0041582088899455765,0.009731776025082753,0.0018499824594484782,0.0,0.0006798703437561227,0.01188588451877359,0.006672886770684822,0.002922935128435939,0.014573800355481219,0.0,0.0,0.0,1.0,0.0005799036333162952,0.0001298287641388133,0.1980301615585188,1.0,1.0,0.0,0.011239069586133766,0.02823755173653783,0.0026189576673113506,0.014651388388823973,0.0007985596074801163,0.0,normal,0.016828545438060817,0.9910871011230011,0.007738282537363848,0.00857433284587844,0.0,0.012384381966975668,0.0,0.0,0.019385543564158433,0.0,0.0,0.0,0.0,0.0,0.0,0.00012289073872993203,0.0,0.0,0.0,0.0,0.0,0.0,0.01697535386396113,0.0012506273967080924,0.0,0.0,0.0013896607346037286,1.0,0.018064620592454585,0.0,0.0,0.0,0.0,0.0,0.0,0.0,0.0013325083644062966,0.006095267041779008,0.0,0.0,0.0,0.0,0.0,0.0065375095152863175,0.004565780354739576,0.010301785420082208,0.015471846209287037,0.007967350360161973,0.004963586686720439,0.0,0.0,0.0,0.0,0.016254613892688733,0.0,0.0,0.02453625757655853,0.0,0.005108134681396179,0.015127273502521472,0.003923707585452825,0.0018707163331935625,0.0010281335320904714,0.0,0.007025411854172531,0.0031694399523843285,0.0,0.0004664827322450524,0.005871529462242636,0.0,0.0005483815548041699,0.006884859405316452,0.0006301735714347978,0.0,0.013491007208542044,0.006463357057916834,0.0,0.0,0.0017111396319024258,0.0,0.005305166775630495,0.017785088598283056,1.0,0.026158929778532274,0,normal,Normal
0.0,0.011792619877703468,0.003570042353110482,0.00027677421182078696,0.0,0.0,0.011531227233656696,0.0,0.0,0.0,0.0,0.0,0.0,0.0,0.0,0.0014427314114990152,0.0,0.007287290748234627,0.006658424812212135,0.022553825645186057,0.0,0.005731589637507511,0.01029632516957043,0.9964227566066077,0.9900873369427335,1.0,0.0,0.0,1.0,0.003507978481387135,0.00598526161377167,0.8045824356753221,0.7948399542117659,9.728701399747033e-05,0.0,0.027417058178911335,0.7609067590075376,1.0,portsweep,0.01759513272578363,1.0,0.0,0.0,0.007910134082322797,0.0026297960356291084,0.013448836258127745,0.0,0.01553167207601111,0.0,0.025181591063034026,0.0,0.03338697354458761,0.024585145441255677,0.0,0.0,0.0020578218080344645,0.0,0.0,0.0,0.0018916596096843685,0.004110099006966277,0.009778719600707904,0.009697676084665829,0.0,0.0,0.004136347789104887,0.0,0.0,0.012757820171303341,0.001385164193301343,0.005034318431977166,0.0,0.010212655072950542,0.01097063135310077,0.0,0.0,0.0,0.0,0.004439845197759815,0.004650172170378503,0.001891895672739458,0.0,0.015746182168283766,0.0,0.0,0.004247053423455544,0.013132069052780639,0.0060688952515871855,0.018347591221518397,0.0,0.00798911871695684,0.9939438978854895,0.010328676832342024,0.0,0.0018912364430409396,0.009640269864021441,0.003533626891250746,0.0,0.0,0.0,0.0,0.0,0.014365656943138632,0.0030100076602401246,0.0,0.0,0.009524018729116944,0.0,0.013952124210680223,0.0,9.56110547596199e-05,0.0,0.0,0.0,0.0,0.019754611645575515,0.9867486383687364,0.009629579511881115,0.025599824300381827,0.002412034389730576,0.0,0.0,0.0,1,portsweep,Probe
0.01865981014701102,0.008790297125949932,0.0,0.0,0.013357688568655548,0.005119535561788312,0.0,0.0,0.0,0.012014778091595105,0.0,0.0030139400489460335,0.0,0.017742948091399972,0.0,0.013792195069014076,0.0,0.0,0.0004387077787519262,0.005971053707472161,0.0,0.0,0.0,0.0026234944822815126,0.007037273782944324,1.0,0.0,0.0,1.0,1.0,0.9934280224063359,0.005467767640120852,0.000840211183362167,0.0,0.0,0.0,0.008916762102022446,0.0,normal,0.0,0.0,0.9761400152534333,0.007269219966551358,0.0,0.0,0.0035966969248490623,0.013301274273374275,0.0,0.000738635062595333,0.0,0.0,0.01198379107843239,0.0,0.010833971657444534,0.016957152834505277,0.0,0.0,0.0,0.0,0.0,0.0,0.002140019662324478,0.006478095145323703,0.009814676448802812,0.008027084977941615,0.01694825280484021,0.005269450945750407,0.004734570097824469,0.02426176254023341,0.0,0.0,0.007522039208150714,0.0,0.0,0.006282287238843193,0.023997023184768217,0.0,0.010597212644155123,0.007940296562723133,0.008448626215695436,0.014439186781934645,0.0014132496614160583,0.0,0.0,0.0,0.0,0.0,0.001221519712256745,0.01230216694457953,0.0064008972533713985,0.020335411637166293,1.0,0.0,0.0037330730292037596,0.007141064817867933,0.00442213658359179,0.019190522398887303,0.003511625901240659,0.0,0.02065661429257473,0.01247107271044392,0.0,0.0,0.0,0.0,0.01389173762725955,0.0016625235826014202,0.0,0.0011466198707594814,0.002673509666133425,0.014349450268174354,0.0,0.0,0.0066817930554436255,0.00875151824548109,0.0,0.0,0.008286975316016796,0.018870084723474036,0.007468785066397234,0.0,0.990474130187602,0.0,0,normal,Normal
0.01033435645759292,0.014379420661043868,0.010764481035004292,0.008671521322376686,0.0,0.008931743805947091,0.0,0.0,0.007669779066602048,0.007398921046242369,0.0024535790700180595,0.0,0.001543712968830998,0.0,0.015537932776928028,0.0,0.0,0.0,0.0,0.8932618244360572,0.013820652436279501,0.03683219705951056,0.002793707762281771,0.9691467988683016,1.0,0.0,0.9817435430484713,0.0,1.0,0.0,0.00254897774686346,1.0,0.0,0.005039449939142351,0.037071946457684996,0.0,0.9573040417066059,0.9811635256696561,saint,0.0,0.9853557925344023,0.0,0.0,0.004612552538832168,0.009442338623252406,0.006356833656483552,0.0,0.0,0.0,0.001420599729946527,0.0,0.0,0.004346312656501066,0.012033578548147515,0.0051360375929690874,0.0,0.0008556724759069952,0.0,0.0,0.006306248723076363,0.0025142167647275782,0.0002913576294573615,0.00013704513395076611,0.0,0.0,0.02318385786073128,0.0,0.00546891367678777,0.0,0.0,0.0,0.0,0.0,0.002063708621773111,0.0,0.0029645055408569856,0.004864434692205399,0.0,0.0,0.0,0.0,0.0,0.0030472031756574353,0.014047251458787796,0.0050936483321017065,0.01061593922395056,1.0,0.003594439990808665,0.0050219512760749895,0.0,0.005277383803583015,0.008374027592059234,0.0,0.0086558567146177,0.0013866703166592034,0.00039120945373726743,0.0,0.0,0.0016132710079057283,0.0,0.0,0.011064571919123212,0.0,0.0,0.006817266517108308,0.006692926382213128,0.008667127924308909,0.011284217271699495,0.0009806184465104056,0.01653665591536127,0.020174875412891268,0.0021731125104587903,0.012097034347926233,0.9792407343417077,0.0,0.0033639103104246048,0.0,0.0,0.007076026320473748,0.005206628889395216,0.0,0.0,0.0,1,saint,Probe
0.0,0.0,0.0,0.0,0.00014267981904800059,0.0007577893557258568,0.0,0.015817600626812797,0.9842674550318262,0.0,0.00928635825580191,0.02752431200973268,0.007495803750016979,0.0,0.0,0.01341646611524086,0.012243837286751155,0.00870086919637714,0.010956439087810563,0.004218965835036989,0.008415788135749705,0.015431993930585588,0.0,0.01814826219139263,0.0,1.0,0.0037464295701610043,0.2899229813800371,1.0,1.0,0.9901183148897663,0.0031312986574084816,0.0,0.011386647712430151,0.0,0.004430070849351289,0.016189009226373292,0.00667293493414861,normal,0.0016048971476805684,1.0,0.005143050293591023,0.0,0.0,0.0,0.0,0.006690232990132708,0.0,0.0157208942046652,0.009239799315744559,0.006573848316158246,0.01186658307824653,0.007467329269760792,0.0,0.012130675574603084,0.0057495175576813785,0.0,9.804041857546002e-05,0.001512472222145282,0.0,0.0,0.0,0.009096147805760232,0.0021972752940856493,0.004965185068773697,0.02220962600873328,0.9924331307418467,0.003947721807353134,0.0,0.006076036639302807,0.004322333564568327,0.0012183941734663765,0.010918417991862977,0.004029907612736662,0.0036889191836277807,0.0,0.007216952508491767,0.004786626130430241,0.0,0.0,0.004985859390628455,0.0,0.0,0.0,0.0,0.0019289284281382268,0.0,0.01066544418157975,0.018470725746404716,0.0,0.0,0.012393274946423028,0.0,0.00017524732264696314,0.009599682813660599,0.004156538707420661,0.00018951867203185113,0.003385457499699587,0.006306851814987616,0.010360866848250562,0.0076544328205976125,0.0012077215377810193,0.0053668157159898235,0.0,0.0,0.0,0.008497878626857884,0.0,0.0,0.0,0.0,0.008111106110711922,0.010313582224330075,0.0,0.0005825233511972355,0.0007112478081174293,0.005298336735739233,0.0037484104258786446,0.012269116500847452,0.001754647512350977,0.0058257208099948814,0.9842716312986532,0.004320772580046583,0,normal,Normal
0.0,0.0,0.0,0.005936284376494175,0.0,0.0,0.0,0.0,1.0,0.0,0.004438287862904701,0.005952561344765829,0.0,0.0,0.0016481448423739111,0.004343827453548551,0.0,0.0,0.024128159515913128,0.00997072255867183,0.021685855758276674,0.0,0.008349162957491489,0.0,0.003185701240912677,0.9875593230737808,0.0,0.007912136190581818,0.17624057572492202,0.9933384520822249,0.9997421918603637,0.003919667211929433,0.03795680611489823,0.03560159205786791,0.0,0.0012111287544836853,0.0,0.0,normal,0.0,0.9870774840191202,0.0,0.0,0.0033730051841909248,0.0,0.003082724839199703,0.005962238300578019,0.0059268096847612806,0.022486214033931123,0.000570230304031356,0.02227861915874637,0.0014746509041476657,0.0002875020044924682,0.0,0.004882326768560436,0.0,0.012081994724143782,0.0,0.006285247138165643,0.003986409433895346,0.0,0.01375978269315178,0.0,0.0,0.0,0.006120559240401766,0.9909240057572343,0.00721571436026462,0.0,0.005574085943393627,0.0052562253577743325,0.0,0.006506387261708732,0.0012757066961228522,0.0,0.0004755931310079708,0.005658660206189937,0.015375609153251207,0.0,0.0,0.0,0.009039491270047202,0.008229528426040201,0.019496782535488894,0.0,0.0017708229798629616,0.0,0.0,0.0,0.0008667210802710476,0.0037273457654705116,0.011257420012956985,0.005816266621082533,0.0,0.0004621025603571297,0.0,0.0,0.026457254531017937,0.007931397598277884,0.0029978473425375175,0.00729472348976972,0.0,0.010158621421052155,0.0002017003493715543,0.0,0.0,0.011175595486422092,0.012538683718498162,0.0,0.001216894653893404,0.005660159298077572,0.0058917418165698055,0.0,0.0,0.0008505559418588832,0.005669505492364842,0.0,0.01431066955144737,0.0,0.006976652462013415,0.0,0.9902374768261873,0.0013953286201801418,0,normal,Normal
0.015794573165781846,0.0,0.0,0.0031630042132751684,0.004315040157961654,0.0,0.0,0.02220423660574899,0.9977426847472757,0.0,0.0001794238179468527,0.0,0.0,0.0,0.0,0.0,0.0,0.0,0.0,0.05184760903756295,0.057927603088507806,0.27607920335980857,0.2746275348447721,0.710320556859259,0.7010325128463022,0.9898468790294381,0.0,0.0,0.9989381466796298,0.9806696356754742,0.9873602149466598,0.0,0.0,0.0,0.041040733042825045,0.06064238104871149,0.7068763208842522,0.6944845742985728,apache2,0.017229596418265856,1.0,0.003230925569766452,0.0,0.0,0.0,0.0,0.0,0.0,0.0,0.0,0.007581872384503378,0.004692718190542103,0.0,0.00838480301864408,0.0,0.009340089338797484,0.0,0.024483924345060998,0.0,0.012258275242438865,0.01560722875336608,0.0,0.010830507053771244,0.0,0.008732521255384233,0.0039449726017578,1.0,0.017838993551509405,0.0,0.002778436452220422,0.00584660195550122,0.0,0.0,4.871379644200286e-05,0.0,0.008713967736161385,0.004849975127210192,0.0044024818804537244,0.009979962253910518,0.0,0.0,0.0,0.0,0.0,0.00776489673889774,0.009752572994685958,0.009748740117002027,0.007843114354112515,0.00792166239650752,0.00883529319463248,0.0012172014767131217,0.0013652647931891666,0.0,0.009165873290281916,0.0,0.0,0.01848764959069928,0.0,0.010966002407257052,0.0047247970930778685,0.008755970076848502,0.013232158292939968,0.0002601781902354122,0.0032822223773794623,0.012754299924967306,0.000728409218874048,0.0,0.00951934788350902,0.0,0.0,0.0149743714740501,0.0,0.0,0.0,0.0,0.0,1.0,0.010644248298445083,0.007118156153150465,0.0,0.0,0.0,0.0,1,apache2,DoS
0.009964782787834034,0.0,0.005644868502499056,0.0007935738969538864,0.002978259660738584,0.0,0.001081318191722945,0.0,0.0021991705992437166,0.0,0.0,0.0,0.015565715343986241,0.01147123286180426,0.007822360396407846,0.0,0.013696996628416794,0.01643773435038842,0.0,0.357212803225828,0.01730088973119768,1.0,0.9955255689671814,0.00043993491879623897,0.0,0.09660422226169965,0.07889143991924559,0.007457261397580573,1.0,0.047964003193864346,0.0620252341945491,0.06569656006238615,0.0,0.004868716872120023,1.0,1.0,0.0,0.00828064090681625,neptune,0.012288131541151149,1.0,0.0044591042736094886,0.0,0.0,0.005528805716558445,0.0043029105228826175,0.0,0.0025542978735915082,0.0,0.002584483979169688,0.0,0.004730295046341581,0.0,0.004370338131961111,0.005382094547476511,0.0,0.0,0.002120616467108187,0.0,0.0,0.0,0.015274662093010717,0.0024598201292832847,0.010689048211691499,0.004827230736045462,0.011583275380128337,0.0,0.0,0.0,0.0,0.0018157280068456065,0.0,0.004606857982631113,0.0064632776990857675,0.0,0.0,0.0,0.008695401084916374,0.0,0.01692943171559014,0.02006596140505471,0.011252837165000387,0.004647056275344839,0.0,0.004250897091280187,0.0,0.0,0.017092744809902125,0.0007424714500264912,0.006527521888239649,0.0,1.0,0.0,0.0,0.0,0.0,0.0,0.0,0.009140535101201752,0.008581856804623613,0.0,0.0,0.009258163684486516,0.002642201109464414,0.0055480022105994144,0.002451215166605963,0.006529423930002886,0.0,0.0,0.0,0.0,0.0038005024453582666,0.0,0.0,0.0009345053794879138,0.0,0.009544090408188233,0.9891508463397835,0.0,0.01131290277682136,0.004907015454843399,0.015923670556079957,0.0014559348066359406,1,neptune,DoS
0.0,0.014591313291735379,0.0,0.00910105410606417,0.0,0.0037573751094022935,0.0,0.0,0.9975869224260235,0.016222403272833256,0.0,0.0,0.015269158848536652,0.0008279454026457306,0.018104188293094525,0.0,0.00028290424380502294,0.004349119256021127,0.0,0.016366917515915454,0.03950502883598595,0.0,0.0,0.006113625158632161,0.006113350895873758,1.0,0.0,0.10631460320615285,0.02131863670282476,1.0,1.0,0.0,0.1618608980891979,0.03959280837360454,0.0,0.0,0.0,0.008787522251247579,normal,0.0,1.0,0.0,0.0,0.0,0.0,0.017617367229495577,0.0,0.013209526849826195,0.0013061464801236657,0.0049161675461459,0.0,0.005150725082153575,0.0,0.024169318201976656,0.0,0.004325115444767615,0.00022017494007691576,0.0,0.0,0.016217057008978807,0.0,0.0,0.0,0.012320340134638674,0.006144216240603402,0.015704579589969077,1.0,0.00524632213750818,0.0010439832040757067,0.0,0.0,0.0,0.0,0.0,0.0,0.006504141694111802,0.00805266951006469,0.0,0.008469615930173343,0.01584291798013645,0.0,0.019078751933548594,0.0,0.0,0.0,0.0,0.01718465132365781,0.0,0.0034451265070457294,0.0002330303852423999,0.0,0.021732905155185993,0.0,0.0,0.0007086906110565817,0.012849393274320392,0.0007064831880066671,0.008178795432576057,0.0022300424100365796,0.015648293189486014,0.016823448988410608,0.003778737386231959,0.0,0.009607555079086933,0.02549612530214865,0.010083001513275276,0.002947232202958328,0.0025307253833883455,0.0,0.012588651990603977,0.0,0.0,0.005143149297130761,0.0,0.0,0.0036474475420325203,0.011630545675261157,0.0,0.009429459830332346,0.018552444426948516,0.0038686161696906084,0.9831583122009124,0.005499252357326698,0,normal,Normal
0.0,0.0,0.0,0.00021487403050825325,0.0,0.00028786364182382745,0.0051710695210265105,0.005979573740349666,1.0,0.0,0.0,0.004107894149707086,0.008201436242414126,0.01459792275998278,0.009167635889966478,0.0007713675022853947,0.0,0.02233504697044745,0.00024677877664090075,0.02906696937041482,0.020124518660733982,0.0,0.0,0.008494506124127683,0.0,1.0,0.0037343080135208684,0.0,0.27120755518106304,0.43641531046879384,0.9988489731746507,0.019351474639729555,0.031153665772808856,0.02916147722060137,0.013685016428838903,0.0,0.014946198650917116,0.0,normal,0.0,0.9898770528742644,0.01352888147645394,0.0028328986438361675,0.014248056870717212,0.0,0.0,0.0,0.009194676958401524,0.0037657108173258964,0.0,0.0,0.0,0.0002243190649124441,0.0,0.006966484648112316,0.013018876404370642,0.02306738688379241,0.0048377289688256485,0.0,0.0,0.018657780332784847,0.0,0.0,0.014029974003688833,0.006669923265515031,0.0,1.0,0.0,0.0006148710676338586,0.010355658548085758,0.024831800191914232,0.0,0.0,0.0,0.0032186275511326048,0.0,0.0,0.022938461791081596,0.0,0.001173297208867226,0.0,0.0,0.0,0.0,0.0008298745373330746,0.00012185671561415315,0.0,0.003323632876268923,0.024370060145199452,0.0,0.009262132797723402,0.01089055499516197,0.0,0.0,0.0,0.0,0.0,0.0025917723063349414,0.0,0.0,0.0,0.0,0.0,0.0,0.002560436601329554,0.0,0.0,0.0,0.0035554835936713164,0.011860274232087058,0.0,0.021099080690262784,0.004260430108675559,0.0,0.0,0.0,0.018567868924614636,0.0,0.015312642572705636,0.0,0.02154660446724312,1.0,0.0,0,normal,Normal
0.020076255065629475,0.0,0.0,0.01006289474798927,0.0,0.0,0.003398738017816342,0.0067634298581347235,0.0,0.0,0.0,0.008025306029400704,0.008799476841566801,0.009109532832213198,0.003713391314005166,0.001599271880098892,0.0,0.02362877061292956,0.0,0.002964512129724408,0.005693089648803101,0.006140832736325898,0.012606355958937733,0.0,0.008665991919391148,1.0,0.0,0.6760315510807876,0.9997361947134459,0.8909173775034986,0.9061793814355927,0.006634523392390063,0.021644162632861542,0.014028879240166716,0.0,0.005016444464236891,0.05352121501202951,0.0,normal,0.0,0.002254276741975105,0.9948621914784105,0.0,0.0,0.0,0.0,9.193393040407529e-05,0.0,0.000782509873168705,0.002985151217294544,0.0063641399338877835,0.006202602780148426,0.008002901608848733,0.010645990746542138,0.9940213720180626,0.009610531405391958,0.0,0.0,0.006366878778868731,0.022086266469312946,0.009274987894764275,0.0,0.0,0.0067155774170156324,0.0,0.010554535380864476,0.007681268006792758,0.0,0.016127139823039528,0.006562914478194755,0.0022628208293090143,0.0,0.01681031799746242,0.0,0.0,0.0,0.0026861102172462963,0.002593237383477547,0.0,0.0050106213721872505,0.0,0.01394197070791434,0.0024988943988207245,0.00299770798626943,0.0,0.011005072023647025,0.0026040995367755033,0.0,0.0020692971346747448,0.0,0.00836047641319864,0.0,0.0,0.0,0.0,0.0,0.0,0.0,0.016546346328441514,0.005847412038665419,0.006136650615672047,0.0033874089469869244,0.0,0.012070109832808554,0.0,0.0008313101333951805,0.0,0.007840727727504236,0.005312632901178937,0.006165807583929022,0.0039661576928482194,0.0035042069161812734,0.0016910524481373243,0.0,0.011084845600105718,0.016934825675919786,0.0,0.002800681947166933,0.0009790463403588255,0.0,0.0,0.9906645870475377,0.003190092797662216,0,normal,Normal
0.00620511554307296,0.01739369737262153,0.0,0.0,0.00576869116848621,0.00421393846629215,0.0,0.010511053228187942,0.0,0.006238201299738113,0.0,0.0,0.001495756388284543,0.001889955175982058,0.0,0.008045639617722509,0.0,0.0,0.021854002637460433,0.4491792290708727,0.03782404689622902,0.017549184137718495,0.001651276560965749,0.9949650539367337,0.9991721981028937,0.030939228401043104,0.09346867491958318,0.0119317166839151,1.0,0.024729202916573552,0.02013296832265398,0.09467577556936299,0.0,0.0028793778843454656,0.0012305900930494648,0.003091973651474598,1.0,1.0,neptune,0.00011332761719402022,0.9923232442688142,0.01653019410577604,0.0,0.011794175144852155,0.0,0.0,0.0,0.017378890709771562,0.0,0.009479147777565625,0.008130120524672057,0.018028869008290184,0.015735504852103246,0.007466910491083043,0.0006082743752588171,0.0038593928821641296,0.006731016308753091,0.0,0.026722395167469652,0.007479452932153069,0.0007375350995357447,0.0,0.017247311677544896,0.0,1.0690658158965278e-05,0.022966301700876476,0.0037999515899304233,0.0,0.005716978325276361,0.029325021748945038,0.0,0.0,0.01874814786060645,0.010486553382305048,0.0,0.001109267811761084,0.0,0.0,0.0,0.0017653216744059723,0.0,0.004464418336597454,0.0,0.003910516903304762,0.006568853866395636,0.008390285030737389,0.0,0.006497261804195051,0.0,0.002232458736796001,0.005550550652859971,0.9940273036932598,0.012016476370691555,0.0,0.0,0.0,0.0,0.01371356482651358,0.004255202798368759,0.004114109758332903,0.0,0.0,0.0,0.0017250636392993808,0.006436216729029207,0.0,0.010554304393227019,0.021942672223305447,0.007104457509213032,0.0,0.0058342537496345525,0.001710750317181853,0.0,1.0,0.0,0.0,0.0031021115889937377,0.019420261985472295,0.0,0.0,0.0066846619178083854,0.0026361906871155785,0.0008293161025004219,1,neptune,DoS
0.0,0.0027519138507305324,0.006717191471691529,0.010608754602982615,0.0,0.0013934984649215374,0.0018108342246837155,0.008503354051707306,0.0,0.009113426189134613,0.0,0.0,0.0,0.0,0.011218088886496374,0.008748904384751626,0.0,0.004425381568627558,0.0,0.29058020209545316,0.02217194730779723,0.01121513085199495,0.0,1.0,1.0,0.08126494901613997,0.059195228998209164,0.009464031838645812,1.0,0.045627763186282366,0.05277131488557222,0.05952644767468254,0.0,0.003807254380992973,0.0,0.0,0.9915113028613138,1.0,neptune,0.0,1.0,0.0,0.0,0.0,0.0,0.0,0.001709261307764807,0.0,0.0,0.003649150809629133,0.0,0.0027972742638437916,0.0022384061297126153,0.0,0.008582031946280672,0.0,0.0,0.0,0.008167976486435097,0.005240215883731549,0.0,0.0,0.0,0.0077193044591677504,0.0,0.013500950186796774,0.008245103045919631,0.003130126873041193,0.0,0.015951079428311334,0.0,0.00734938110972874,0.0,0.0,0.9928964405936328,0.011868327799290002,0.0,0.010040420506522077,0.0,0.008637360793431836,0.0,0.0,0.0,0.0,0.0,0.0,0.0,0.003945540259153695,0.009559872462221414,0.011810860983610628,0.023678463520807377,0.0,0.006888058585974764,0.0,0.006264651187519521,0.0,0.0,0.0,0.0077876848923241196,0.003443321743149083,0.0,0.008823383659925205,0.011376125551712737,0.006009925142259409,0.0,0.0075156522736865095,0.0077794965988321,0.007404278180429665,0.0,0.0011721765968002765,0.009156435397879817,0.0,0.007758399283748104,0.9942764340451165,0.0,0.0,0.008448322781216188,0.0,0.0,0.0024164166036425884,0.0023984159285767156,0.001694927436590678,0.012877264693290619,1,neptune,DoS
0.0,4.051457306054272e-06,0.008720396611363302,0.002048329152353328,0.004648515257293389,0.0018146429254630436,0.0,0.0,0.013481844086099553,0.0,0.011976095534908637,0.0,0.021967877456822427,0.0,0.0,0.0,0.0,0.0052458061142215675,0.009835073511591972,0.0,0.009306061811406582,1.0,1.0,0.0,0.021791290272230625,1.0,0.008189671501866901,1.0,0.18814769514503984,0.25340247265272964,0.32906454101683175,0.06388790629434335,0.023003620292675293,0.0,1.0,0.24401792322409557,0.0,0.7472855512576417,mscan,0.0,0.9887390485490463,0.006672234478353337,0.0,0.009730027167626863,0.0,0.011199215828064183,0.0,0.0,0.014293119956435972,0.008177491055291785,0.0,0.0,0.0,0.004447313966847469,0.0,0.0011694598864467442,0.0,0.0,0.003722930707301192,0.00660198707653192,0.0066541369319719915,0.0,0.004783483865968892,0.007733101069084992,0.00390830122222659,0.015038643223681798,0.0,0.0,0.0,0.014929424039146363,0.0004840429831450301,0.0,0.0,0.0,0.0,0.0,0.011180755718167235,0.003101566718727466,0.0,0.0,0.014458497194430694,0.01020070053854495,0.0,0.0010884241606967007,0.005534363841983304,0.0,0.00011994291013033481,0.0,0.011336146504780096,1.0,0.0,0.0,0.0,0.0,0.0,0.014460097017832635,0.0,0.003983136609673138,0.010845497775024726,0.011394472147266823,0.002663258565547119,0.006366789963448226,0.0027120116412935,0.0,0.0,0.0,0.0,0.021833590417149006,0.0,0.015223729611873437,0.009156927913903384,0.009631424069709101,0.001240365953961912,0.0,0.011879610359536679,0.0,0.013518016104113302,0.9959765449780591,0.011680117726196272,0.0,0.0,0.0,0.008705271345342448,1,mscan,Probe
0.004685266603081579,0.006520194640295082,0.00891746865104975,0.0,0.0,0.00043502185207679997,0.0005596299143071657,0.0029258653402008407,0.009507348269106852,0.0,0.011464010749581784,0.008457660733239536,0.0,0.003097142788536785,0.0006122412176386969,0.0011065101116092136,0.013180043347654173,0.011616789010839741,0.0,0.2368173718159969,0.02538147054985765,1.0,0.9992651783695682,0.011736772555077908,0.003231528518583857,0.14153268184934348,0.07337414546475389,0.0,0.9960408822721669,0.03966172524470089,0.076015864338912,0.03847857493174148,0.0,0.0,1.0,1.0,0.016497136025216345,0.0009389664986038174,neptune,0.0,1.0,0.0,0.0,0.0,0.011918310197342163,0.005234027773241751,0.00993914499721395,0.014901887391715067,4.2125046055786125e-05,0.0021187289604540117,0.007415867558517703,0.012448056013707276,0.0048006002707728255,0.010493082367523603,0.002434705946170401,0.0015799195416849139,0.001344429894067138,0.0,0.0036745827412620856,0.001180068160382215,0.0,0.003451334466388614,0.0,0.0,0.0,0.0,0.0,0.002311380185853341,0.008166156588282262,0.018089401542425502,0.007763737412823787,0.0,0.002579746789276077,0.0018829881502598247,0.025993780131327592,0.0,0.0038211781103087558,0.007388907775447594,0.0,0.012041901623317997,0.011120676980442794,0.0013430443661881957,0.0,0.00556115148297394,0.00031694429968720706,0.01828900182432982,0.0,0.00040743570994994274,0.0,0.017916123966657666,0.014934527919095261,1.0,0.0,0.0006720454875420317,0.0,0.0,0.002341189304670441,0.0,0.0,0.0,0.0,0.02746388399700101,0.0,0.013047270586346388,0.002516174961165724,0.003854310012485147,0.0006464679677407494,0.0,0.0013081641433665106,0.012507865919892131,0.0,0.0,0.0028041761582015185,0.0,0.0024036839671855354,0.005642222240997382,0.0,0.9920264565812835,0.0012539523262791866,0.0019219143248285764,0.009551266747710056,0.0014254476023169021,0.000552085684694945,1,neptune,DoS
0.0,0.0,0.016085323061699606,0.0,0.006546365748031413,0.0008397470317559841,0.07713363089887383,0.009402079282036742,1.0,0.0,0.0,0.0,0.0074332318390096346,0.024783907244428267,0.0,0.0033972599290794043,0.007297878743195254,0.005750508972323891,0.9837354159810553,0.0,0.0,0.00022582537866750387,0.0,0.0,0.0,1.0,0.0,0.9898270726381359,0.6908316383246372,0.18417541009550928,0.2359337080453993,0.02198126815192138,0.01723935183130419,0.01367460646074805,0.0,0.04839566169850859,0.011687377760200896,0.0004962353771861722,normal,0.0,0.989942202136777,0.0,0.0012449756687261339,0.0,0.0,0.0,0.0,0.0,0.010177097693720674,0.014191956990322272,0.00288573066997167,0.0,0.0,0.0,0.006987655265768318,0.0,0.0,0.018047087074073074,0.003766853451371767,0.03288155087573915,0.0,0.9950188552418704,0.01151748373006834,0.0,0.0,0.0,0.0,0.0,0.03091187473147784,0.0,0.007124084670011045,0.005017219978309049,0.0,0.0,0.0176230628088891,0.0,0.002775260373593359,0.0,0.0,0.009335300306743781,0.0051150444978051105,0.006464670755761743,0.0,0.0,0.0,0.00840747501675906,0.015798124380416882,0.0,0.0,0.01884698433014359,0.0,0.011163952566264575,0.0,0.016941972251884742,0.0,0.0065261652318894005,0.002457059863899124,0.0,0.0,0.006581801149679268,0.00648925845483971,0.0,0.011537522707383972,0.0,0.011594332894717651,0.0,0.00893097937381351,0.0017384233479446896,0.0,0.0,0.0,0.012208318435594057,0.0024869452248793035,0.0019350219245341793,0.0129289023374469,0.0025401152893127638,0.0,0.007469680498677823,0.011797465404591883,0.0,0.002678535140136816,1.0,0.0036132399853505827,0,normal,Normal
0.010428078740427183,0.0,0.022615436128271767,0.01394937020577347,0.01141460862429781,0.0,0.0,0.0,0.0,0.0005205219761366138,0.0,0.0,0.0,0.0,0.0,0.02271023586726841,0.0,0.0,0.0,0.21237974964284945,0.20547434430145897,0.003495410935431491,0.01482238912098353,0.004557018679400652,0.0040574972155005004,1.0,0.017772660970344027,0.01448598482160332,0.9968307855560429,0.994855180805218,0.9976847176587851,0.007866011707507635,0.9896987736610303,0.0,0.011341810314929287,0.0,0.0,0.0,smurf,1.0,0.008481187830469824,0.0,0.005473748578052486,0.011187022801354673,0.0059363439095725425,0.014690322124473637,0.013269847407157418,0.00019441014800152155,0.0020811972910261692,0.0,0.0,0.0,0.0,0.006581673422354496,0.0,0.005041745796652206,0.0,1.0,0.0,0.0,0.0,0.00784017823659796,0.0017676024363898772,0.0,0.0,0.0,0.0,0.0026560222855609023,0.0,0.005061590612123672,0.008967592565680164,0.0,0.0,0.0,0.006194287730097934,0.004242439499159763,0.01637777505387438,0.011115544655475275,0.0,0.0018642722007643998,0.003842913309443747,0.0,0.0,0.0,0.0,0.002632195678733262,0.0013152831001224878,0.0,0.0,0.0013394381868464381,0.0,0.03707406418324098,0.0,0.0,0.006217729159395121,0.009911341300463773,0.007338457845585789,0.013789153638311086,0.0,0.0,0.017172354801769096,0.0,0.0,0.0,0.0,0.0,0.0,0.0006538729621170944,0.0,0.003192813957671323,0.0,0.011810271709023988,0.0,0.0,0.0029911251799796335,0.012383707483165668,0.00869737637519076,0.006210856427488577,0.0,0.0,0.0,1.0,0.0,1,smurf,DoS
0.004797492651813515,0.006413445154298546,0.0,0.0,0.0025225842891010205,0.011043073166866898,0.007113127742688863,0.00535866382742168,0.988700886532233,0.004457765855961383,0.0,0.0,0.0,0.0,0.0,0.0011083035463047084,0.0,0.0,0.0,0.018268460464208693,0.03897899481630819,0.07707072931009606,0.0502322436162128,0.012715820346224134,0.0,0.9828968256783064,0.0,0.22219995311234222,1.0,0.9763675164115241,1.0,0.0,0.0,0.002482138077827463,0.005286348696988106,0.0,0.014475662989502652,0.0,normal,0.0,0.9863304262861243,0.0019508183148426032,0.0,0.0,0.0,0.0,0.0,0.0,0.01768217330313385,0.0,0.001912191734922884,0.002583697115616693,0.008020197538680943,0.0,0.0035008874046842642,0.015564754764698645,0.0024253830024780817,0.0030962945060339976,0.0,0.0,0.0,0.008794859287067783,0.0,0.0008600445991699204,0.0,0.0,0.9818475511676734,0.01914592582233835,0.0,0.0008992758112844705,0.0,0.0071441481960008366,0.0005590073532958094,0.0,0.0,0.0,0.0,0.008379615533187303,0.0,0.0,0.005675164496826506,0.0,0.00672225277054752,0.0,0.0,0.00248394184638741,0.008724209934448553,0.0,0.009218127547233472,0.002791967143046465,0.0,0.014233033043667437,0.013316411319486814,0.0,0.0,0.0,0.0012303289218714955,0.015345712581436764,0.0,0.01414096026514697,0.0,0.005098271743422282,0.0,0.0,0.0018370766749090026,0.0,0.0,0.010585704199846597,0.00831214418277862,0.0018476844681715096,0.004953495750567088,0.0,0.0,0.009571846014393374,0.0,0.007173165394853588,0.020184259477446304,0.0,0.0,0.002361889237384515,0.009347007152411487,0.9921167169917321,0.0,0,normal,Normal
0.0,0.0,0.004021354145120919,0.0,0.004031177371551425,0.0,0.0,0.01484661324739732,0.0,0.0009606552064528817,0.0,0.0008770235847373379,0.0,0.0017831618318568062,0.012323458877296686,0.0,0.009918323469428994,0.006305185744936165,0.0,0.23402060864137053,0.240336472889145,1.0,1.0,0.002164334403694181,0.0,0.9931955084114635,0.008518700283402942,0.0,1.0,1.0,1.0,0.0,0.0023741386099363536,0.0004890075008759358,0.9927640101281128,0.9931094974229433,0.01508611967899891,0.0,neptune,0.0,1.0,0.013626831434845941,0.0,0.005812500197614111,0.0,0.0,0.0,0.008551996056281593,0.005267047315599924,0.0030070799770010766,0.0011175226648506133,0.0,0.006104791093095672,0.0,0.02167903861189424,0.014458700137468814,0.0,0.017737393317508673,0.0027910129830955623,0.011473995216099916,0.0,0.0059375716261605435,0.0,0.0017396167815530083,0.0,0.0,0.0,0.0,0.009183178327599366,0.0,0.0032084964164540027,0.0,0.0,0.02057610231034293,0.021588275434986308,0.0028305901425358625,0.0010098174404216042,0.0,0.005250518787975599,0.020411396282359103,0.0,0.006788628439001711,0.0024587029419332477,0.0,0.012202705662745415,0.0007260418214459314,0.0,0.01037693814335319,0.0,0.0,0.0,0.0,0.016569032910358904,0.0,0.0,0.01588710418548057,0.0,0.009716074347198926,0.0,0.007036040499134236,0.0,0.005913480302832841,0.9949827953592356,0.006242910221831688,0.0,0.0,0.007493087663512477,0.002385785574161202,0.006202469930697431,0.007461506362189732,0.0,0.005458674796868394,0.004359942502498918,0.005394112357410516,0.005658844855843415,0.013278651417195786,0.0,0.9953215733465429,0.008999436416238684,0.007564318147768245,0.0,0.0,0.0,1,neptune,DoS
0.004407565036871211,0.011355291434327053,0.012134563339039787,0.0,0.0,0.0,0.011404093080622854,0.008898125824908124,0.0,0.0051811651481201895,0.0077218134195856936,0.0029297957149642517,0.0,0.005034861984429765,0.004922510158974262,0.0,0.004765437637999064,0.0,0.027353261540437566,0.020973276327929537,0.0034128079813098102,1.0,1.0,0.0,0.0,1.0,0.0,0.008694927872229054,1.0,0.525067546410031,0.5439437282055971,0.4392544219985946,0.0077130868169976476,0.0,0.4329051333752348,0.8005151063103293,0.40810667545024243,0.012488846534496414,processtable,0.007734549131809888,0.9990892435661628,0.019011008610826007,0.021006720367066266,0.0028314033654259045,0.009039737214682115,0.0,0.025420137395500572,0.0,0.0,0.0,0.0026246889213658716,0.0,0.0005405618750293742,0.004981465126319909,0.0,0.0,0.0023407291368181277,0.0,0.0,0.0,0.006752340889460186,0.0,0.013790385901632807,0.008613987617289433,0.0,0.011129717313561088,0.025360723843539854,0.0,0.0,0.0026295846438347333,0.0,0.0,0.010497692205908307,0.0,0.001263802583320846,0.01385529665147976,0.012288875799337625,0.0,0.0,0.014205852324822337,0.004318305929388302,0.005825306134976519,0.0,0.007702584745323869,0.0001623871774983765,0.0,0.0005712102526284453,0.0,0.0,0.0018536169147682871,0.0,0.0,0.0,0.0,0.0021790213068924734,0.0,0.004552870985270778,0.017834537473494047,0.0,0.012412671712733355,0.0,0.014732178164510088,0.9871713666200581,0.01653226195861573,0.013041469410434695,0.000371175839885076,0.0,0.011558919419664516,0.0,0.0,0.006120598376845806,0.0,0.0,0.0,0.0,0.00503754262855847,0.006358729078285615,0.007550077637875493,0.0,0.0,1.0,0.0,0.009516521476888943,1,processtable,DoS
0.00570555009080563,0.006433722045949369,0.004084697864732967,0.0,0.0,0.0,0.0,0.0,0.0,0.0,0.0,0.01114191181167503,0.0,0.006292989968850157,0.00502033532511162,0.0018666315281603391,0.0,0.003016362889121995,0.0,0.1945398919495451,0.19334908677993407,0.9818695855184989,1.0,0.0,0.0,0.9844044015803551,0.0,0.0,0.9957504119136857,1.0,1.0,0.0017364427790585763,0.004266230325598565,0.0064776414491781314,0.5145534588615197,0.5179763152178868,0.46271720951495093,0.44399885129143246,apache2,0.0,1.0,0.0251143710030061,0.0,0.00793740924418073,0.003243139021602414,0.015314927346310063,0.0,0.00547975762845226,0.000651290568418163,0.0014754686654331359,0.003483344908777435,0.004814976203513618,0.0,0.012320498910939037,0.0,0.0,0.0011896837295542995,0.0,0.0,0.0,0.0,0.0025979278479650765,0.0,0.0,0.018812936276534218,0.0,0.9897905217332897,0.0,0.010145033181147772,0.001958927731775092,0.0,0.0,0.014816572015245782,0.0,0.013101015252995831,0.0,0.0,0.0,0.0,0.0016166623831289388,0.0,0.0,0.006039901860986907,0.01204916019686238,0.015523772631976563,0.0,0.026178057961832556,0.0,0.00019232995896206653,0.0019133871235489772,0.006204562951187006,0.001945534112794142,0.0,0.0,0.0,0.014430938798858758,0.0,0.007947752498902035,0.0,0.0,0.0039837067983876946,0.0,0.0,0.0012490490156546255,0.012165508988218736,0.0018130485728574085,0.010645067552685785,0.005221526397810463,0.014563903817585556,0.0,0.004462475096354861,0.0,0.004584575654289276,0.0,0.0,0.012718782859128306,0.0187354153439146,1.0,0.00908973359448317,0.009903581002515253,0.0018681944017008092,0.0,0.0,1,apache2,DoS
0.0,0.004959044005403235,0.019247822268396258,0.0,0.007441366027014248,0.003405854526278806,0.0,0.015409232812295587,0.0,0.0,0.0,0.0,0.0010170985938438531,0.01308687391491097,0.0,0.004393752088521774,0.01210695292526666,0.0,0.0,0.0,0.006152001714461307,1.0,1.0,0.0,0.0,1.0,0.0,0.003918339651632093,0.4682381394586177,0.3268843358680953,0.3442983277639707,0.013221275053287834,0.013887330644635898,0.02586604432302399,0.9949425410606209,0.9967093924273555,0.006705908580005285,0.009894325619554925,mscan,0.0,1.0,0.010266229342996374,0.0063127607472881495,0.021400678313311983,0.0,0.0,0.0,0.0,0.0,0.0012023794144754977,0.0,0.0,0.0,0.0,0.003527558007415473,0.0,0.006658030770842004,0.017792298336871827,0.0,0.0,0.0,0.008163370548351749,0.0,0.0,0.004102941207559625,0.009041220441663668,0.0,0.0,0.009380058261062557,0.0,0.008619540901205518,0.0,0.010890276207894008,0.0019769451348801365,0.0,0.0,0.0,0.0,0.0,0.0,0.0020235775924962837,0.0024274533907043217,0.0,0.0,0.0037485027057068865,0.016897441342933008,0.0,0.013650133888110424,0.014286909109650477,1.0,0.008632595923218722,0.0,0.00019746471201608734,0.006000491871174054,0.0017916880282017652,0.012407000996634915,0.0049950046047088845,0.002320743768828759,0.0,0.0032470046553023007,0.012387127719904847,0.0034205322746315697,0.0,0.0,0.005976150393568437,0.0,0.011467978037075529,0.0019926342170880056,0.0011564515486500117,0.0,0.0,0.0,0.0020259018043074233,0.009548225860165318,0.0,0.0,0.007284486462760118,0.9988324466385704,0.0,0.013773233704006169,0.0,0.0,0.010464093056021306,1,mscan,Probe
0.0021124652616545865,0.0,0.0007326360692708699,0.0,0.007679891665958286,0.0,0.0,0.0,0.9934928353337122,0.015497499251042792,0.005745164206772235,0.0,0.0,0.0,0.0,0.005007197670453575,0.004756749937933223,0.0,0.0,0.0,0.0,0.0,0.00625845251714059,0.0,0.01093106868957298,1.0,0.0017320358672142067,0.0,0.44726744611548935,1.0,1.0,0.021660452806117083,0.01116332201594875,0.0028571200522091566,0.0066459427941086896,0.005983764629244458,0.012954691295941312,0.0,normal,0.0,1.0,0.0,0.01482448493168852,0.0,0.0,0.0,0.007087049335273839,0.005501986902560524,0.0,0.006256200689656467,0.0015204924058873,0.0,0.006280600766619202,0.0,0.0,0.0,0.0,0.010119996429768246,0.0,0.0,0.001685545347523304,0.0,0.0,0.0,0.0,0.002549143410764679,0.9989835580471503,0.0,0.009794008121090929,0.0,0.0,0.003389463485797175,0.004342009311192162,0.0,0.009891276069787968,0.0,0.0,0.009091601574831455,0.006978380304502381,0.013561570985567026,0.0,0.0009752000573804509,0.003710527893602992,0.01239052490953784,0.0,0.0,0.0,0.0016738884001100927,0.013145708036606982,0.0,0.0,0.0012492068610858802,0.010332535671934213,0.012071827638219762,0.0,0.0,0.007190457587726681,0.0,0.0,0.0,0.0,0.008465932889371903,0.012090195671125637,0.0,0.0031219897945514025,0.0,0.0,0.003409055716824149,0.010501693561632938,0.0,0.0044672708678937965,0.0,0.0,0.013562886595769999,0.0,0.0,0.0,0.01580913017664198,0.0,0.0,0.0,0.9999148803572404,0.0,0,normal,Normal
0.0,0.0,0.0034676159916063056,0.0023858989981513728,0.0,0.0,0.005894542201085237,0.0,0.0,0.008505383670049951,0.009712747376679372,0.0,0.0,0.00200502527447254,0.0,0.0,0.0,0.0,0.0,0.38967428727959774,0.002345415585075207,0.9954656721484441,1.0,0.010491979891547838,0.0029148865555716475,0.023794647173905843,0.09854466841028173,0.009543523580349102,1.0,0.010526758635411231,0.005185116875422639,0.1020253111440841,0.0,0.0,0.9954880321179734,0.990870573275024,0.007608471320674784,0.006390473947835488,neptune,0.006186708113663504,1.0,0.0,0.0,0.0015959261414569485,0.0,0.008688345163747195,0.0,0.0,0.0,0.0,0.0,0.0,0.01785429010958181,0.02078236423756852,0.0,0.0,0.0,0.0,0.005586214119304912,0.0,0.00780868197985413,0.0,0.0,0.0022423704738714686,0.008065298299316207,0.0023764387804635005,0.0,0.0,0.004408614613818949,0.0,6.474271911692879e-05,0.0,0.001047451189682689,0.0,0.0,0.011864927525557525,0.0,0.024145387469864676,0.0,0.015905482747260447,0.0139557647924916,0.0,0.0027638512484309216,0.0045096478690397,0.022562534879551732,0.007689645640911485,0.0,0.0,0.014065554836435588,0.0,0.004950842094090049,0.9806445728172187,0.0,0.009670774087055542,0.007187524817294012,0.0,0.00318890752991121,0.0,0.0,0.0,0.0,0.0,0.0009860174812780292,0.0,0.008389639094009776,0.0,0.0,0.0,0.007825773396089282,0.0007250965670424919,0.01512199550803639,0.0,0.0,0.0008607465843083525,0.009843792284175288,0.0,0.004309152880257878,0.9937976774755507,0.0,0.0008384227609500955,0.005239708927834514,0.0,0.005531575217616676,1,neptune,DoS
0.0,0.0,0.01814725903537768,0.0054978569899675565,0.0,0.0,0.0,0.01145726141753129,1.0,0.0,0.011563498104686687,0.004718934355119415,0.01757480458703609,0.0,0.0,0.007839723320093955,0.004968882729807913,0.0,0.014538815576925138,0.07930813887987281,0.07223731828058587,0.001553481181640222,0.011792479999411704,0.0013786551755314521,0.0,0.993144590707704,0.0,0.05265668711470499,0.6211702363361203,1.0,1.0,0.010867551930950915,0.0035950608160884075,0.010567118856803977,0.0,0.011140353752380587,0.0,0.0063877848091320934,normal,0.004536190124440673,1.0,0.008785389394943976,0.013747510001250646,0.0,0.0,0.005229289329565129,0.0001762675699936171,0.0,0.01235262023668463,0.0,0.0,0.0,0.0,0.0,0.0,0.016785859222379407,0.0,0.0044778395722039075,0.0,0.0,0.0,0.00248860052464208,0.0050290501873536024,0.011872869738655934,0.0,0.003917182670455244,0.9948607351554518,0.01751818927503986,0.0,0.0,0.0,0.0070480658980366685,0.002115052099478348,0.0,0.003962714127484821,0.020205640815929248,0.0,0.0,0.0,0.0,0.0,0.0,0.007685090842538028,0.003359971606522443,0.0,0.0,0.010316284446946176,0.008375022855188926,0.0,0.012780155120182353,0.0026761747670181143,0.0,0.0,0.0,0.0,0.0,0.005219630209524467,0.0,0.0,0.005431865135127889,0.0,0.015085161379990924,0.0,0.008691071753511572,0.0,0.0,0.0063863992269473455,0.0066506381702604945,0.004256137057274948,0.0,0.0,0.0009574493008865628,0.0,0.017125003368695144,0.00623272431483091,0.00035375830961581706,0.014301749864309604,0.0046627018519688175,0.00471193918654602,0.0,0.0,0.997512376909234,0.0,0,normal,Normal
0.0,0.0,0.0,0.0020014102402661506,0.0,0.01734044359754562,0.0,0.0,0.0,0.010579783044653153,0.0,0.0,0.010343220766656532,0.011854812878198681,0.0,0.0,0.0,0.0,0.0,0.13376652694250182,0.24884850247351245,0.00015727058057085508,0.0,0.0,0.012430124735056801,0.9976172553657219,0.024017251158569786,0.02855416861128337,0.9955576462651352,0.9849622147934136,0.9964909486566981,0.007317539740088667,0.0,0.0,0.011772819953456947,0.0,0.018021212892080866,0.017621434507659964,normal,0.0,0.0,1.0,0.014617889351489952,0.0,0.0,0.0,0.0007480137735756991,0.0,0.0,0.007022523376336074,0.008036851683787106,0.0009630728390955447,0.0,0.002929450378915029,1.0,0.0017927542289329552,0.0074663399097651285,0.0,0.005045589858262601,0.0,0.0,0.0,0.011991166496324987,0.0,0.0,0.0012660650329785075,0.0,0.0,0.0,0.0031163538914838465,0.0,0.0018998048641617152,0.0032097089769451198,0.0179314886327368,0.005011594965333617,0.02076031383470836,0.0,0.0,0.016824783640995385,0.013487603390990276,0.0,0.004131276844183776,0.003559183618423835,0.0,0.001267454809253783,0.003996632757566303,0.0,0.0,0.0,0.0028745917387000275,0.0,0.003122404897938826,0.0,0.0,0.008322737936712095,0.0,0.02000773727645326,0.004626115019223902,0.0,0.0,0.004632347285055831,0.0,0.0,0.020567832720508786,0.00826413302880714,0.0028456705515821083,0.001024190234212111,0.004583105681669089,0.007612405477692335,0.004003071147370271,0.0,0.0,0.0,0.0,0.011480717085346552,0.018302405852976274,0.007366383143321644,0.0015202157592865168,0.009221695610247852,0.0,0.006448800215546865,0.9956729248325583,0.01025027603229409,0,normal,Normal
0.0,0.0,0.0,0.0,0.006023562584652323,0.006656999420541621,0.0,0.0011203145201569354,0.001707153981925618,0.0,0.0,0.0,0.0,0.02059802078856268,0.0,0.0,0.0,0.0,0.0,0.40239359992081525,0.005050339993628411,0.004713410219076084,0.0,1.0,0.9945006019069723,0.027223183066459267,0.06697677254967832,0.002416977465700736,1.0,0.04359682310012676,0.037415421861225824,0.07155650258713689,0.009573331929772985,0.011411526489572736,0.0,0.002575508713287534,0.9851378070578909,0.9978464490156644,neptune,0.0,1.0,0.004533377377266458,0.010928269754839471,0.0,0.0027000475285534043,0.001241380955214154,0.00920440858450796,0.0049947931184888186,0.015270761270576312,0.0,0.004598577825672278,0.0,0.0,0.009210951369091253,0.0,0.0,0.0038787525648448407,0.024299363038022423,0.0,0.007237739261428305,0.020218054512018777,0.0,0.007136418499042384,0.0,0.007187390602508565,0.007989599432644403,0.0,0.002273418385895124,0.0,0.0,0.003978962637300894,0.004833786917949573,0.0066060129965062235,0.0019207765086021863,0.0,0.004161737849998131,0.0,0.0,0.0,0.005353256940615059,0.002453066944566718,0.010162544431511487,0.012355087472940497,0.016338718576286257,0.003579947476575291,0.01912301996608238,0.0,0.005049132252577424,0.0,0.011910069224581798,0.0,1.0,0.0,0.0,0.005469637523239628,0.023766619842842517,0.0,0.0,0.01684610346548534,0.0,0.0,0.016884826164923563,0.0,0.020857101330292047,0.0,0.001747702239907919,0.003305752243793442,0.008092108408032372,0.0020896653535848646,0.0026284200225281675,0.0,0.0072662418377078255,0.0018809761510959594,1.0,0.0,0.0005466725034717176,0.0,0.011600090424604395,0.007213633862195979,0.0,0.0034905712633168766,0.0013554751805065562,0.013354779927626754,1,neptune,DoS
0.0,0.01771970458832717,0.0,0.0018299635472300128,0.0,0.003913591157504316,0.0,0.0,1.0,0.0,0.0,0.016503603654011302,0.0,0.0014233776951730406,0.012255408741279242,0.0,0.0,0.0,0.001969975202318752,0.01921043776542974,0.018527248709545863,0.0028558839795267492,0.00491192773959417,0.009047231963817652,0.011941671907856152,1.0,0.0,0.18626859964109177,0.07107427710253317,1.0,1.0,0.0,0.04043788597844811,0.04140427100198817,0.004923794697144304,0.007315414958876216,0.0,0.0,normal,0.01067303076784649,0.9931663311981693,0.0,0.0,0.0,0.0,0.0,0.008383474527653869,0.0012211802169508593,0.008964839332187974,0.0,0.013176550389830599,0.0019569144937304447,0.0,0.009072793719895144,0.021003022066838337,0.013414735210900265,0.004771508625717732,0.0,0.0,0.007819871175262335,0.0026929990536386536,0.006213565776477128,0.0,0.005501385903156515,0.003327426696321068,0.0006861217352859625,0.9998984370938626,0.011273612138968062,0.0,0.005674219282710952,0.007298154212739636,0.0,0.0007645887656465433,0.006029960319410771,0.0,0.007945799828383704,0.0,0.0,0.02132934531660549,0.0,0.0,0.0,0.0,0.0,0.006659477969791293,0.017250854647573716,0.0,0.0007315415193650488,0.007273757215770425,0.012637807600267892,0.0,0.0,0.0026697310924136816,0.0,0.015784741247523368,0.003970679843625827,0.007908996569783033,0.010773204031957615,0.0,0.0,0.0,0.011415003680715883,0.021403410849250917,0.003042673729311036,0.0037057884012177906,0.0,0.0006366514089840732,0.0006128410822888229,0.0,0.02163540025381458,0.004706486150184655,0.026096273127755212,0.005593321415829455,0.0035457255904459434,0.0032719340599312984,0.00904434338744259,0.0,0.02123515395505001,0.0,0.0,0.004652037378849601,1.0,0.0,0,normal,Normal
0.0,0.0,0.008403040644420252,0.0,0.009734093061916992,0.0,0.004693251497349589,0.0,1.0,0.0032908333315459742,0.0,0.0,0.016208100940942688,0.020400243260339592,0.0,0.005556255887766375,0.0015572986548551863,0.0,0.0065625088050381974,0.03761719220635723,0.031890309843484746,0.0,0.0,0.006962969874823546,0.02169892386444318,1.0,0.0034223799510193177,0.0,0.15516426783757184,1.0,1.0,0.0028430392230917273,0.019128700880562698,0.04652755933970461,0.0,0.0,0.009811672139104461,0.005168003257184612,normal,0.0,0.9984637352361031,0.0,0.0,0.009244867491923272,0.0010971240799766634,0.0,0.02497600754139011,0.01397224299739533,0.0035061405378239924,0.00882753280105135,0.0,0.015198020594994446,0.00375916725060489,0.0005632670632089928,0.003715619271471047,0.0,0.005168003772146919,0.0,0.0,0.0,0.0,0.0,0.0027771099349176613,0.0,0.0,0.0,1.0,0.0,0.0,0.00025667134167206004,0.0002617986518999977,0.003611468287285,0.009664349748993658,0.003424742082456681,0.0037295157292347716,0.0006517434446052694,0.00984507701045754,0.002011198759747826,0.0,0.0015674574182271506,0.008308631441233458,0.0,0.0,0.0,0.0,0.0,0.009162882973542756,0.0,0.001974235087758098,0.003574317504965178,0.003275663374870153,0.0,0.010088187612611271,0.0062020067576250195,0.012368643010970183,0.0,0.0057339868879064185,0.011337367308064752,0.0,0.0,0.0,0.009656146495890116,0.0,0.002713736339105067,0.0,0.0033873751994388753,0.0,0.0,0.0,0.0,0.007265648682503476,0.011802219436819153,0.0,0.0,0.01239568773475898,0.0,0.0,9.314374982619629e-05,0.007498164460794409,0.00907612485942628,0.0,0.9947582110332785,0.0,0,normal,Normal
0.0,0.01986758416792132,0.0,0.0026963482573279067,0.012525201911563982,0.008133287784412262,0.0,0.0,0.9999222693268143,0.008294660744449402,0.005281705940426468,0.0,0.00774423637845137,0.0,0.0,0.014798326560394578,0.0,0.0,0.0019301598708166905,0.003090548058465646,0.006819054646992742,0.0,0.0,0.01072970677834824,0.0019621122524496114,0.9828100639553143,0.013996212496584112,0.0044895672072655,0.2617940596078527,1.0,0.9813625931742013,0.018243271558655367,0.028320225464517318,0.016142575414977885,0.0,0.0,0.0,0.010492245997022438,normal,0.0,0.9873690639691174,0.005232355208774814,0.025601049982020885,0.0,0.0005587478263014986,0.007216934671125167,0.0,0.0,0.015590841084840573,0.00681230859102001,0.0,0.0,0.0,0.005464437464514174,0.01868970389821794,0.012387581603406583,0.0,0.0018939760171555226,0.0,0.021570504826656598,0.0,0.0,0.0,0.002891404338876358,0.008385873307037769,0.0,1.0,0.0014946910850442436,0.005523852828821228,0.004505005653534955,0.0,0.002730503199827278,0.011627869313493867,0.008472931621520746,0.0,0.0,0.0,0.0,0.0055748385615175845,0.0036604624441143934,0.0,0.0,0.0,0.0,0.0,0.0,0.021299470362963133,0.0,0.0,0.0,0.0,0.0,0.011235472018278314,0.006837604157811179,0.0,0.00227054172911638,0.00750105165964135,0.003928414193569151,0.0,0.0,0.008066835308628197,0.0,0.0,0.0030160160745309863,0.0,0.0,0.017190337815748327,0.013944997691739998,0.0032796264527314716,0.007589163507740009,0.0,0.0,0.010956848531876453,0.005822713293567891,0.0,0.002325939768395546,0.009670382231266103,0.0,0.016397968763319535,0.0019488973932926424,0.0,1.0,0.0,0,normal,Normal
0.0051875844752816485,0.0,0.0,0.0,0.007875985950086161,0.010253660367215566,0.0017698489755714555,0.0,0.9962603289517666,0.0,0.017922118881488626,0.0,0.008961301326978931,0.0,0.008239519463870885,0.0026660880919341856,0.0068739232591769105,0.0,0.004121449978796302,0.0,0.01348632956539814,0.017050356415739015,0.007638717251579345,0.0,0.009798122924707978,1.0,0.0,0.0,0.06528620742192623,0.9928526769941901,0.9994698278402236,0.011978968859475978,0.04439707961012895,0.04169285909723601,0.0,0.0,0.0,0.002266874431037076,normal,0.02462516150627156,0.9939482476378139,0.0,0.007381864288150194,0.0,0.0,0.023029878209839098,0.0026732086840278043,0.015366609501287865,0.0043751777907916406,0.0,0.002911150223822339,0.0,0.004071092094095439,0.0,0.0,0.0031663544170290638,0.0,0.01264720622567086,0.0,0.01183623658383361,0.0014034983402881973,0.0,0.0,0.0,0.0,0.0008644678195990388,0.9864957467889308,0.0,0.007731663434798416,0.0,0.005764700518419687,0.008777624337115932,0.010677776710332484,0.0,0.029991724877094755,0.0,0.011134626135154486,0.0,0.0,0.0,0.0,0.006610631651029212,0.00501958959485248,0.0,0.003095546920495967,0.0,0.006684481961982859,0.0058818984828893,0.014393093606741665,0.011615939783866443,0.005770423670221182,0.0,0.008302302798274128,0.0,0.008008871259251942,0.0,0.0,0.0,0.0047501681613904565,0.0,0.0,0.0019767444543821785,0.0,0.00031332111763092174,0.0,0.016019822519919846,0.006049006413603562,0.0017256005077856756,0.010878464463463145,0.0,0.0013015603380868441,0.0,0.004016641169232987,0.0011684571346631438,0.0,0.0,0.0,0.012522289146138873,0.005777947368846455,0.007803841100412563,0.0032247879785593427,0.9948590663381043,0.0,0,normal,Normal
0.010310685724293982,0.007758808211548821,0.0,0.0006726390301451684,0.0016963745067183082,0.016427857613178682,0.0,0.0,0.9923397256767532,0.009743891478107128,0.0,0.0056337161533802005,0.021010191521860965,0.0,0.013615270834407625,0.0,0.005199340130627553,0.003108705252090241,0.002165316981877631,0.007317272082588364,0.011060950622302666,0.0,0.012269365092724485,0.0,0.004571995645525643,0.9982454793464882,0.00959737770202516,0.019844992729228038,0.9972047657983456,0.9915371315431849,0.9945484183633271,0.004259513329489897,0.0,0.01683464195168673,0.0,0.001690542455922034,0.0,0.00363623299953907,normal,0.008075671495193757,0.9903070608413892,0.0,0.010541136586362196,0.001698078878415151,0.003338953645011477,0.008770146566679262,0.0,0.021694010327426554,0.014618842909278468,0.0,0.010861000326903927,0.0,0.0,0.0,0.0021707760559852517,0.0,0.0016504329714554459,0.0030093197596669802,0.0,0.0019429914253397997,0.009563105671194717,0.002378344616108675,0.010527749316982051,0.0,0.007846501191773578,0.012399155032961478,0.9960873682726967,0.0,0.0,1.340651948899331e-05,0.0,0.0,0.0006821701452480867,0.0,0.0,0.0,0.0,0.0,0.016653836238988612,0.0,0.017092582481435074,0.00030676316841585406,0.0,0.002309966734679778,0.0,0.014254493827804493,0.011617630534995095,0.016149503076436728,0.0,0.009820271253377089,0.007188191684883542,0.0,0.016636716247829978,0.0,0.00021552183977810772,0.009293746691240853,0.00044077598825845957,0.0,0.0,0.0004504824134598716,0.0,0.0,0.0036167211725112052,0.0,0.0,0.0,0.008876362894487327,1.1375147488316975e-05,0.0,0.010842551864761392,0.0,0.0,0.022149248875441147,0.014416058432653643,0.003001758209035623,0.0,0.012274700041140433,0.0,0.0024051257808967125,0.0009687931302135419,0.0001062420098648494,0.9951136493695129,0.002059453586863831,0,normal,Normal
0.01104565945162086,0.0,0.0,0.0,0.0009143592097363531,0.0011419959221365265,0.0,0.011750844438306863,0.00437875136130026,0.0,0.0,0.012009157073966664,0.0,0.016090763651733675,0.015342095225825072,0.0,0.0,0.005826886611611579,0.0,0.015429474394250853,0.016182265602722446,0.007801356606140515,0.01031842907742222,0.9899912876782933,0.9912641168241051,0.9992557019341576,0.0,1.0,0.9926272249359558,0.07562980255067113,0.07989007677988383,0.018740991453706786,0.0,0.002747153134726353,0.1532851544994782,0.0061394714680127254,0.23460562591771458,0.9871146503991907,mscan,0.010764178174763153,0.9940647609810452,0.0,0.0,0.0,0.0018009770957116147,0.0,0.00831607194747951,0.0,0.01181553300396909,0.007600723267999792,0.0,0.0,0.004326137608605426,0.0,0.0,0.005407535967894279,0.007491782596302025,0.0,0.0,0.0,0.0,0.0,0.0,0.0,0.0,0.0,0.0,0.0,0.0,0.0,0.0,0.0,0.0,0.0,0.0,0.01238150349436695,0.0,0.0,0.0,0.0,0.007026250008393698,3.8278604033525944e-05,0.0,0.0,0.011513025755545832,0.015605245300949689,0.01992997134357314,0.0,0.0,0.9995178185397999,0.0,0.0,0.0,0.013749110919999035,0.006184012071236121,0.01315487253043429,0.0012206770486171247,0.0,0.0,0.0,0.0061939676651146525,0.0,0.016830803146179026,0.02405070333341719,0.0,0.0013073788983429715,0.0015064757478151184,0.0014703012132297772,0.010574188283846356,0.008420609549289604,0.004843724263706582,0.0061912710518899575,0.0,0.9935745269651063,0.008966894685163002,0.015882641459302828,0.0,0.010288785421245032,0.0018282598279555765,0.0064566880449980395,0.0,0.002950295721163461,0.005580753605479976,1,mscan,Probe
0.011318836059606199,0.0,0.0,0.022771309982164752,0.0,0.0,0.0,0.0,0.0032736979444844745,0.0,0.008880367689445126,0.0036008564959729016,0.0,0.0,0.0,0.007583201415197741,0.02064090876666171,0.0,0.009370900206897724,0.38922461913753803,0.010250647964052615,0.0,0.0,0.9899509452365552,1.0,0.02454984299591601,0.0726306617345424,0.0,1.0,0.006080816822294027,0.0,0.07383925287046804,0.011950977380431382,0.005656813643163968,0.0,0.0,0.998047861742216,0.9813065886731288,neptune,0.0,0.9941814361141558,0.0,0.0,0.0070120854902866285,0.0,0.0,0.005059040505039165,0.002327872552576455,0.0,0.00830220672940159,0.0006350625030676107,0.0,0.0009530925569683806,0.0016687948998361532,0.0,0.0,0.0,0.0,0.004343718397489628,0.0011654249100563074,0.009751669175285627,0.0,0.01289608305877367,0.0,0.016400573135912047,0.004144253321430521,0.0,0.010669388843142674,0.004677496018859295,0.0,0.006605869111105776,0.01438069174713678,0.0021912886665156417,0.0,0.0,0.0,0.0,0.01517165386087807,0.0,0.0001365867541079049,0.0,0.0,0.006889381200307553,0.0,0.0,0.008880515483516503,0.0,0.0001794885919152151,0.00450208110202242,0.0,0.0,1.0,0.009004415762878026,0.008739456358226849,0.0007947131139534316,0.0,0.0,0.004739587068275721,0.0,0.0,0.009865015782328635,0.010476930021165969,0.002627304432448705,0.0,0.004753210470865423,0.0,0.0,0.011424221994658866,0.017126610528330727,0.002323416925370323,0.0,0.005087973148954953,0.0034020200599672763,0.9896992342523854,0.0,0.0,0.0016951742044616577,0.0,0.0,0.0059941681481536025,0.0,0.0,0.0,1,neptune,DoS
0.0,0.0,0.0,0.02282742503362851,0.010969368768293077,0.00933797511098432,0.0,0.007090326695576703,0.011201843199624511,0.0,0.0,0.01402495867344343,0.0010516188583227161,0.0,0.009605806560112626,0.0,0.009286946854923291,0.0,0.002748706351601602,0.5763710979620292,0.5739753969469634,0.014122277699119272,0.0,0.0,0.005110011224402338,0.9888921296511779,0.0064176785564818775,0.0,1.0,1.0,0.998852681743169,0.0,0.9990778697785516,0.01858209512053394,0.0,0.009343926014609129,0.014869125935943988,0.0051550924559749045,smurf,1.0,0.0,0.0,0.0,0.0,0.0,0.008297152048829515,0.0,0.0,0.014210870273686069,0.0,0.011857945672165913,0.0054570667234123274,0.0,0.0008655489017466893,0.0030594430173631216,0.0,0.013619192228210253,0.992616367254109,0.0,0.0,0.008844599071909395,0.010321545638209424,0.0,0.0014719242058370567,0.0,0.0,0.0,0.0,0.017185853266557156,0.0,0.013916332444056637,0.0016387141132686862,0.0,0.00258128078053668,0.014445244685978423,0.00987693508196831,0.0033758198919395916,0.0,0.013962992680772572,0.0,0.007712886978426018,0.0,0.02578255316588807,0.0,0.007494990401970656,0.009468886504764224,0.01237549213469252,0.00021278509841329702,0.0,0.0,0.002881726523382154,0.009091061034027268,0.0075750322291893634,0.0,0.00042093970037595146,0.0018377866159006967,0.0032741358701265633,0.0,0.005200530749834747,0.003205028214111952,0.01570576891619604,0.0,0.00010258857889695017,0.01294500751962022,0.004549291514162376,0.00330195483877197,0.0,0.005944523402244721,0.0,0.0,0.0,0.0,0.012166505030361013,0.0,0.006953539704550569,0.0,0.0,0.0,0.0,0.0,0.0019014983146237738,0.9998267026656623,0.003086772216729056,1,smurf,DoS
0.0,0.0,0.0,0.016388388050938184,0.008577731050170961,0.0,0.0,0.016913663227350686,0.01485780894214829,0.0,0.0,0.0,0.010651396983292878,0.004810962289783854,0.006082326729489518,0.0,0.0,0.0,0.0,0.5310049915602163,0.022796879813446608,0.0,0.018603280148088704,0.9814197881695852,1.0,0.04720113657586063,0.058544759955574205,0.004160567612650215,1.0,0.05089052578700123,0.05909125412536639,0.0595774013780255,0.0,0.0,0.007633930318226956,0.00036108163160201897,0.9927873835682245,1.0,neptune,0.0010321947048012006,0.9957073748927612,0.0,0.005010728623735364,0.004514212236887058,0.0,0.01289115842366683,0.006472705857458767,0.0,0.0,0.0,5.952807811083768e-05,0.0,0.0,0.0010014759316372781,0.0014298894896399798,0.0,0.0,0.0089964576801733,0.008060955621940846,0.003210672710311565,0.012406070743762567,0.016504374631125588,0.0,0.0,0.0,0.0,0.0066868823115291,0.0,0.0,0.0,0.004628740501359529,0.011782163083144873,0.0,0.0,0.0,0.0,0.0,0.009548839198901345,0.0,0.0,0.0,0.00990350500592205,0.0,0.0,0.0,0.003661990377457972,0.002284828220536259,0.0,0.007726460290231623,0.007872710797759978,0.0004652094383040346,0.990332081911964,0.022167302046515767,0.0,0.016532817044292252,0.0,0.0,0.0,0.0,0.0,0.005087228392492185,0.0,0.0,0.0,0.020415955995978115,0.01237561028263629,0.0,0.0068271316651960755,0.012405936430705394,0.005376235525373104,0.01494136787272478,0.0,0.0,0.9783035917698119,0.0,0.0,0.0,0.0,0.0,0.0010068835473469261,0.015118780232216198,0.0019385344801085098,0.0,1,neptune,DoS
0.0,9.246538875663833e-05,0.0,0.0,0.0,0.008652507659309104,0.0,0.0031070813196393933,0.0,0.0,0.0,0.0013099491500627397,0.0,0.009444561428619056,0.0,0.0005259836531956079,0.0191448124658706,0.012483678720176847,0.0,0.0043585266703689025,0.011838015450865045,0.9957571817816074,0.9967142816607034,0.0,0.004793961593246875,1.0,0.0,0.0,0.7687125522480038,0.0,0.01987708778164863,0.9949934850189319,1.0,0.002267283139566823,0.9897783692944715,0.9876240920671244,0.005628257490341939,0.0,nmap,0.0,1.0,0.01608147312400072,0.0031571272550405495,0.0,0.007403239381206857,0.0,0.0,0.0,0.0,0.0,0.0,0.0052797202888882865,0.0,0.007532715016189355,0.0,0.0,0.0,0.0,0.011190523755410676,0.0,0.0,0.007148847022499809,0.013165820576039891,0.0,0.004054978301372851,0.0,0.0007018690658315468,0.0,0.0,0.0,0.0010757022482497432,0.013948399486936673,0.0,0.008062887247307322,0.0,0.0023568106192024176,0.0016110986595343152,0.0,0.012567274896785757,0.008779844074859,0.012595441354423484,0.002875684947310403,0.0,0.0,0.0,0.009643320652693268,0.0,0.0,0.00512267468936434,0.010582711725857754,0.016543267702656343,0.9885505204125107,0.005998099530331562,0.013313957892654098,0.003190698045692214,0.005772714966947494,0.0,0.00392915765267805,0.0,0.0,0.0,0.0,0.0,0.0,0.0,0.009390085707591641,0.0,0.01686680530280492,0.0,0.0,0.0,0.011019698379652712,0.0015209092398435695,0.0028009660793205447,0.0064406087520640755,0.0,0.006443605209694561,0.0,0.006898091490802342,0.0,0.0,0.0,0.9863167600439062,1,nmap,Probe
0.0,0.015217958990125449,0.01438315477197699,0.0017604571528383993,0.024203539498927094,0.01537949564869147,0.0,0.006611614011391038,0.9956106222903015,0.0,0.006105360418335861,0.0,0.0011181592533792738,0.010125341135069545,0.0,0.017804117865271724,0.0,0.0,0.004446805478453561,0.02620859889678806,0.04476484103678409,0.0012641761116986689,0.031820548985725415,0.0,0.022536750141123597,1.0,0.0,0.10525348307070903,0.9989954079007689,0.9925096679103668,1.0,0.0,0.004942946860172937,0.028117779993692,0.0014756519909679426,0.0,0.0,0.0,normal,0.0,0.9946240358896732,0.010078018137130908,0.0,0.003185458206065514,0.0,0.0,0.006280849438324063,0.005621971830903084,0.0,0.0,0.0,0.009898947299504196,0.0073595888744135566,0.0,0.0,0.0,0.006353508609034755,0.0038172155998635496,0.0,0.0134109554470939,0.009007726663663222,0.013500044281542833,0.0006032901392526243,0.0,0.01979774840027973,0.006058588611442359,0.9917403505429377,0.0,0.009112503683490243,0.01236734993804572,0.008898738920361377,0.0,0.0,0.00026846276904306926,0.0,0.008231369290852063,0.0011903384094940938,0.0056038670526323865,0.00997483044643854,0.0014772882285285127,0.02466493828781492,0.0058026785127798085,0.0,0.0,0.0,0.0,0.0,0.021594231870149288,0.0019377394025529094,0.0,0.0,0.0,0.0007105647422437185,0.0,0.0,0.014038804961564406,0.0,0.007210447362085248,0.009593709186183165,0.00823291443966299,0.0,0.0,0.006214614945400849,0.0,0.0,0.006764707784957442,0.0,0.001980033732737754,0.0016451870022055981,0.0,0.0,0.01196742546044025,0.005067878619268218,0.007616894818383426,0.0,0.0022337330620122316,0.0,0.007378203348156577,0.0,0.001600283415171206,0.0,0.9929423332824274,0.006198790317464004,0,normal,Normal
0.0004346488084669499,0.001833681263559875,0.0,0.00028601402122583697,0.0,0.0011905741189046004,0.0,0.20151897427397866,0.0,0.0,0.0,0.0,0.0,0.010651128253787914,0.0,0.0,0.0,0.007550314036814675,1.0,0.0,0.0,0.0006786723964208882,0.002611985457597707,0.0,0.019525602027181004,1.0,0.0030985026656488784,0.008944078452158565,0.4912198005056233,0.2567237760871737,0.4598779466119613,0.024410968005458444,0.018350564495664662,0.0,0.01275831222521733,0.0,0.007122629154004188,0.0,guess_passwd,0.0,0.9934492776503875,0.0,0.0,0.0011844537319032646,0.0,0.005922243616885283,0.0007896995191144019,0.0,0.0,0.0,0.0,0.01369833732785979,0.0,0.0,0.0,0.0,0.0,0.005971926936402197,0.0,0.0061056101323830715,0.0,1.0,0.0,0.0069762067901738,0.0,9.156681761503423e-05,0.0,0.0,0.0,0.008276057780491416,0.0005756491759745775,0.0,0.01817786971798326,0.013222031974273279,0.0,0.0025766236557062854,0.0,0.0001673157093220112,0.008608779226434026,0.0,0.0,0.0,0.0,0.008437123932760903,0.0,0.0,0.0,0.0017820844176480771,0.0030133388347483928,0.0,0.01022523807740257,0.0,0.0,0.0,0.0,0.0,0.0,0.020902075384882132,0.015565678715277491,0.009606110026290129,0.0021582073903960554,0.007709332286572073,0.0061422210544418146,0.0027327755763056423,0.022877405407515414,0.010542227673291838,0.01531513726670857,0.019755696503777755,0.0,0.0018075437783910348,0.020197802695824465,0.008923675611941809,0.0044443834143676544,0.013267571057559324,0.0,0.0,0.002318925305502287,0.0003691452161317797,0.006482481238716841,0.006900885519803921,0.01296692210484942,0.9874897292116512,0.0,1,guess_passwd,R2L
0.18968824826503863,0.006799624052160923,0.0,0.004686276071508043,0.005559700797221877,0.0,0.011304783073725936,0.0,0.019270994128719993,0.020516105528829782,0.0,0.004353557344695939,0.00873882317304592,0.0,0.0,0.0,0.0,0.014566168640138833,0.0,0.0,0.0,0.0,0.018856415741149296,0.0101891170653573,0.018298649281694786,0.9833118782394737,0.0,0.0,1.0,0.01915689017736029,0.019123945148138328,0.8660774564219123,0.0,0.017001312094719244,0.006531255643823501,0.0,0.8517290641159353,0.0027297215728254226,processtable,0.0,0.9943233025414614,0.0,0.00018277852986517016,0.0,0.010201015639990612,0.0,0.0,0.0076466091381687945,0.004636797078100765,0.00950083150419109,0.004789134506768374,0.0,0.0,0.004207120560324502,0.0,0.01095926395093203,0.017274095257088746,0.0,0.0,0.0,0.0,0.0,0.004151449831596469,0.0,0.0,0.0,0.0016296752741725951,0.0,0.0,0.0029744388996412207,0.00032958401187190614,0.0009388445652663929,0.007310549431570379,0.0,0.022273852254902204,0.006134788500575891,0.0,0.0,0.0,0.0,0.009300392815480944,0.0079892672093308,0.009351582254519129,0.0,0.00841640642335939,0.0,0.016904973906957537,0.007907750558162957,0.01769920341302549,0.0032852853287751267,0.013020118618862191,0.005271097264909157,0.008072733317739077,0.0,0.0,0.0,0.0,0.00895262574198503,0.00716580070275543,0.0,0.0,0.008034190878042082,0.997229785975535,0.0,0.002223673667130995,0.011952920210055337,0.006962654136909996,0.0,0.0,0.0,0.005316321978150362,0.0,0.0,0.004115906122923983,0.0011051049141323182,0.007726415536422542,0.0,0.014222658378021863,0.0,0.0,0.009073744724690185,1.0,0.0,1,processtable,DoS
0.0048723825011911135,0.008678320730610142,0.0,0.0,0.0074215827574479224,0.0,0.008423159516221648,0.0,0.9944039503816005,0.0,0.015345439351057375,0.00899259568411175,0.0,0.0,0.013458259525209309,0.010676849293024935,0.0010424102264971432,0.0,0.0013912685738296504,0.0,0.0,0.0,0.0,0.0,0.009174221826922024,0.9849258020695852,0.004768428063562353,0.005239767298303765,1.0,0.9976312658589552,0.9808022953299468,0.016553192074241524,0.0,0.009980931347905845,0.013674463128982087,0.013154931042552519,0.0,0.0,normal,0.017051873382256992,0.9993017585689696,0.0025796119573817384,0.00047592024925210887,0.004555343913987336,0.003900546118091323,0.011083051218870264,0.0,0.013561286684503102,0.007744383847950487,0.0,0.0,0.0,0.0206057538780088,0.0,0.006081505217437075,0.005425604266475097,0.0,0.008002328091505978,0.0,0.003036062102790661,0.0,0.0,0.006085735211017311,0.0010422304748087614,0.010221097762223293,0.007442988499965722,1.0,0.004584875057121869,0.0,0.0007728231675827169,0.0,0.0038513062254969853,0.00954786507347579,0.0,0.0,0.0,0.003417739032065414,0.0,0.0,0.0,0.019790526116787745,0.0,0.01299893370716894,0.0,0.0034317421469580306,0.0,0.0,0.0,0.0010468564208271909,0.016959733647582895,0.019220411170617603,0.025176555753474716,0.0,0.011180724017429535,0.0,0.0,0.0,0.0018371360937495668,0.008082980449077104,0.006321952584516633,0.0,0.0032507392019705877,0.022941891440946396,0.0,0.0,0.0018479910852291642,0.0,0.0,0.02756984183742152,0.0,0.0,0.0,0.005342995095575058,0.0,0.009177362174765039,0.0,0.004997633570479657,0.0,0.009253925529729342,0.0017885549188661285,0.0,0.9880844878820735,0.0,0,normal,Normal
0.002557094941972177,0.0,0.009283010329972476,0.004404726147729024,0.0,0.0,0.0027954956554623973,0.0,1.0,0.00020524064141624472,0.0,0.0067511210867120044,0.0,0.0,0.0,0.0,0.009661732855442305,0.0,0.0,0.005184849280876406,0.0,0.0,0.0035851276599733646,0.0,0.0,0.9979785347603202,0.0030473803536428625,0.0,0.9964795330434743,1.0,1.0,0.0,0.0042179409624151995,0.010237704941851635,0.013317001218873812,0.0038928716715645635,0.0,0.005197118633710255,normal,0.0,0.9901005532350894,0.004021469102343653,0.0,0.0,0.011521210512679687,0.00245039173919508,0.0,0.0,0.0,0.0,0.0,0.0,0.0,0.014074703335350141,0.010987865848635082,0.0028483396011273906,0.014350646897489284,0.011966827204475155,0.005628929774162603,0.0,0.020228415841383667,0.0,0.01982818103999635,0.010249433070434355,0.0033452795398494664,0.003187014679298543,1.0,0.0,0.0,0.0,0.006928340525586927,0.0,0.0006525527261979745,0.006663103068918351,0.0,0.0009280296811747229,0.0,0.013944645987032019,0.01288133422463977,0.0,0.0,0.003445050029816724,0.009816432519544609,0.0,0.012778016654180394,0.0,0.012667564385190313,0.0,0.0,0.019107704900393478,0.010573431044281103,0.0,0.014632208913001777,0.012788679238730456,0.0,0.0,0.015948406516333766,0.0,0.0,0.0,0.0,0.0037729662743596322,0.005518250696019471,0.0,0.0,0.0,0.00709479778321572,0.0,0.0,0.018149222392868397,0.0,0.0,0.0,0.0,0.011187791917360768,0.0,0.0,0.0,0.018034628100836173,0.0,0.0,1.0,0.0,0,normal,Normal
0.0036304685066390675,0.005110645930706243,0.02180277464127284,0.0,0.004481571050413888,0.0017150076329312672,0.011098319549675674,0.0,1.0,0.01332621372564657,1.0,0.00990872681120345,0.0,0.004630893499156853,0.0,0.0,0.005562439596843798,0.0073124219864242395,0.0,0.0,0.004464732411433115,0.013720775002373946,0.0013095012373345338,0.0,0.0,0.9956259532101848,0.008307197598910972,0.013308059832327485,0.12270394644781707,0.9949658894539426,0.9900891761748931,0.0,0.009482330400314466,0.024561954954029023,0.006117085749966919,0.0032545866542957754,1.4024955832141228e-05,0.0,normal,0.0,1.0,0.007596532031575251,0.015407997363237063,0.0,0.006315504727979711,0.001782328331181913,0.02477409494825988,0.0,0.0,0.0,0.02230615862158049,0.017854914616513323,0.0,0.000645448433480375,0.0,0.00668171162130696,0.0,0.0,0.0,0.003504045299952215,0.027624900771862092,0.003498511564064902,0.008879624662507612,0.0,0.009991989583945142,0.002807731170441305,1.0,0.0,0.007096874202148299,0.0,0.018947397548787954,0.010574240053093698,0.01878743049477624,7.910322370581613e-06,0.016164753876177263,0.003910680613641753,0.0,0.0054308260636901145,0.010512398346737532,0.0,0.0,0.0,0.0,0.0,0.00676239938265115,0.018360387061966896,0.016553218047145966,0.0,0.004672902200915244,0.0,0.0,0.0,0.007805915555456452,0.02785038133433294,0.0,0.017021708472659568,0.0034584817121924793,0.0,0.0,0.014288539504624765,0.007952869065486784,0.0,0.005285609402260659,0.0,0.0,0.0,0.0,0.0,0.014051024389822404,0.0036593733762936616,0.017760703499234552,0.010677120825857912,0.004780482796446537,0.0,0.008292883573356027,0.0,0.0,0.0,0.0,0.0,0.0,1.0,0.0,0,normal,Normal
0.01349159149330075,0.00394550009429939,0.018944007329884962,0.0,0.0043482591613779814,0.01179660163579754,0.0,0.0004011229580223811,0.018613084246556708,0.0,0.008551432632198179,0.0,0.0,0.0,0.014921691109225478,0.0,0.0,0.0,0.0,0.010291006217229677,0.004130880955332268,0.0035175047044316617,0.0,0.008360093810399902,0.0,0.9954126085728102,0.008731050027678898,0.005726376704991797,0.0,0.08987538317957953,1.0,0.0,1.0,0.16670707680903962,0.0,0.036963143315303065,0.0003197498540812111,0.0,warezmaster,0.0,0.9971990558896404,0.0,0.0,0.01739975043679626,0.0063937365865695695,0.0,0.0,0.008795079740875879,0.002327384060372462,0.0,0.008041014436013807,0.0,0.0,0.0,0.007568130941926367,0.0,0.005792549167203096,0.0,0.021677509690972752,0.0,0.02145111294155874,0.0,0.9986857185773353,0.003444972712163062,0.001042317462396459,0.0,0.0,0.0,0.004735826007549456,0.0,0.01636940475135454,0.0,0.0,0.0,0.017047810327579974,0.0,0.001266536518025406,0.019575797873609677,0.0,0.0,0.004518768361966346,0.028194109187468324,0.0,0.0,0.0,0.0,0.0,0.011030273444176421,0.0,0.0,0.0026291669442016063,0.0,0.0,0.016009147123676806,0.010737084318298824,0.0,0.0,0.008124904955082207,0.003918016950671761,0.009072917140065775,0.0,0.0019351621976465034,7.0773338675871e-05,0.004356512246838513,0.00012938656278024404,0.005393801055107461,0.0,0.0,0.008016080598949137,0.0,0.0,0.002591756765304771,0.0,0.0,0.0,0.00796438240528639,0.0097990956712268,0.007305648009948263,0.0,0.011820685928555414,0.0004195027138432158,1.0,0.004751818745948654,1,warezmaster,R2L
0.01274430735018833,0.0,0.0,0.0,0.0,0.0,0.0,0.0,1.0,0.0,0.008789614213421748,0.011762121114307616,0.005154405293858639,0.0,0.024638150478568592,0.012970634213404051,0.007837794429366442,0.0,0.0,0.0,0.0,0.0,0.0,0.0019489172799568857,0.0,0.9822241035680166,0.009624704392843282,1.0,1.0,0.9880473888645173,1.0,0.0,0.0,0.0,0.0028343962430575687,0.015884292685574734,0.01835441389311351,0.0,normal,0.0,0.9881609057186461,0.0,0.0,0.0,0.0,0.0,0.025108723907693135,0.016620006330651978,0.010895125412784975,0.0,0.011376953613693508,0.0,0.02073687461592647,0.0,0.0,0.006777080603167094,0.0,0.002705578341617833,0.005602575503655676,0.02141188317123251,0.0,0.0013502256199332421,0.0011685735533424363,0.009181364504545745,0.0,0.0,1.0,0.005763509579803222,0.0,0.006857998196756566,0.0,0.0,0.0,0.0,0.004731572423702819,0.019382860694144785,0.0,0.004053148247968483,0.0,0.0,0.018151424139106708,0.0,0.003323541698102662,0.007494458601374513,0.014571092080388337,0.0,0.009143059839034868,0.0,0.0,0.0,0.0,0.0,0.0,0.0,0.0,0.000853383440127955,0.0012492759447456704,0.0,0.010362516796467132,0.0,0.0,0.011468273366390717,0.0,0.0,0.015824716906852446,0.0,0.008542421031905438,0.0,0.0,0.0,0.0,0.031176859925004827,0.013094390102927627,0.0,0.0,0.001537983810169333,0.008887454898106016,0.0,0.006264457987322259,0.0,0.014379978050592325,0.9998951189984923,0.0005122744080669056,0,normal,Normal
0.000636866069032912,0.012322253928597928,0.0,0.0,0.0,0.015101738171477613,0.0,0.0,0.005906106143797457,0.0,0.0,0.008442247006406469,0.002836152183173873,0.0,0.01355298466935432,0.0,0.0074727738942100596,0.007354430850971743,0.0,0.2578091295983062,0.26916985739676846,1.0,0.9944634641937731,0.003938698778375801,0.0,0.9940693664384632,0.008011139180000178,0.0,0.9899552522542842,0.9025607180568147,0.8827759344077122,0.08467198732325724,0.005323251054267523,0.0,0.8583437785268089,0.9850407610269258,0.0184611128070919,0.0,neptune,0.0,0.9976999359054994,0.009599410711574576,0.014758664942206502,0.0,0.0,0.0,0.000766187459916127,0.0,0.009905246358300293,0.00908459552759673,0.017697205912414377,0.012127896764607729,0.0,0.001679028714738111,0.0016533324226693212,0.0,0.02964892053863074,0.009389697172018067,0.0,0.0,0.010870030381011453,0.002687716398974192,0.0,0.023616927673270945,0.006406411929984033,0.006424535732681582,0.0,0.012710070649906305,0.0,0.01535127295260748,0.0,0.01483685770150405,0.0,0.0,0.0,0.0034188410599487436,0.0,0.006126989928704799,0.0,0.007174762278970606,0.005908589409328904,0.0,0.003588810500005906,0.0005960739450826648,0.0,0.0,0.009830427420667765,0.00792329652876853,0.0,0.01507716231866699,0.0,0.0,0.015599235324002942,0.0,0.0,0.0,0.0,0.0,0.007629968769183569,0.0,0.0,0.0,1.0,0.0,0.002926020007232188,0.0,0.007211939015784172,0.0,0.0002730325562422728,0.0,0.0,0.0007135355635589784,0.016281526581809494,0.0,0.003657084398672148,0.008084424538891083,0.0,1.0,0.0,0.02418435786496767,0.0,0.007721824267974082,0.0,1,neptune,DoS
0.007155152875842828,0.012255592598800416,0.0,0.004115898625192722,0.033643944085971995,0.012267963123109744,0.0,0.006100549040297994,0.0,0.0,0.005024277330651683,0.009188136342503674,0.004414754872837605,0.0,0.0,0.0,0.0035139485152567017,0.0,0.0,0.5191753089430833,0.006395427106963621,0.003986390863461345,0.015701683198874432,0.9965569489128295,1.0,0.040536856628415815,0.05826927746250984,0.0034770554431286004,0.9881692709902191,0.045300202694668446,0.031651338602792914,0.05314869815303903,0.014504708731443983,0.0074163239344766105,0.0,0.00013896403189534028,1.0,1.0,neptune,0.0,1.0,0.001186039133207163,0.0,0.0,0.007835159049478508,0.018991177451050906,0.005546045048203444,0.008125815632790799,0.0,0.0,0.00414301243791928,0.0,0.0,0.0,0.0,0.0,0.0,0.0,0.0007412867732333938,0.0006236665462378702,0.0,0.01614523895988012,0.0,0.005536301709856325,0.0,0.0,0.0,0.0,0.018624485021002963,0.0022856552763902893,0.0,0.0,0.0014316857967989938,0.011843305503417364,0.008498312817560662,0.01525484152061687,0.008082813702378577,0.0001634598807979501,0.0,0.0018707521935857575,0.0,0.0,0.004905908505762608,0.014950191317856226,0.0024372352391585977,0.0,0.0029902427709460784,0.0011198200637644897,0.000501797724791718,0.0,0.0001856394500083678,0.0048108851558644914,0.0,0.009454423891297007,0.004109081747579863,0.0,0.0,0.0,0.0,0.01657708510315056,0.0,0.0,0.0,0.0,0.0,0.0,0.0,0.0,0.01841618011626986,0.9962957251552346,0.0,0.0,0.014467442328104397,1.0,0.014917563087039063,0.02403473708074329,0.004108267248820154,0.0006446023616703262,0.01545993562150678,0.009819043536909652,0.006307119401266523,0.0,0.0,1,neptune,DoS
0.04391101525629942,0.027427371564434533,0.0,0.0,0.0,0.0,0.0,0.001961184485885628,0.9832199532614118,0.0,0.0033207717376230505,0.0022368158916028975,0.013490306321998706,0.0,0.0,0.004347768691658711,0.0,0.004690217777623343,0.01088785070606776,0.020109635346993972,0.02066356708525118,0.012845985428978513,0.007335002776706088,0.9951698732562385,0.9905391781226267,0.9877432376507631,0.0,0.0,0.9983757956439354,0.8878651847505487,0.8993578875178405,0.017366048827435948,0.006214009479380661,0.007118034211719858,0.0,0.008883723709068439,0.06769890620870386,0.056595265885644626,apache2,0.010767971611042483,1.0,0.006070135853978487,0.006159787797707636,0.0,0.00045924332518583146,0.0020874420394080516,0.007851103114586078,0.006302031423825729,0.0,0.0,0.0,0.0,0.0,0.02161175921306289,0.012880258053309937,0.026393422631332656,0.003533771511595045,0.0,0.0024148820260389385,0.0,0.0,0.0,0.0,0.0,0.020649804337334668,0.017146671997726216,1.0,0.0,0.0,0.0,0.0,0.0,0.0,0.0062610623461775965,0.0,0.0007729519271821259,0.0028722028441918973,0.0,0.0,0.0,0.006453924463655364,0.009755928090107046,0.0,0.01078099874967343,0.009328258950498304,0.0008504335953066559,0.0,0.0,0.012029125409647514,0.0,0.0,0.0,0.015918249085779455,0.0,0.00267370089442713,0.0,0.0031098469159351154,0.0005353763045815517,0.0,0.007019440278033959,0.011474544337859398,0.00968544843977819,0.0,0.015383732287187422,0.010681965715668778,0.0,0.0,0.0,0.0,0.0,0.0,0.0,0.008038299525733445,0.0,0.0,0.0,1.0,0.0,0.010991429485362914,0.0,0.00710981178195485,0.007193378735727098,0.004256196641798064,1,apache2,DoS
0.008269722479318703,0.0,0.0,0.0008600458686285038,0.00782946444163491,0.0,0.002450572750519186,0.0,0.0,0.0,0.0,0.0,0.011677635645463513,0.01770508483784676,0.0,0.0003759743410591767,0.0006892515358133707,0.0,0.0,0.20671789013810557,0.001857905829324799,1.0,0.9931796784515646,0.0,0.0,0.039222281602031936,0.07602466476947636,0.002644631726949181,0.9940044349358166,0.016601933484153775,0.012511222185081872,0.058910768590488306,0.0,0.0,1.0,1.0,0.0,0.010728708103990318,neptune,0.0,1.0,0.0,0.0,0.0,0.0019221480463855356,0.0,0.0,0.005548467893993107,0.0,0.0,0.0,0.0,0.0,0.0025968334106525764,0.0,0.0,0.0,0.006656633876590863,0.006666719370009817,0.01978809172833283,0.0,0.0,0.0,0.005458518073140014,0.0,0.0,0.0009190261712256105,0.0,0.0038509103226817337,0.018816089296006724,0.007058633743621432,0.0018233350504531678,0.0,0.007574479558712372,0.0025893368803283586,0.004348809169943973,0.012682034066538226,0.0007899369332809166,0.014291013320871715,0.02228958971717098,0.0,0.0,0.00835648969155719,1.0,0.0,0.0,0.017215009577754573,0.0,0.0,0.0,0.0,0.0061916505948304765,0.01945345734572413,0.014393037851211096,0.0006980240461968004,0.010918310323746905,0.0,0.0007930037177608448,0.0014367185236704757,0.0,0.0,0.011903864640025479,0.0,0.0,0.0063862313638532965,0.0,0.0,0.0,0.0,0.00200723127986009,0.0,7.238889181728464e-05,0.004692230898901609,0.0,0.0,0.0,0.0,0.9851114399898089,0.0,0.0,0.0,0.0,0.0,1,neptune,DoS
0.021028234187288237,0.0021732230113777054,0.0001865323395305922,0.0,0.005004072220581154,0.0026048420420582865,0.0031106389460507605,0.0,0.9895882341295127,0.008753690938109534,0.013019658385603766,0.0,0.009049072901951827,0.0074052830904109326,0.009705146971751984,0.0026865884401033762,0.003247111862323596,0.00296690685771204,0.0,0.027930614733042293,0.04888127932328253,0.0009423309818982657,0.011919855348311392,0.0009951954981884266,0.0,1.0,0.0026825543724125983,0.08858262350129811,0.12237552659001105,1.0,0.996888893453906,0.022885508998987378,0.02235139162970264,0.03405363840859243,0.0,0.010820096803119404,0.0,0.0,normal,0.002604702853286165,0.9912884034020417,0.0,0.0,0.009655160340509165,0.006807139108585534,0.0,0.0,0.006438998380249084,0.0,0.002982462673820502,0.006483937081419329,0.0,0.0020749862909174273,0.0,0.02073430372441592,0.0006788537912937423,0.007096191881431836,0.0,0.001974816156522409,0.01737698059577081,0.0029998000680347167,0.0,0.013965418078378066,0.012415932870364197,0.0,0.0,1.0,0.013713627133510374,0.0,0.0,0.0,0.0,0.0,0.0,0.0,0.01033927672132219,0.006474310072730886,0.0020158574885303744,0.0,0.0,0.0,0.0,0.008746980637032047,0.0,0.0,0.0,0.006054415590961744,0.0,0.0021795253280043774,0.005932753780630695,0.0,0.008807680253403855,0.0,0.0,0.0023536539546288203,0.00042616001233754665,0.0,0.0,0.0,0.011990641922594693,0.0,0.0,0.0,0.0,0.01647505364689786,0.021081812795629262,0.009885290459730675,0.007341937443691753,0.0,0.008780774334007809,0.0,0.0,0.007430335321401842,0.0,0.011708374382478015,0.00625016424534761,0.0,0.0,0.012292194627487863,0.016478845837703374,0.007928027006488933,1.0,0.01415037923803137,0,normal,Normal
0.0,0.0010767529126748082,0.0,0.014162924699616886,0.0027012314968461295,0.0,0.01614601093864286,0.006913531893317996,0.0,0.0006764184899020885,0.010469846891322807,0.0011287854656043368,0.0,0.0,0.014375265691075367,0.0014180228824211634,0.0009322199398347293,0.016080023139623315,0.009130462270931977,0.36452422218271124,0.0037373107557610373,0.014401516773238152,0.0,1.0,0.9958079161203651,0.012737397506061787,0.07273469547968657,0.0,0.9983065679056145,0.008319526797004675,0.027763353234442324,0.07045387250663204,0.0042380330630872945,0.0,0.003932251998580712,0.0007366938589307,1.0,0.9888419856944709,neptune,0.0,1.0,0.0,0.0,0.0,0.006878507924206899,0.012173465022463201,0.0,0.004642817121136262,0.0,0.0,0.0,0.0,0.0,0.0,0.0067705186468348935,0.0,0.0,0.016604412175143232,0.005029363101074345,0.0,0.0,0.0,0.003429340437685964,0.005820014053776035,0.013865517518022516,0.004525399440534347,0.0,0.0,0.0,0.0,0.0,0.0,0.0016942943337792346,0.01120295912498624,0.0029067192760452542,0.007192005141742535,0.0057324090217050795,0.0,0.0,0.0063252323072832215,0.0011461381308228132,0.004969999883935399,0.0,0.006916856907881061,0.012170043894499572,0.012310263438783026,0.0,0.0,0.0,0.0,0.0,0.9981500899897865,0.011776280405145188,0.0,0.00010921098547891074,0.0015648019666382712,0.00714510247200069,0.0,0.008115210660082499,0.0,0.0,0.0,0.008679578289692276,0.0,0.00557139885977545,0.0,0.007086056475018277,0.0042931017129570846,0.0,0.0013092320268078615,0.026312386613000952,0.02446214990846426,0.00983720369619614,1.0,0.0055065459150277565,0.0005355133831838388,0.0,0.0020090976940731965,0.0,0.00905323837209145,0.0,0.0,0.0,1,neptune,DoS
0.0078049473647370865,0.006735502526984905,0.0,0.006941798534019788,0.0,0.0,0.013119318146291423,0.008622486353393062,0.0,0.002051073923947967,0.0,0.0017941410158337288,0.009426904424671596,0.0,0.0043120217639157025,0.0,0.006605013685414896,0.005186448744892873,0.0,0.4418415717479899,0.029337630861699465,0.001286509841441065,0.0010669338054492706,0.9835691151699483,1.0,0.05686053062962568,0.07037216094768255,0.0006604086458495831,1.0,0.05097240862083503,0.043884164074663966,0.05443171678655734,0.0,0.0,0.0,0.0,1.0,0.9940635665926753,neptune,0.0,1.0,0.0,0.0,0.01350173469949596,0.0036706235382369876,0.0,0.0018135234677051876,0.0,0.010142708006859411,0.0,0.006364979377567928,0.003999006095888076,0.006396040227519152,0.00789448511532722,0.003287013019365859,0.003378643291508593,0.0,0.0,0.0,0.0,0.0,0.0060756654291338405,0.0,0.0,0.0,0.008999776015715976,0.011109973332405041,0.0,0.0007139178239415229,0.0061497037372871865,0.0008184219904159279,0.0,0.0,0.017895738031791522,0.014964761559973205,0.0,0.0,0.0018864388075323433,0.00621419069091195,0.010602763112859305,0.0,0.0,0.012622445003833953,0.0,0.0018145586202172233,0.009847757088662375,0.0,0.0,0.0,0.007487573509159354,0.015656741611502843,1.0,0.0,0.0,0.014516240768988055,0.004387724523596381,0.0,0.0,0.008716536332315864,0.008081414468403644,0.0,0.00030934096900860417,0.023918890561020773,0.0,0.010520809716767868,0.015861538337520315,0.0,0.0028462811098818874,0.0,0.0015224629370306614,0.014272907034096866,0.016868931177137992,0.0,0.9956066305305041,0.0,0.014343108753515868,0.012378733524155581,0.0,0.003279407761827161,0.0,0.010437626870395738,0.0,0.0017313354043233943,1,neptune,DoS
0.0,0.005402870820681451,0.009203682107489623,0.0,0.0,0.0,0.0,0.0,0.007822521924652857,0.015854646097173714,0.0,0.0,0.007818444325782645,0.010270609000520016,0.0,0.002815498421233874,0.0,0.0,0.0,0.19606853662033885,0.1819502759821269,0.9998168034752745,0.9981233551815956,0.009958276443145123,0.0,0.9887043322153162,0.0,0.0,0.988878634703053,0.992739438062119,0.9986757380891239,0.0,0.0,0.0,0.48858786375057994,0.48018233807174077,0.5118603993925411,0.498670251184937,apache2,0.021723063342564585,0.9921631029263458,0.0009724966953695819,0.007185666449403213,0.0,0.0,0.0,0.0,0.0,0.0020795821595793623,0.009939497395006212,0.0015836130191855086,0.0,0.0,0.0,0.015349547152088307,0.0,0.0,0.01317400296285137,0.0,0.009363902422433583,0.007931765021391358,0.00010802227235063917,0.0,0.0,0.0,0.006775394681921322,0.9947003866927381,0.017367338757994722,0.0009496550674811596,0.016122529512948864,0.0,0.024145487386514612,0.00795029523464419,0.009865584781840478,0.003274657082450467,0.017968142377492457,0.00023205909060029114,0.0,0.009919487656380722,0.004608339034187304,0.0,0.020538457068261264,0.005431830221220654,0.0,0.0,0.006401672486453562,0.01875591582158551,0.01467820937006372,0.002005159176793845,0.007015690530743489,0.0,0.0,0.003418497038650997,0.007394095754376439,0.0,0.01613923208473663,0.0,0.0,0.0018703083537867516,0.0,0.001350456278216913,0.003415071132926385,0.0036656931574148705,0.0109969618753555,0.0019452137516531838,0.009765178639124442,0.004013735516688306,0.0,0.00563925599564175,0.0,0.000476727517150329,0.0,0.011431745191052453,0.0002727913995687355,0.008992890466814412,0.007273793982691444,0.0,0.9892398232316815,0.0,0.0,0.0,0.0,0.007777771367776244,1,apache2,DoS
0.022595847975452256,0.0,0.0,0.010960189267647434,0.0,0.0,0.0,0.01558083841675323,0.007222794212191676,0.02759137654138846,0.003770339957725033,0.005720059878751218,0.0,0.0,0.005516200974791727,0.0025566621497436276,0.0032597899614276366,0.0,0.0,0.54158368770765,0.02261260097284506,0.007470726446802134,0.001274034698926441,1.0,1.0,0.0,0.0678521343299306,0.0,1.0,0.0,0.02528715676367439,0.05964435951472698,0.0,0.0,0.0,0.0,1.0,1.0,neptune,0.012662321540262545,1.0,0.005552332174627913,0.0,0.004789453186685929,0.002532417672132656,0.0,0.018752473198209406,0.0,0.006945261602464518,0.0013441260276841245,0.0014353154023299338,0.0,0.0038789250147126236,0.014111998815194924,0.0,0.0,0.0,0.005365328285398093,0.0060581753420061646,0.0,0.017822088866308185,0.01502803358934437,0.0,0.021883897814267597,0.002985397918338545,0.0,0.0,0.0,0.005901606661928842,0.0,0.0,0.0,0.0065054645611744115,0.004908110006150344,0.015960837252614525,0.0,0.0,0.00628801983318153,0.006788316059482478,0.0,0.0,0.0,0.0,0.0002259887185798894,0.015183512284173556,0.0,4.4382081972495665e-06,0.0,0.0,0.013439397184031284,0.0,1.0,0.0,0.013211312221207453,0.0017253199430229899,0.0,0.0,0.006892827946258822,0.0,0.0,0.0,0.0027284252745137815,0.0,0.007145414440859857,0.0,0.0075463944832567876,0.016606224841876297,0.0,0.0076648621309898515,0.0,0.0024999881690805233,0.0,0.001612806987760111,0.992913462635642,0.006692179267255432,0.010720330357754165,0.01048464761518353,0.0,0.00829887482497342,0.006604055013049296,0.0,0.0,0.0012600456335434757,1,neptune,DoS
0.017821705565082033,0.013993402310064813,0.0,0.0,0.0018450792930124738,0.0,0.008733510311283424,0.0,0.001613519097453656,0.010895059794609538,0.0,0.007578666487077529,0.0,0.0008439087589249044,0.008098993417796421,0.009003441722517809,0.010193510702515125,0.00466799446812879,0.0036791597972392915,0.4721902511907569,0.019312528515412482,0.0,0.0,0.9854488512808292,0.996837852567318,0.07700834121188325,0.06829991361203941,0.0,1.0,0.053475724237313435,0.06998699751322975,0.09141731176002438,0.0,0.0195574133069929,0.0,0.0,1.0,1.0,neptune,0.0,1.0,0.0,0.00559910282097379,0.0,0.0016187253469960427,0.0,0.0,0.0,0.0,0.0,0.013323179197509638,0.009721289449363426,0.010157210906386096,0.0,0.0,0.019670182221703247,0.010727340239725769,0.0,0.005914011893638128,0.009747523665607851,0.009462266641125532,0.0,0.0,0.014820694863574676,0.018265817576440805,0.0,0.0,0.005477099510815401,0.0,0.0,0.0,0.019657842292736365,0.0,0.0350054611122947,0.0,0.0,0.0,0.0,0.013311055029382768,0.0,0.0027412837498918935,0.012722134217152754,0.005454878016612804,0.011295574356489691,0.0,0.0058601011769709,0.0,0.010491911886053511,0.0032205514317916145,0.0,0.0034848938679703234,1.0,0.0,0.015847326362444143,0.0,0.0,0.0,0.0,0.0057725734315753445,0.0076854453740681054,0.006175318560314558,0.0,0.02288017931794971,0.005089550911638411,0.010065628369960262,0.0,0.008633184786685842,0.015771700416640867,0.0,0.0,0.002158371244620524,0.0,0.0,1.0,0.0,0.0,0.005963409630501872,0.0,0.00024169348279892006,0.0020720454136439713,0.0036279463630470195,0.0,0.006980039174211808,1,neptune,DoS
0.005979767883371061,0.001313914850325175,0.0,0.0,0.009932525551992814,0.0,0.0046540432879451045,0.0,0.9980502066728977,0.0,0.0067559192153872835,0.016311924527824494,0.0,0.0,0.0,0.0,0.0,0.0,0.008709899548301382,0.02803546426685117,0.03516016668189265,0.0,0.0,0.0,0.015493928591222736,0.998591754557364,0.005726396141275853,0.0,0.963995200674574,0.9834331980589219,0.9936234417939419,0.0,0.0024444923075113982,0.005166715332069845,0.0032905719178233134,0.0,0.005874008010813206,0.0027723351976178803,normal,0.008309709740981474,1.0,0.0,0.008598636200649419,0.011752457073547305,0.0,0.0012807487994899453,0.0004382501259939929,0.010555012018420322,0.026479941475213126,0.0,0.014504509744679678,0.0032827470081537432,0.009952572076704415,0.008777770664907128,0.004571162377162349,0.0,0.0,0.006898359422494812,0.0,0.002940207172318039,0.02301780231408798,0.007746530699053533,0.01673530835856145,0.0001004141683124771,0.0,0.008766927036846417,0.9932835070772642,0.0,0.0,0.0,0.005718791972563868,0.00997183141609021,0.0,0.0032696220629747645,0.0,0.01170450547340774,0.00777666123727572,0.010696800890501509,0.003922887254379141,0.0006917898631705611,0.0,0.0,0.0027100750944087375,0.010648175481547704,0.005194345274750509,0.0,0.00619475314458939,0.007010128669064444,0.006811353708864344,0.0008688822932406869,0.0,0.0,0.00043229839177896714,0.0,0.0,0.0,0.0,0.0,0.0,0.003127199797567422,0.0,0.0,0.0,0.0,0.0,0.008985470085897937,0.00976480950333371,0.0,0.0,0.0,0.0,0.009925244774035722,0.0,0.0,0.018974713528687154,0.0,0.010775625245825083,0.0,0.0,0.0,0.0,1.0,0.01655865562437599,0,normal,Normal
0.01494961936424423,0.0,0.0057281781562867375,0.0,0.0,0.014217050875785515,0.005911860584333936,0.004804282556386775,1.0,0.00913372063117026,0.0,0.009552900816642238,0.016998554410055728,0.009656670421548148,0.0,0.007789045537659193,0.0,0.0,0.013831278983899516,0.034263168481090046,0.03352623433828865,0.0,0.0,0.0,0.010401801365873193,1.0,0.0,0.11728417688132833,0.9947432613359277,0.997055747886361,0.9979647569921808,0.008838924562402957,0.0,0.006206379858307907,0.0,0.0,0.005976206540795343,0.003961797667516583,normal,0.0,1.0,0.015122377850533044,0.011299451514267754,0.003918932578588586,0.0,0.040103864249373115,0.007177655977351854,0.005483317456439458,0.0,0.0,0.0,0.002479619689709437,0.0,0.0,0.005748525651129033,0.0,0.0039014512105716406,0.006612469579115115,0.0,0.01779270880791846,0.009339835631540283,0.004202282627027546,0.015057826393489286,0.0,0.014683437778941905,0.0,1.0,0.0026431880603532314,0.011890659043662336,0.0036840441673268304,0.0065869536666193895,0.0,0.005855867707639871,0.012227979191907472,0.0,0.018756943431551636,0.0,0.0,0.00433691903285512,0.0,0.015446269005487992,0.013266695294316176,0.004669458106943904,0.0,0.0,0.0,0.0,0.024424204230233785,0.014749038560959509,0.0,0.0,0.0,0.0028209858620915425,0.015121535827864073,0.0,0.0,0.0,0.006547303146072789,0.004230213327556045,0.011224203215135986,0.0,0.01622976948227987,0.0,0.006488034703648066,0.0,0.0,0.00036910022896573816,0.0,0.012915436691814807,0.013937337495640413,0.0,0.0,0.0020623535241595823,0.0004779912756800682,0.0,0.024167346588783487,0.007145073326579999,0.011113072558215555,0.0,0.0002637217291271607,0.0,0.9934378415100507,0.01355829246650069,0,normal,Normal
0.0,0.011820049647052888,0.0029861857182585977,0.0,0.009503259056455052,0.0014176526100628851,0.0,0.0,0.0,0.0016962872921450385,0.0010850208336820513,0.0037545572921695914,0.0,0.001112894137620514,0.01609039353102102,0.0,0.0,0.0002830497604491728,0.0,0.20527812273500948,0.038794511169912685,0.0,0.0,0.9927156001358538,0.9974589252921152,0.10250425211942084,0.0649202156716143,0.0034868308819738614,0.9803737588599328,0.058894109393487666,0.058634661698098174,0.0536821196817422,0.0,0.0,0.00954408413281713,0.013596776214316611,0.997646714640912,0.9890809618781439,neptune,0.0,0.999274091534525,0.0,0.010117828088159869,0.0,0.002051376699443015,0.0,0.012408756925910315,0.0,0.0,0.015528977697006303,0.0,0.0,0.0010885111239106774,0.007569782058813813,0.0,0.0,0.0009223754984530372,0.01055917900941181,0.000846768710257035,0.008947032664111752,0.0,0.0,0.0,0.0,0.014808976179561355,0.0,0.0,0.006271069497824965,0.0,0.0,0.0,0.0,0.003709358633865948,0.0,0.012821536239065857,0.010936783857855951,0.004075036812319506,0.0,0.001135274861295235,0.0004901135942459397,0.0,0.01893618855422847,0.0,0.0,0.0,0.0001479670100811723,0.0,0.0,0.0,0.0017726886382562412,0.0029686706812597197,0.9839253303797006,0.0,0.015998283658786236,0.0018543151316504324,0.0,0.00751628786285295,0.0,0.009703910837204002,0.0195685394167967,0.00709782968048384,0.0,0.0,0.0,0.012291598588893676,0.0,0.0,0.0,0.0,0.0,0.009021093048694875,0.0,0.006234133801251508,0.9911278314838828,0.0043428875985974036,0.00367661597311178,0.0,0.0,0.005982594055189099,0.0,0.012805099456060213,0.0,0.017571839738408486,1,neptune,DoS
0.011494452943306189,0.0013492989508926332,0.012137583291582729,0.0,0.0,0.0009512716522463005,0.0,0.0,1.0,0.0,0.0017682673677704003,0.0,0.0,0.0,0.0,0.002288336339727715,0.0,0.0,0.0,0.014380533227469442,0.007238705688892885,0.001757484113155996,0.013228293798748257,0.002523697864795472,0.020513152284183277,0.9904448913216618,0.0,0.2823698143239474,1.0,0.9952734438133255,1.0,0.0,0.0,0.0,0.0,0.0,0.0031372635878109552,0.00040288975305368535,normal,0.0,0.9783039342307658,0.0,0.0,0.006834101941616259,0.0,0.006131643315056934,0.0,0.009337280604004973,0.0,0.0,0.0,0.00035504264303950984,0.0,0.01040762067810963,0.0,0.01480406034154679,0.016280189979890072,0.0,0.0,0.014305526159548188,0.0,0.0,0.0022006059235795067,0.0,0.0,0.0,1.0,0.00275890490798279,0.0022888039329683582,0.01109912578942878,0.0,0.0,0.0,0.0042908773132116895,0.0,0.0005218393263255195,0.007557225397965107,0.0024052590980087846,0.001246545466065983,0.0,0.0,0.0,0.0,0.0,0.0,0.008077988612742766,0.0,0.0,0.003940747603343912,0.0,0.018732131702539997,0.0018719801686347029,0.004316613434350639,0.00791754573017565,0.011680256973927067,0.0,0.002570932291551351,0.0,0.01753602492631601,0.004522013975530973,0.0013419033397944374,0.0,0.004165856721417038,0.004851039603071432,0.023031008020792783,0.002049858415536668,0.02337792907055051,0.010617406210016255,0.0,0.0,0.0,0.0,0.0019963423182028867,0.0,0.0114017320514831,0.003782626412412022,0.0003110205987779026,0.0,0.011238479821205466,0.0,0.00299717057174582,1.0,0.005549297820113901,0,normal,Normal
0.0,0.0082619342175764,0.0,0.010402008283115787,0.0,0.0,0.006058390549782237,0.00648575687909106,0.0,0.0,0.0,0.011298210553801478,0.00726196426674523,0.010778525420775405,0.005459952572441454,0.00984999095590779,0.0033044725377789396,0.01203737320884147,0.004032917898197482,0.2754668067287616,0.01438801247446869,0.00666878060344272,0.020506612419714982,1.0,1.0,0.03626047397255507,0.058663452829471295,0.003649104338498451,0.9866919447470999,0.03874155007743101,0.03249760000792727,0.05462074776596767,0.019954282784610308,0.0,0.0,0.009350713872039064,1.0,0.9908465251970018,neptune,0.010486562794452835,1.0,0.002324170586644669,0.0,0.0,0.0,0.0,0.0012208068799076774,0.009587286276342127,0.0006614825885972444,0.014238765779595198,0.01300697898616743,0.0031349585868859953,0.0,0.007468242957997002,0.0,0.0,0.0,0.0,0.0,0.00021487648161620774,0.006120689322955048,0.0,0.0,0.004754314083048965,0.004586507066556231,0.0,0.012692571711731637,0.012124136688672632,0.0,0.0,0.0,0.0011484700396792128,0.0,0.02879143562009456,0.0,0.00927909823838392,0.008781598608618804,0.0,0.0,0.0,0.0,0.006561325054047633,0.018360137891984343,0.012239680813046373,0.0,0.0,0.0,0.010370730825612332,0.0,0.006279086227973946,0.01794081018408472,1.0,0.0,0.0010946554214116098,0.0,0.00024198254435052021,0.0,0.0,0.0014844811225962456,0.004017352931756223,0.0,0.004012064091211836,0.00982981743357169,0.011218391128323539,0.0,0.0,0.0,0.0,0.0035283116010160704,0.003950721698753944,0.0036157348357929117,0.0,0.014955631032501067,1.0,0.008532928943702835,0.0,0.0,0.0,0.0,0.009061296308389097,0.0,0.013066151313920818,0.01599410856745785,1,neptune,DoS
0.0,0.0,0.0,0.0,0.0,0.0,0.00091080430224768,0.0,0.9975453495438823,0.0,0.0,0.0,0.017462426682815838,0.0,0.0,0.011007827626684612,0.0,0.019398628236597944,0.0,0.0010594776535262787,0.0,0.0,0.0,0.0,0.0,1.0,0.0,0.0050751004221750076,0.04926476114839673,1.0,1.0,0.019262119966883973,0.07499128997150857,0.03995923368420621,0.006403414668624727,0.0,0.0,0.012730623583625653,normal,0.0,1.0,0.011729328461623442,0.0,0.011409473789268643,0.009644879701645081,0.012685222985969436,0.014494138124360553,0.0,0.007419764537174781,0.0008331732907385259,0.0,0.006181836515750509,0.0,0.009788998763007447,0.0,0.008662472098134314,0.0,0.018380400389747944,0.008448811992693492,0.005758085150182215,0.0,0.011440072421300565,0.004468014677567699,0.003014560631036758,0.014678368983499451,0.0019147680994930905,1.0,0.0,0.01732186281799849,0.0,0.0,0.004251491123980044,0.0,0.0,0.0007649179880464549,0.0,0.0007204409473651889,0.0071791158713136885,0.0,0.0,0.006471025950697174,0.006990354226771507,0.0,0.00015869535709257796,0.009823900559065752,0.01608208250500895,0.00371956554289252,0.023150504427838194,0.0,0.0,0.012530011990117567,0.0,0.002110822910651505,0.0,0.0,0.015768399520479124,0.0,0.0,0.0059055572439371245,0.0,0.00834978502688477,0.0061836274682448965,0.008874554083100221,0.019213378215615737,0.0123385543412255,0.0,0.0,0.0,0.0,0.0,0.014258311056195435,0.001986789993491176,0.0,0.0,0.00737555048855404,0.008294989221369693,0.0022552097805162187,0.004379503612497658,0.0,0.0019399483415293525,0.0,1.0,0.00334466916196738,0,normal,Normal
0.003266773010785371,0.0,0.0,0.0,0.026354064705617027,0.0,0.0014077113154069604,0.0034538935760190376,0.9873595121184086,0.0,0.0,0.003849301461495758,0.0,0.0,0.0009423922590372669,0.0005637007281743887,0.0068898719489934495,0.0,0.0,0.008607915108270747,0.015408859882361962,0.011766097722886299,0.016581973197701712,0.9943412323396933,0.9995420278360791,0.333792579430036,0.9948061907779062,0.9838913513230467,1.0,0.16608577660969845,0.15336996825507193,0.017347279877104427,0.0,0.0005459313199627307,0.0049644639017398145,0.0,0.5917060078389091,1.0,mscan,0.0,0.9988246651339387,0.0028282781746504795,0.015596987929567093,0.0020671074079075405,0.001183170831993565,0.00834170072364169,0.019005043963843442,0.0,0.0077027924451327215,0.0005888724411382251,0.0,0.0028643317207552492,0.0,0.0,0.0,0.0,0.0009891157207298886,0.0,0.006521482154895176,0.005674254750973932,0.0,0.0,0.0,0.009421895850798978,0.00792647004048244,0.0060110617210524684,0.013608489078407025,0.006559758597783845,0.0,0.0,0.010146689376418851,0.0,0.004839762873672751,0.0004527680896551785,0.004822714528771968,0.0,0.0,0.0,0.008925289569837494,0.0017541196256527145,0.008155329694624913,0.0,0.007852093830168745,0.0,0.01579527152775274,0.01098445747806482,0.0,0.0,0.0,1.0,0.0,0.0038374906615999166,0.012485123752953214,0.008313220312631547,0.004482166989464296,0.0,0.014715269109567003,0.0,0.015415945395964902,0.0032362580534835775,0.0,0.0,0.0,0.0,0.003929516501934729,0.0,0.00922623902620652,0.0,0.0019614104926659872,0.0115771470805706,0.001061891090174601,0.0010636445889688519,0.000781384377019277,0.00694742206468425,0.9922643913042023,0.004303881562252968,0.0,0.02216883423657775,0.0,0.010275760306289149,0.01560422832397175,0.00980435780684471,0.0,1,mscan,Probe
0.006985729099512966,0.001273910792644939,0.0,0.0020979971878483227,0.005850265912169888,0.006877323042927068,0.014458929069630762,0.0,0.0,0.0,0.0,0.0,0.0,0.006800220060384063,0.0,0.0,0.0,0.0,0.0,0.2295847751183509,0.0,0.0,0.008988287420050091,0.011772241531648122,0.0,0.0,1.0,0.0,0.9978218854783235,0.03289560991496576,0.0016337327616614162,0.9150254996446466,1.0,0.007096154177058491,0.0,0.0,0.0071005336540965955,0.012243425412094793,satan,0.0022857368721941876,0.0,1.0,0.0,0.0,0.0,0.0,0.0060783159121573895,0.0037113849223924565,0.0,0.0007440499823341556,0.010084827341462193,0.004418557864747722,0.011007485217809103,0.0,0.0,0.007334077203803257,0.0017715158851809962,0.015933433487662525,0.008691279000580667,0.0,0.006351904460493282,0.0009578700726147538,0.006458650588781005,0.0072996570455926635,0.0,0.006173749280023458,0.016475722059150974,0.001997621268862885,0.0,0.0017007200447834245,0.010387759408323895,0.008993257171092891,0.002390164305844064,0.01609039412748479,0.0,0.0,0.0,0.012092108345310375,0.0,0.0,0.0,0.0033282098897058875,0.003758332281280381,0.0,0.0,0.015806809443129816,0.002197705405956609,0.0,0.0,0.0,0.0,1.0,0.011581998200531088,0.010046972966834846,0.0,0.006972235844909346,0.0,0.0,0.015045161346407035,0.0,0.001745364957771665,0.0,0.0,0.001688603090941743,0.0,0.0,0.0075815441629514015,0.0,0.0,0.0,0.0,0.01162261918853682,0.0,0.0,0.0,0.0,0.006400453304888845,0.02264770656657963,0.01309769433094106,0.013068586398514142,0.0,0.9909083731962252,0.0,1,satan,Probe
0.0020954085032128126,0.0019945104249512635,0.0,8.112537421540966e-05,0.020523685686990662,0.0,0.006680356485304077,0.00739882560772952,0.9843784736512753,0.004293232767824075,0.0061606055502620586,0.0,0.006812809506712382,0.021918548432085582,0.0,0.009255616573138108,0.0,0.0,0.0,0.02285365159984997,0.06558157956009307,0.011122506400915262,0.0,0.0,0.0,1.0,0.004455344949029032,0.2048795825962041,0.033801861462710525,0.9949852976809939,0.9866092084484677,0.010576424529669,0.12045162669809392,0.00604306819746368,0.0,0.0019834768987025946,0.0,0.0,normal,0.0,1.0,0.0,0.0,0.005034362755560433,0.013046129585163959,0.004686665595427973,0.0,0.009686162730388142,0.0041895972581655954,0.0017002773341281527,0.0026592909419450713,0.008892612805771088,0.0,0.007242743052033829,0.002961766299838513,0.006539760561763715,0.0,0.0,0.0010283105544504974,0.0,0.0,0.0,0.0,0.0,0.0,0.003471097130335803,1.0,0.0,0.01010598653807285,0.009178056016673502,0.0,0.004040710407983464,0.0,0.0,0.0,0.0,0.0,0.013956069276652066,0.0,0.0,0.0,0.005911667851407224,0.00371003024058197,0.010879397032125726,0.0,0.011644843426744465,0.0,0.006940438373828785,0.011270015568870582,0.0,0.005184152830857569,0.0015192445740084947,0.0001832912142545425,0.01136655600462391,0.0,4.688692868739119e-05,0.0,0.0,0.012106543674505815,0.0,0.0,0.0,0.012086645590724674,0.007905240492402153,0.00035807591241977804,0.021146207343864153,0.0,0.007719589169996378,0.0,0.0,0.02200411570176602,0.0,0.013760535591799617,0.008722722052960511,0.0,0.0,0.011777942436649298,0.0024886274671026176,0.01792943568833726,0.0,0.0,0.9881300756630088,0.0,0,normal,Normal
0.012331258158017309,0.0,0.0,0.0,0.0,0.00259654529447106,0.009318557216160126,0.010445818531149002,0.0,0.0,0.002031371901375497,0.0,0.009975113810504917,0.0,0.0,0.0,0.0009642643793789943,0.0038152052717088385,0.0,0.0,0.004254394213917187,0.0012988526520431255,0.013023187527723839,1.0,0.9879958130825511,1.0,0.0,0.0021402064106619137,0.6118779899507918,0.22850534655188562,0.27611723060802,0.032152833284589385,0.022232057617368624,0.033460163128032225,0.0,0.0,0.9205562470826413,0.9971614909678689,mscan,0.0,0.9976538521617793,0.0,0.0,0.0016658696250393824,0.0,0.0,0.0,0.0,0.007632815235968502,0.005588475113274531,0.0,0.0,0.0,0.011664397389194604,0.0,0.000979651035859896,0.0057521631335085205,0.006843357678807496,0.01119975295869869,0.0,0.0,0.005181144726807735,0.00533899284628713,0.011632386246956249,0.00479991474228341,0.0,0.0,0.0,0.0,0.0,1.0,0.0,0.0,0.0027341229759943676,0.010280636292078317,0.012217671384366429,0.021449161055549563,0.020809143625973425,0.003816801203380022,0.0,0.0,0.007577650995944247,0.003271942080490469,0.0,0.011692827668926778,0.0022069716459844806,0.0,0.0,0.0,0.0007784737840913971,0.0,0.000343717202624939,0.0,0.007341586092351903,0.0,0.01222975354492562,0.0014386223057526184,0.0,0.0,0.0,0.01190348880807434,0.0,0.010241694500915072,0.0037433872820181076,0.0,0.0,0.00041890756287022834,0.0,0.002113308833292288,0.007060636188703632,0.009348762354966766,0.0,0.007370067224153789,0.0,0.9967697056188562,0.0,0.0,0.00026807311985240976,0.001460099035653904,0.0026844890031513975,0.0,0.0,0.0,1,mscan,Probe
0.0,0.0,0.0029803312671690774,0.005715799862718752,0.0,0.0,0.010021946401479387,0.0,0.0020999770326759195,0.0,0.007837272067785674,0.017194044454879313,0.0,0.003761333205673503,0.01649514297280635,0.008098256651605426,0.0,0.0,0.006376567898617728,0.003925552801545483,0.018916874767637946,0.0010555191103624958,0.0,0.004242253236955828,0.0,0.9779436437734247,0.0,0.0,1.0,0.9827110270606957,0.9918176053006312,0.015414418549343698,0.0103061972763087,0.0,0.013740689230764361,0.0018471445674500926,0.009747488973483305,0.0,snmpguess,0.0017472184027707786,0.0,1.0,0.0,0.0023535633229120703,0.011285616922302288,0.0003965919242531905,0.0,0.0,0.0,0.0,0.02428382020062701,0.0,0.0,0.0007311117224966122,0.0008092719174840745,0.0,0.0,0.0051752691159520706,0.003223242125937112,0.0003505801619654268,0.0,0.01999416475432929,0.006163191683725172,0.003106041863017766,0.0029113615082668686,0.004242034736510335,0.0,0.0,0.0,0.0,0.0,0.0,0.0,0.00893794956222214,0.003720073157633097,0.011662553935626428,0.0,0.0,0.0,0.005631322821962147,0.0,0.008499307808634773,0.0,0.010173485552822914,0.003986409382530275,0.001784766514374736,0.0,0.008043076081231849,0.002717327780002149,0.0013914069303580957,0.014728728939795311,1.0,0.0,0.0,0.0,0.0,0.0,0.0,0.0,0.0,0.01049353590999247,0.004255850939417073,0.0,0.009856622709092258,0.0,0.0,0.0,0.0,0.0,0.0,0.0,0.0,0.0,0.008486810120553714,0.024030993302984204,0.01472699075549842,0.008480294979869202,0.0,0.0,0.0,0.015568372738652062,0.9983080812472465,0.009496022064034045,1,snmpguess,R2L
0.027967521241662623,0.0,0.0,0.0,0.0,0.0,0.0012280815214421345,0.014495904571683328,0.9825288857845684,0.0,0.0,0.00849447571375793,0.0,0.0,0.0,0.0,0.022364259960599292,0.005383207091242609,0.0019477460338714386,0.005554181644055354,0.002425197913567769,0.002363155077611775,0.0,0.0,0.0,1.0,0.017734462279466092,0.0,0.14478975107001957,0.9374556778429015,0.998545811423436,0.004069469119891319,0.02173018081903682,0.010282046459804735,0.0,0.0,0.0,0.0,normal,0.0,0.9903796394376674,0.009612417906749656,0.004222752231802236,0.0,0.0,0.007245335657261228,0.01362627054096343,0.0,0.0,0.002486830619095715,0.0,0.0026288839420136353,0.013163750336548619,0.0,0.00821137154936019,0.0,0.011364552818993123,0.0013853767566598238,0.0,0.005172506077158311,0.005588715387253282,0.0,0.020825850418276712,0.0,0.0023108602499037887,0.005981480244059826,1.0,0.0,0.0,0.0037389983681125746,0.015800797286506036,0.0,0.0,0.0,0.00373322848963092,0.006173062685951807,0.02184070376942057,0.0,0.0,0.0,0.002611068915578011,0.0,0.0,0.0014350975080550102,0.006111847701401063,0.0,0.00740491848601544,0.00670114735838542,0.008387511376559423,0.004555018771299721,0.0100220204301647,0.0008562810582340503,0.0,0.0,0.010890591615129761,0.022148820693779794,0.0,0.013239214951454364,0.0,0.009499569262924236,0.0,0.0,0.0,0.0,0.006678458460852841,0.0,0.0,0.004236943563999867,0.0059917377676981885,0.0,0.0,0.0,0.0,0.006240373321259321,0.000764986105825214,0.0,0.0,0.02130473202965209,0.0034519490961583076,0.0,0.0049174137196346885,0.9825219990604503,0.006827255969557307,0,normal,Normal
0.0041337826366539395,0.009027058670906555,0.0,0.0,0.0004989927407477594,0.0,0.04235206388252025,0.00728933367629408,1.0,0.0,0.0,0.0,0.0,0.0103534066981303,0.010580765934526837,0.006308679855413363,0.011025929859471628,0.0,0.0,0.010488393749273035,0.0,0.002643368899191548,0.011468555802170575,0.0,0.0,0.9963443971794579,0.0,0.007995150016967375,0.9781849245765634,0.9780948750146048,0.9765790190576467,0.004838103970870443,0.0,0.00024737196697457764,0.00785858163947965,0.013213085920423463,0.07313744987051649,0.07892340265040144,back,0.0,0.9857541323029672,0.0015894700136666765,0.0,0.0,0.010727105875288408,0.005867768568233019,0.00758826956508754,0.01456226033453016,0.0,0.0,0.0,0.0,0.0,0.0,0.0,0.0,0.004739281744616079,0.0017814402302063596,0.0,0.0,0.0,0.00728506501851077,0.0,0.008573431547234446,0.0,0.015569204528658518,1.0,0.0,0.0,0.0028935054356850377,0.011080661997828445,0.0,0.0,0.0,0.0,0.006711849362342358,0.005027811702387783,0.004683634663209018,0.0034988300475723814,0.0,0.016274154110440295,0.008695881796425633,0.004680242704558634,0.0,0.0,0.005827770719447578,0.0,0.0,0.014048354947384479,0.004812781670205869,0.0015505121140698339,0.0,0.012524953136417123,0.0,0.015254192483369948,0.0,0.0016596542373875413,0.0,0.014503201623048854,0.014943416594212507,0.003835981543848944,0.0008612260786024216,0.011013030810077712,0.01888196103399592,0.0,0.0,0.020967929182987285,0.017484621691768926,0.0,0.008796100615294315,0.00022188626394706215,0.019638663111991413,0.0,0.0037571780716575288,0.0,0.0,0.0,0.0,0.00025757914431921226,0.019499789665871535,0.015544243731987662,1.0,0.01815227138477142,1,back,DoS
0.0,0.0,0.00020825792045246687,0.0,0.014812463372013513,0.0,0.0,0.0,0.003434176987014655,0.0,0.0023858002280291403,0.003440818036564024,0.002217838863177977,0.0,0.0,0.0,0.001824573565317273,0.0,0.0,0.4055741168871126,0.0,0.9866799387326025,1.0,0.02464991642693345,0.0,0.01690471171916949,0.06349444580832098,0.004383562138206891,0.9981414949746358,0.0,0.008399422592964584,0.0756744601859203,0.015662154113298028,0.013887499196688063,0.984558085779366,0.9895361327784017,0.0,0.002558051581442889,neptune,0.00752957445746648,1.0,0.007721769240388651,0.0,0.0,0.009416806326473348,0.003918013413828889,0.0,0.0,0.0065873946608864635,0.008500429014767991,0.0027413968456946147,0.0036754778933714973,0.0,0.0,0.0,0.0025300104697948728,0.0,0.008409604618272861,0.009627952429796666,0.0072728141268691765,0.0,0.0,0.006556677442348029,0.0,0.0,0.01318539018762356,0.007379970977033895,0.007085545546282671,0.001679032051172933,0.0,0.0036405851138657003,0.0,0.0,0.0,0.00031113550555395713,0.0019158935533222406,0.0,0.005377718721492928,0.0,0.0,0.0,0.0,0.012977062442210965,0.0,0.0,0.0013918700462510617,0.01138976202834174,0.0,0.0,0.0,0.014504319970144165,0.9923591034018076,0.0,0.0053866134357660024,0.0032579946136127276,0.0,0.0,0.0,0.0,0.007522905482608375,0.0,0.0,0.0007765873073428125,0.016808439427416517,0.0,0.0072616426887029606,0.0,0.0,0.0027271821285498278,0.002587477518951605,0.0,0.0,0.006443627096834048,0.0,0.012455991481266512,0.0,0.0,1.0,0.009335055982300848,0.0,0.0,0.0,0.0,1,neptune,DoS
6.561650087320241e-05,0.0,0.0062312237699975355,0.004863913195176671,0.0,0.008117407067892756,0.0,0.18744747994736705,0.0,0.016731784573053545,0.0,0.0,0.001990987248375566,0.005936375798195249,0.0,0.0,0.0,0.010479582222799207,0.020555417138245446,0.0009866967336574065,0.0,0.005183835839336189,0.009003043312736925,0.0,0.012165269078703564,0.9882265259825671,0.0,0.003336589558741245,0.9931624291440684,0.9061658606002082,0.8914083836948871,0.032278646342676826,0.0,0.013188588143129771,0.0,0.0002402008743196034,0.00997606039275965,0.04847093755148342,guess_passwd,0.010224249683815334,0.9970755392091005,0.00975497218852521,0.0,0.0,0.001648088693027729,4.8922870967459704e-05,0.0,0.0032776373543300127,0.005159743060529511,0.0,0.0,0.0,0.0,0.020967953748456895,0.0,0.0,0.004997825532385355,0.002362000050785226,0.0,0.0008247190087960996,0.0032777749730296324,0.0035411087915195568,0.0,0.0,0.0,0.009856515539689453,0.001719228380803071,0.0030470035702321045,0.0026892708619120497,0.014921128648349347,0.008179441074600509,0.0018602095340731722,0.0,0.0,0.0,0.0,0.014364105049220434,0.004100855079922076,0.004030631257489425,0.014823523657143884,0.0,0.0037352472541454292,0.0011444672147595811,0.0,0.0012905245381206775,0.0,0.01065454268149026,0.011269400614265235,0.010861257539626147,0.006411117072239474,0.014981361364539675,0.0,0.012492424955061525,0.0,0.0,0.0031581305844094465,0.0,0.012094898235486496,0.0002526641977802386,0.0,0.003989067253249094,0.0,0.9807919521895098,0.009379137567956077,0.0,0.0,0.0,0.001682623024928671,0.0,0.00015503707592575574,0.0,0.0165767889733201,0.0,0.017652803848683812,0.0,0.008065680380486882,0.0,0.008853057389220664,0.0,0.005697237732281831,0.0,0.99486744840905,0.011650479221707312,1,guess_passwd,R2L
0.0,0.008782305459127617,0.014306518093801002,0.011903276015462233,0.011140530357289487,0.003893286356799794,0.016084241576478184,0.0066543546569502185,0.0,0.0,0.0,0.00011211630041028354,0.012153003670578411,0.0,0.0,0.009890755172218027,0.0,0.02183207179109405,0.0,0.24304747579252275,0.04174977915117971,0.0,0.009420370490961784,1.0,1.0,0.14899823061902148,0.06827449378999761,0.0,1.0,0.0962912220321265,0.07141439692326133,0.06850542271108356,0.0,0.01626493804792491,0.004337187385358368,0.00010026069445477754,1.0,0.9970077785278797,neptune,0.0,1.0,0.0,0.003457025885173494,0.0,0.0,0.0,0.0,0.0,1.0,0.0,0.0,0.0,0.0,0.010367139487004405,0.012492224416320877,0.0,0.0,0.0,0.004671772641310266,0.0,0.0,0.011890665211407818,0.003788229326858257,0.0012969486758366833,0.0024642976399744053,0.0,0.003808520984126803,0.010572529832373842,0.007956032744745737,0.0,0.0,0.0027041537200082435,0.012342314255614873,0.019360080923025026,0.02671316273630169,0.0,0.0,0.004176961338478641,0.011702527415919754,0.014287217382326889,0.0003664793705243655,0.0,0.0,0.0,0.01211748742808253,0.0,0.012706323932012369,0.0,0.01165003175862432,0.0006757160514856797,0.0,0.005376316891014336,0.010536124087615777,0.01254752206188914,0.009830093266144306,0.00204060898279363,0.006026460098569659,0.0,0.0,0.0,0.0,0.0,0.020843323172233478,0.0,0.0005702688095774863,0.001047926141557621,0.0,0.0011321125864067795,0.002438225855430217,0.0,0.0006409560749331647,0.0,0.0023035970068591943,1.0,0.0,0.0,0.01303075542069801,0.0,0.0,0.0036155742055053413,0.0,0.0025755519916624914,0.011686426668457364,1,neptune,DoS
0.0024387633566992205,0.0015532938187719076,0.0,0.0062281063550696705,0.0,0.0017066661143732478,0.009075641835615815,0.006132013578881155,0.991118096490877,0.0,0.0,0.001545296168896759,0.006870319578489529,0.0,0.021132201384839178,0.0,0.0,0.0,0.0014978415666865165,0.0,0.002878645700551856,0.0,0.0,0.0,0.004568971044476684,1.0,0.009872815111560181,0.0,1.0,1.0,0.9913341218729756,0.0,0.01817744626222066,0.0,0.0,0.003135683206743809,0.0,0.0,normal,0.0,1.0,0.0,0.0,0.0,0.0,0.0,0.0,0.0,0.011104612824683778,0.01387222846011412,0.0,0.019051617173698743,0.0,0.0015427669286242952,0.0,0.0,0.0,0.0014055944877409089,0.0030081963191685023,0.007667807169287544,0.00121399640542477,0.0,0.0025842785775028183,0.0015991028228640694,0.001026678423417976,0.0,0.9971932288815982,0.008908060434581887,0.0,0.0,0.015939371340479108,0.0,0.002726075321156593,0.012391252205834946,0.0,0.0,0.00767995870396935,0.0,0.0,0.0013506310500333322,0.004367546793511471,0.01907260172841477,0.004798132700846541,0.0,0.0028740829435817384,0.0,0.0,0.0,0.009514728917059727,0.01526584607226142,0.0,0.004195045873461292,0.008374910232426366,0.0,0.012390561128709485,0.008129085218624257,0.0,0.0,0.007466290326707338,0.0,0.013804465349160586,0.0,0.007639056548592246,0.019077502265743118,0.0,0.006447221045694301,0.002054437364694942,0.0,0.0,0.0,0.012799269511041572,0.00606367253253892,0.013715614421047621,0.0,0.0,0.0,0.003819768805697075,0.0,0.0005241352588396668,0.00896623878774501,0.0,0.9877356853657736,0.0,0,normal,Normal
0.0,0.0,0.010332703211399775,0.02293838722533893,0.01242024845773604,0.0,0.0,0.0,0.007499504687994973,0.0,0.003346681450536866,0.0,0.013974713867835626,0.0,0.01144572013646711,0.0,0.0,0.0,0.0,0.2913171507446829,0.024195808055550452,1.0,0.9965811027618304,0.01245733525383075,0.0,0.1363098954067181,0.0560975833190744,0.0015193909846922039,1.0,0.08025238648837849,0.0809826723627641,0.059763451032261904,0.0,0.0,0.9856799558374086,0.9770539425670806,0.0,0.01488200683117078,neptune,0.0,0.9693195367072864,0.001951304386395886,0.0,0.0,0.0,0.004239976906248115,0.0,0.006927439125271701,0.019445378256990532,0.0,0.007592342800249015,0.005871091872398739,0.012507285515508199,0.016546079410416074,0.0,0.0,0.00814441309783439,0.0027764345250082035,0.0,0.00591655128226518,0.0,0.0,0.0,0.0,0.0,0.0,0.0,0.018222909289042983,0.0,0.0,0.0,0.013908652198054301,0.0,0.0,0.0,0.0,0.002516503030554719,0.018256740281851123,0.0,0.0,0.0,0.003481954781112795,0.0003738749772571848,0.0,0.0,0.0,0.0,0.004980780054661016,0.0,0.00467967634743467,0.025560450502637503,0.010462626595150125,0.019002796359499426,0.0,0.007518229679878883,0.9932988035665493,0.010858298481113346,0.0,0.0,0.000959607857713856,0.0,0.0014616295878309862,0.0,0.007305693014969007,0.01762967103507208,0.0,0.005643784745718735,0.0,0.0,0.005808310925584932,0.0,0.005692167902903776,0.003555526280574297,0.0023980032022895303,0.012112791533552927,0.0,0.0,1.0,0.0,0.00045639072278564626,0.005646476814880049,0.0,0.010359419232697746,1,neptune,DoS
0.00011724059448987169,0.0,0.002574882088796484,0.005302758689405292,0.0,0.004595196243280263,0.010787932015962178,0.0,0.0016901729117099295,0.0,0.0055059290288871,0.0,0.004962780919696452,0.011775093609565591,0.00850522583727245,0.0023862236595235905,0.0,0.002979600816284495,0.008959270288872459,0.10128036712909425,0.017496012335629783,0.0,0.007422539284121292,1.0,0.9891919426723237,0.17604647138523685,0.07017971505777065,0.0,0.9922841601013376,0.13232852927260536,0.13005584972227513,0.44528989895358567,0.021287608860629567,0.008318167952281333,0.010606541822115508,0.016201940315597515,0.953481502484907,0.9636723916017808,neptune,0.0026133754849197704,1.0,0.016280178715368705,0.0,0.0024235943591703157,0.0,0.015723109073506377,0.008381120263934515,0.0,0.01944737005702629,0.0,0.0,0.008500371523429171,0.012212215666514993,0.006076669184349263,0.0,0.0055887737811512106,0.0,0.0,0.0,0.0,0.0,0.0,0.0,0.0,0.0,0.008267773236115737,0.0015584979180728372,0.0,0.0,0.0,0.0,0.0,0.0,0.004720390441952266,0.0,0.01277397124976924,0.0,0.0068760230263160875,0.0,0.0013730773558499546,0.009757951230702494,0.0032980828457461575,0.009086480880551756,0.010177484674516908,0.004639500885209156,0.0,0.0,0.0005270063669826016,0.0,0.0,0.0012910038562012414,0.0,0.0008859562715282794,0.0,0.013773440540631983,0.0,0.0,7.24360984725271e-05,0.0,0.0016174280323647578,0.0,0.0,0.9848299613107439,0.0017973124368521032,0.0,0.021646612130720198,0.008309291744900834,0.012180333767115517,0.025942063458002807,0.0,0.0,0.013319204000107814,0.003195808938112517,0.0,0.9958898024265085,0.0,0.0,0.0,0.00601431963701923,0.020799846159676443,0.0021240695363823705,0.0013315405841383724,0.003674737687545642,1,neptune,DoS
0.013048705062390038,0.00440420749184329,0.011697166507609779,0.0,0.007007632428592971,0.007323580552463641,0.004348454569343828,0.004209214555588702,0.9870152055146383,0.010215576550357364,0.0,0.0,0.0,0.0,0.0,0.0,0.0,0.0,0.004824926570337604,0.01605666001963043,0.025045771325536363,0.006640709705645426,0.017086379648421544,0.0,0.0,0.9921068838761569,0.007463075474461336,0.2383615576122738,0.4308207572179228,1.0,1.0,0.0,0.0,0.024517552033805762,0.005762456119758182,0.004044710114460713,0.013496723432156752,0.0,normal,0.016389444904732424,0.9923198158390841,0.0,0.0,0.009203113518983962,0.012919777161888015,0.0,0.0,0.0,0.01120934144215841,0.0,0.0024455291980567465,0.0,0.0,0.02476933544719839,0.0,0.0,0.0047232890037728435,0.01441445862626809,0.009563376144451342,0.0,0.0,0.0,0.0,0.003925865516502713,0.0,0.0,0.9868182939840866,0.0,0.017356403697463343,0.0,0.0,0.0,0.0,0.0028359303941752397,0.0,0.0,0.0005658026081407741,0.00403352487431173,0.0,0.0,0.0,0.0,0.011770199101961183,0.0,0.018711625039709287,0.005573143576890101,0.0,0.0006299476118701538,0.0,0.008977253161474996,0.003184752448543903,0.003683165738563106,0.0023019384721742813,0.0,0.005657478439384677,0.01538137103408934,0.0,0.004616281198139883,0.0,0.0,0.0034464956789531094,0.0,0.01233069291771101,0.0,0.005222839093526257,0.011249730191259154,0.0,0.001362323986451339,0.011794462455929076,0.0,0.003145225858543496,0.0035772613579936764,0.0,0.014677044888470929,0.0,0.0,0.001317554401867976,0.0,0.003029137249688523,0.0,0.00034494537501135453,0.9961910249625,0.0,0,normal,Normal
0.0,0.009432808498217227,0.0020436598229563933,0.0,0.0,0.0,0.0,0.0,0.9922179826735934,0.0058846318335646665,0.0,0.005181097131751773,0.0,0.012690414522577362,0.0020693533284697,0.0,0.004408417452527887,0.0,0.006808083907964841,0.018959386765689076,0.0004542089851796941,0.003349144549735808,0.0013049769228667288,0.0,0.0,0.9891680549402332,0.000669911033999193,0.0,0.4919812717938848,1.0,1.0,0.006699988996537293,0.008094692233484264,0.0,0.0018307553832081394,0.013619453216695165,0.0,0.0051874151607132655,normal,0.0,0.9944030720558096,0.015112141185573776,0.004619683512776589,0.0,0.003312979149933113,0.012722759097347745,0.008617600179057293,0.0,0.008896175729410994,0.0,0.0,0.00867175957362967,0.017003838078065322,0.0,0.0,0.004222658594644916,0.015671846554689638,0.0074453668661614205,0.0,0.0,0.0,0.0,0.0,0.0,0.0,0.00401687979808065,1.0,0.0,0.01109516519462377,0.0012369382252285079,0.012411691609521958,0.0,0.006005279618167082,0.0,0.0,0.0019783304926693016,0.0010813453028467156,0.009155386301721493,0.023896274762352274,0.006803380768424733,0.01562479871578273,0.0,0.0,0.0,0.014031364274918188,0.009826017052093157,0.0,0.0,0.008199894676784735,0.01217359720298632,0.0,0.0,0.005987756406129419,0.0,0.0,0.0006204362230505955,0.0,0.008055240785520217,0.0,0.0,0.0004549956167461168,0.02061013264713426,0.011834339322824506,0.010506869857672019,0.0,0.008073028332467983,0.0,0.008135008711880594,0.0,0.0,0.0,0.0,0.0,0.0,0.0,7.863791102145542e-05,0.008265722768870793,0.0,0.0,0.0,0.0009283033030956168,1.0,0.010732522347022459,0,normal,Normal
0.0,0.0,0.0,0.0,0.0,0.013185892828721955,0.0,0.0,0.9986835569198307,0.0,0.0,0.0,0.0,0.0,0.0,0.0030015351097423433,0.010840377560171833,0.0,0.0,0.011886711450172425,0.0,0.0,0.0023359987194196334,0.0,0.01986624426064068,1.0,0.0047049173952867975,0.9895985285717047,0.0,0.9983584011299858,1.0,0.0,1.0,0.03489314126217947,0.00043278871776770213,0.01090614977393228,0.0,0.008143458200045854,normal,0.006696325962211586,0.9909898805643594,0.008892545838247449,0.01351319649176249,0.005435833016950309,0.01771261634776787,0.0,0.0,0.0,0.002359031983023255,0.0,0.0,0.0,0.014146119751999711,0.017408411894402658,0.020314082607884136,0.0,0.0021813704105719325,0.0,0.0,0.0,0.005697285723700731,0.025173789517454814,0.004968998805903108,0.0,0.00824930692567999,0.0,1.0,0.004842858733082573,0.0,0.006398465610938249,0.0,0.0,0.008433229037145084,0.008112789547740046,0.0005406345081169465,0.015275596302696575,0.0,0.007686212889075664,0.0,0.0,0.0,0.009404968098746483,0.0,0.0,0.0,0.0,0.0,0.0,0.0,0.00861064505286911,0.0,0.0,0.0,0.0,0.0006527107471967639,0.009462924765096564,0.000314791145238224,0.0,0.0,0.009773678477195201,0.0,0.0,0.010020692638786357,0.0,0.0,0.0,0.01668224944133045,0.0,0.0,0.0,0.005345075874919016,0.003173343667010338,0.0,0.008369616988956326,0.013619820553299975,0.0015307357254828403,0.0,0.0,0.0022265391897056913,0.0013807765711735113,0.011384247491415717,0.998423182376176,0.0,0,normal,Normal
0.005741155852635098,0.0,0.0,0.0037278329782045733,0.010478075100507854,0.0020912638001135786,0.0,0.0,0.019657451992937974,0.0,0.005069999433662213,0.0,0.01612012736005857,0.0,0.0,0.0,0.00755384898971626,0.0013954721306599243,0.0,0.0,0.00600897031783185,0.0018583203766633259,0.0007553252075840197,0.0,0.0,0.9918466975297864,0.0,0.016038212400817323,0.023983875272457347,0.057150910830951675,0.9997619363051485,0.0,1.0,0.19884493294094832,0.0019322185534334272,0.0,0.0,0.0,warezmaster,0.006598779853969973,0.9930782487124146,0.010074442134264214,0.0,0.0,0.0,0.0006298413653522146,0.0,0.02519812851469038,0.006956564146080192,0.0,0.0,0.0009061354687005263,0.0,0.0,0.0,0.0,0.0,0.014438599794171194,0.0,0.004155070795284933,0.0,8.494007611607951e-05,1.0,0.0,0.018824198864417975,0.014648592171557492,0.0,0.0,0.010645006692707465,0.012276539492994,0.001178343499217884,0.0,0.01042640116061702,0.008841022333082383,0.0,0.0,0.00286281254190535,0.004229191906742361,0.0005542220451935002,0.0,0.0,0.02287863585785232,0.014769670002885855,0.0,0.009045080130332797,0.009073459689040194,0.0,0.0015125132047762086,0.0,0.0011557250820781217,0.0,0.0,0.0,0.016533272780132863,0.012645476570418703,0.0,0.0,0.0,0.00472623772651672,0.005906297847164699,0.0,0.008777374540596043,0.006812865703069574,0.0036503528999768456,0.004913026482496835,0.0,0.011930104832172366,0.01526676117223358,0.0,0.0001003586200243232,0.0009333957051159595,0.0,0.0,0.0,0.0034560359476235175,0.0,0.0195748273392457,0.019961651103236645,0.00816428656269657,0.011655885662556527,0.0011115515298790344,1.0,0.0,1,warezmaster,R2L
0.0002926986937396839,0.008566826162177804,0.0,0.00404718646024788,0.0,0.006358920411061682,0.0,0.0036056219022355934,0.003170726772347633,0.0029796600583027245,0.0,0.005740456732607158,0.0,0.0,0.0054577732246372124,0.011228031629019804,0.0,0.009785460384506004,0.0010187502663248824,0.012683976593033476,0.0,0.0,0.0031489624946217432,0.0,0.018481288093786668,0.998084116920559,0.00022351486700156807,0.012097402779107083,0.8159127001722937,0.0531492027039879,0.06589542156241664,0.03776426739375432,0.05727609664167629,0.0031713271910187636,0.005529590488055335,0.0,0.0,0.005946325252085072,normal,0.0,1.0,0.013930807384834897,0.0,0.002733728505280859,0.006060236353669384,0.007403545823308915,0.0030094151275558458,0.00111141621623662,0.0,0.0,0.0,0.0,0.0,0.0024574976135462875,0.0,0.0004880929121723961,0.0,0.01979920691391432,0.009192640738148456,0.015609564802236155,0.0,0.009155644639644194,0.9905041069521509,0.0,0.01131101228256202,0.0,0.0057580320888786975,0.013830361304431335,0.0020909392583396097,0.0,0.01084227736908903,0.0074921743079224765,0.0,0.0034248577471593777,0.0,0.0,0.0035399020582369133,0.014351311091899598,0.0,0.0248610804923741,0.0,0.012851140450414498,0.0,0.01982509717687428,0.010897278660368317,0.013773095505590107,0.0,0.0,0.0,0.0022943310597834292,0.0,0.0011485686397771457,0.014822158292692011,0.0028938190173320956,0.0016500001655417235,0.0,0.01664804275347403,0.0,0.011306321742423693,0.016337756003247803,0.004184657313422809,0.003479625335307784,0.0014979687770453895,0.0002536568036677196,0.017294231154140537,0.009689773083172573,0.0,0.0,0.0,0.0,0.0,0.01612055497305281,0.007978670340150767,0.014976756811541472,0.005188680138217421,0.01021115465649777,0.0,0.008308331381894908,0.0,0.004029024275358336,0.00892787347253586,0.996941767635513,0.0,0,normal,Normal
0.007615290851299136,0.0008063343508874707,0.015224259137812548,0.002539255520735607,0.0,0.011817822156235358,0.006760820422589233,0.0,0.0,0.0,0.0,0.014318873058205202,0.005231992148613517,0.006348092992028174,0.010013800138868515,0.002778966125139522,0.0019489631894080892,0.0,0.0,0.2537104576295688,0.023090529262448107,0.0,0.021903828542002884,0.9978024447539746,1.0,0.07451013322021427,0.03447678900407868,0.0,1.0,0.045189530101435296,0.034621872410479884,0.07215291815460768,0.007273289423010555,0.01398270994101512,0.0009285026779130494,0.00394617035004418,1.0,0.9975312271634496,neptune,0.011402977607013049,0.9993815079886199,0.0,0.007144757475978238,0.0,0.0,0.005479763304539964,0.0,0.007928019792612997,0.0046642644657174945,0.0,0.0018348197034296224,0.0,0.00023782701885799475,0.0,0.010823019062266228,0.0,0.0,0.0074618562534070985,0.0009860255561051758,0.0,0.0,0.0,0.0,0.0,0.020850395306365895,0.014386722873249123,0.006226928498506858,0.0,0.0038670312195529482,0.0,0.0,0.0,0.0,0.005756555125878578,0.0,0.0016620248764791618,0.006434907292963578,0.0,0.0,0.0,0.0,0.017383184091100453,0.007797081423409219,0.0041861580841258345,0.0,0.008986831039784262,0.003987113776883281,0.014535900974714576,0.0,0.00047836555513530726,0.0,0.0,0.007050664299786888,0.011816151659063596,0.0,0.007888364409191655,0.006794161502356562,0.0,0.0,0.0,0.0,0.0,0.0003996240699164766,0.0,0.0,0.0,0.008535542610490325,0.0,0.9930186619813982,0.0,0.0,0.009313658510681489,0.0,0.0,0.998153609778194,0.011958816730856968,0.008455798914213105,0.009721909868827757,0.008380228023559755,0.015023252268376114,0.0,0.0,0.0,1,neptune,DoS
0.0,0.0,0.0,0.006400283318705021,0.0,0.0,0.0,0.0,0.0,0.0,0.015350544514144917,0.0,0.012232600256740951,0.008936969790228727,0.0,0.0,0.0032352645330678926,0.003877484743737837,0.0,0.4899822950275571,0.03142347286635493,0.018158549387346,0.0011998145841939083,0.9858971881358757,0.9944022050905946,0.08287214457187629,0.04494241343102811,0.0,1.0,0.06419886873690711,0.08388184453679016,0.09256381862176097,0.013063774654325089,0.003492445978275106,0.02596026788357398,0.001994006414805837,0.9777017795547177,1.0,neptune,0.009125560857586446,0.9909757350552468,0.0005819375209611528,0.0011961174479560121,0.0,0.00036041015251185034,0.0,1.0,0.0,0.0,0.0,0.0008957555106729071,0.0,0.00804731573726356,0.006840772651680991,0.00447850457381608,0.009736357733669735,0.0,0.0,0.0,0.011135840469208638,0.0,0.005442895084171646,0.0,0.0,0.004943491857987413,0.0,0.020854057456575977,0.007892249875037146,0.013916293929958874,0.002216951702594665,0.0031073876033019705,0.0,0.0024637671828303728,0.0,0.0,0.008920004723838453,0.0010357078139998273,0.0036771935884683167,0.0,0.00023420369015533964,0.0,0.0,0.0,0.0,0.001177601837052257,0.0,0.01799941768261923,0.0,0.01729666565086584,0.0,0.0,0.0,0.01744903538936802,0.0,0.0,0.009989199660052682,0.006422482939331995,0.0,0.0052197623072819934,0.0,0.0,0.0,0.002462176963179535,0.0,0.0,0.0032273577607751566,0.0,0.0,0.0,0.0,0.0,0.012038328356297314,0.011446203607212286,1.0,0.0027246962159932614,0.0,0.0,0.014641550204399943,0.0021322122010596365,0.011407152399258151,0.0,0.0,0.0,1,neptune,DoS
0.00015276058012810633,0.0053453346787867215,0.014366995037346663,0.0009873274414394576,0.0,0.00658496903624164,0.009546490928226615,0.01864733984745749,0.9953784057743478,0.0,0.002530423286578166,0.0,0.0,0.0009761025091040734,0.007306598796700753,0.0025261737666899243,0.003855959320095506,0.0004345430313898685,0.0,0.027394364693400546,0.01594931978304934,0.0,0.01021236661444211,0.015604812267094962,0.0,0.987378464520851,0.0,0.9978189829918083,0.4484412550707381,0.9985008580365539,1.0,0.00271153813795954,0.021865801935720644,0.03458556295472275,0.0,0.0,0.006737994816776339,0.0,normal,0.0048963346106771725,0.9911161673838529,0.009635016066556742,0.0034691577207619497,0.0027525377047864846,0.001510874193294277,0.018777275043600435,0.0,0.0,0.005949362928486108,0.0,0.02445992703234806,0.0,0.0,0.001869910023131808,0.0,0.005741279421594937,0.01475286334207293,0.009101229079692984,0.0,0.0,0.005073868259491854,0.022481218928103255,0.0,0.0023116025382407803,0.0,0.0,1.0,0.016076337297435944,0.0,0.0,0.0,0.00511375577834533,0.007681338366133771,0.0,0.008723019017731967,0.0,0.003052881687623153,0.002057800125766307,0.0,0.001780883686230357,0.0,0.005611417299586137,0.003668335452711746,0.0,0.0,0.0,0.0040939936687520925,0.006849743532361185,0.0,0.0,0.014685956292476862,0.011341502056137875,0.008493908396910832,0.0,0.0006278148740201274,0.011160278507114943,0.0024330499853989344,0.002861033725233856,0.0122917154210444,0.0,0.0,0.009734384190979765,0.0,0.0,0.0,0.00022798306118374396,0.004016708539584825,0.0,0.010332783945826431,0.0,0.007459609296468846,0.0,0.0,0.0,0.002442990293656585,0.0,0.0018142593061871953,0.006564622997376363,0.0,0.0,0.006504836005653445,1.0,0.0,0,normal,Normal
0.0,0.0068926975437893735,0.0,0.0014362659114930427,0.0,0.0025268401983357088,0.010269669274294034,0.002468163205952596,0.015903158974934765,0.013561967654217149,0.0,0.012238433327606277,0.002661108017137193,0.005484652519070178,0.003417450583159188,0.0,0.007887570573958056,0.007799563061139333,0.009380133820345048,0.2337134807062083,0.38950913895812794,0.007162340244787221,0.0,0.0,0.0,0.9948423448880399,0.02945048845055563,0.010631681239418243,0.9936724631222494,1.0,0.9884461186707615,0.02316201228746254,0.0,0.004709425544611629,0.0,0.0,0.0,0.0,normal,0.0,0.0,0.9864977877312087,0.0072001609998203495,0.011246392347629551,0.0172289858806776,0.0,0.0,0.0036319236816219785,0.005262416043134597,0.0,0.0,0.009620203951536009,0.0,0.0,0.9966966416557962,0.0,0.0,0.013896507954354055,0.004403631681829573,0.0031368925362551298,0.0046689375563983785,0.0,0.0,0.018216040427160823,0.0040230532751358095,0.0,0.0005930304026094008,0.0,0.0,0.0,0.007181469216223174,0.013485517452188865,0.0,0.0,0.001635355296677158,0.009848104405964628,0.0,0.016892204561007502,0.001836509407599278,0.019382606502563977,0.010829248578761752,0.007405782926724579,0.003649687857539915,0.004425545309803221,0.0,0.005801348387278408,0.0,0.00932806382546801,0.0,0.0,0.0,0.0,0.012436938355300473,0.0,0.002419783519871853,0.0,0.004024127900481246,0.0062697969486573205,0.0,0.003972198858977622,0.0070646791659421115,0.0,0.0,0.0,0.008718607596435439,0.0,0.013454250454676476,0.01609871824164721,0.0,0.0,0.0,0.01093244660861374,0.0013858949194613525,0.0,0.0,0.0,0.0,0.0,0.002135971318898412,0.0,0.006848110686759646,0.9883475132111932,3.5380657544419796e-05,0,normal,Normal
0.004857041055411845,0.0,0.014573741903980577,0.004349736791002275,0.004869330967846196,0.0,0.0,0.0,0.010262592407030957,0.0,0.0,0.0,0.008050724073644766,0.0,0.0,0.019005242530034303,0.00509212204071927,0.009847933387785404,0.0,0.0,0.008213475062373026,0.016719942116680896,0.0,0.0,0.005884694057306328,1.0,0.0,0.004698797454298927,0.9840021669721346,0.9821353202416389,0.9920376696509146,0.0014154157588596311,0.021652090676878892,0.0004942403181962077,0.004467156931713195,0.011229969399910507,0.0,0.016212614445969206,snmpguess,0.0,0.0,0.9911415646098294,0.0010408976185969862,0.0,0.0,0.005975089461912239,0.003569497002596229,0.010669682954335624,0.0023238213808933943,0.0,0.01757728184937143,0.00035870399683994824,0.0,0.0,0.002980361254677003,0.009547636032434114,0.0,0.004998125216601496,0.008060813985379356,0.0012099059786450203,0.008845224489102233,0.0,0.0,0.006292698971822234,0.0,0.0,0.00460110516458853,0.0,0.0,0.007664175306300296,0.003298003033573751,0.0,0.003978034856085807,0.003932955100071062,0.01292683518431347,0.0,0.0034986134088390037,0.0,0.0,0.0,0.0,0.0,0.0,0.0,0.009432992040772005,0.0,0.0,0.0,0.0008797740398899384,0.007844295348602174,0.014597418389328567,0.9896291812493763,0.0,0.0,0.010970118179644151,0.0027548477266186137,0.0,0.0,0.01069137747537825,0.0012435799680653992,0.0038112013190859857,0.002576570519397069,0.0015646539815353851,0.0,0.0,0.0,0.012333465897325773,0.0,0.0,0.0,0.0,0.0,0.013750161333240448,0.0,0.0,0.008587515208147954,0.0,0.0,0.008603103236305011,0.00699778802407939,0.0,0.9737755550062129,0.012388507441871822,1,snmpguess,R2L
0.0,0.009194893106984391,0.006454432023037461,0.0,0.0,6.336043847008429e-05,0.0,0.0,0.0,0.0,0.0,0.0,0.008456113613808321,0.006943134928360901,0.002156183577980161,0.009205974332525858,5.399603682640467e-05,0.012819686112153615,0.0,0.30705312213841257,0.29927857809026553,0.0025859273631678864,0.022794092746636813,0.0,0.0018975535074721764,0.9818050631852497,0.02577471439376832,0.0,1.0,0.9851820084311558,0.9876518305531705,0.025076884345969136,0.004671053126466558,0.001910357153755698,0.0,0.02964663999373474,0.0,0.0,normal,0.0,0.006792865297665623,1.0,0.0,0.0,0.0,0.004237975048873876,0.0,0.0,0.0,0.0,0.003111016543438863,0.0,0.0,0.00900370123911193,0.9939900068611911,0.0,0.0,0.020874090781079595,0.0,0.0,0.0,0.004297042659862438,0.0,0.0,0.01631271007019572,0.015033488620980655,0.0,0.010267777293063458,0.0,0.0,0.0039465436152014205,0.0014395632295454348,0.00666778328309608,0.0,0.0,0.0,0.01387084201587176,0.005787917930798601,0.0015295924374819506,0.009066022192671533,0.016263772424764848,0.0,0.0,0.00514140717222625,0.004922388422666544,0.0,0.010616275385324192,0.007426470263516921,0.0,0.004939524774196662,0.0013522827286611468,0.0017061891246153225,0.0,0.009307942061560036,0.0,0.0,0.0,0.010073942770241555,0.0,0.011308813651453063,0.0006240228450694153,0.0016440239996757945,0.008366900623447946,0.0,0.0005968228653897603,0.012046932281023454,0.01247173878550574,0.0032911865730296625,0.0081795125861686,0.0,0.015105995374726622,0.0,0.0,0.017747722988992153,0.015592272678235673,0.0,0.006624631826178237,0.0,0.0,0.014599237294095102,0.0043233800274659305,1.0,0.0,0,normal,Normal
0.003779094798725326,0.0,0.014423053314565271,0.0,0.0,0.014316945507930327,0.0029050958714266803,0.0023263294146966674,0.9860778952246959,0.009870122993110157,0.006543058007598087,0.0,0.0,0.0,0.0,0.0,0.005067716177747784,0.002475480024713287,0.0,0.013948123911571346,0.004306131902896884,0.0,0.0032423354916738664,0.008586578873978571,0.0,1.0,0.0,0.01225347828187598,0.10552892235281719,0.990229607780242,0.9940677214458289,0.0058506700233130725,0.05016323528599355,0.01846577371868972,0.005468459195540054,0.009036359607015486,0.020796182573287296,0.0,normal,0.0,1.0,0.0,0.0,0.0,0.0,0.005785999102474038,0.011118139593885728,0.0,0.007595559901701341,0.015808034305719733,0.0,0.0008566299595469262,0.0062239139437712445,0.0,0.0,0.0,0.0019418378984205867,0.0,0.0,0.0,0.0,0.0,0.0,0.0,0.0012496732360056059,0.0,1.0,0.007718101068353963,0.011571634552667782,0.0,0.006011621664518022,0.008631767675568475,0.0,0.0,0.0,0.0,0.020771303341607213,0.012689482078447603,0.007564546589831866,0.00758084404079269,0.0,0.0,0.0,0.0,0.0,0.010546474791763426,0.00024532408472049456,0.017291591799336398,0.0,0.0,0.0005502461819035277,0.0023865008776540178,0.0,0.014604207397437865,0.011190094726883433,0.005650066001732479,0.010184044525724342,0.0,0.0008784723194116035,0.015135684275301091,0.008563840399388942,0.0,0.0,0.0,0.008274734016900596,0.0,0.0,0.0,0.0,0.0,0.011886389517803147,0.0,0.0006922889341217582,0.0,0.0,0.0,0.0,0.010399401133505707,0.009297310142069666,0.027005563191833608,0.0,0.9982225870503048,0.0,0,normal,Normal
0.0,0.0,0.0015331680233215306,0.0,0.0,0.0,0.012525284513899526,0.0074224780818263215,0.0027953633363339424,0.007806344649001742,0.0,0.0,0.002414938191512113,0.014992939076121542,0.0,0.0,0.0,0.0,0.0,0.5631734870081763,0.051458381186799976,0.9998407517453952,0.9929918560538474,0.0,0.0,0.05649989649861465,0.059944168697080503,0.0020119316150585625,0.9977046778495351,0.08000703446593976,0.06196891404729773,0.05244546694615361,0.0,0.006880931008145761,1.0,1.0,0.007518239862923784,0.0,neptune,0.017603386800627924,0.9919453010993949,0.0,0.0,0.02059281015025484,0.0,0.00949286417655648,0.006457219201318523,0.0,0.01849166015592743,0.005290013901930995,0.013782892738169851,0.0,0.0,0.0,0.0,0.000719772721180019,0.0064252715033141375,0.016326442434642104,0.0,0.0028535632972513003,0.0,0.010687925450824014,0.002834241514158197,0.004278327351067381,0.0,0.01671400618771044,0.010738167241152272,0.0,0.006346520783356521,0.0,0.006591532034553509,0.0,0.010231184930198485,0.015591502636124917,0.019907710340541472,0.0,0.0,0.0,0.0024186239649004,0.0033518733426668806,0.005594677466710381,0.007183797381573876,0.005037848690596261,0.0,0.0,0.0,0.0,0.0,0.007946612984445019,0.0,0.0,0.9904205439539546,0.004073227104470668,0.0,0.0,0.0,0.0031124909615321355,0.0,0.0,0.009965533993674362,0.0,0.0,0.0,0.0,0.017883675757682894,0.0,0.0,0.0,0.03847168796191918,0.0030458775222083696,0.0,0.0025959576325561753,0.007178912925913921,0.0,0.010062635218606756,0.01578439086329386,0.0,0.9894637695377959,0.006551536723943417,0.0,0.006327761731010809,0.0,0.007039393131154662,1,neptune,DoS
0.004584429136180251,0.0,0.015085492939435627,0.009946479408512447,0.012247965632112697,0.005485846110459633,0.0,0.0,0.0,0.0,0.004440875062185924,0.0016938722453258576,0.0,0.0,0.008263878316519244,0.0,0.0,0.0,0.0,0.016912902497561787,0.010268607419634968,0.0,0.0,0.0005863122104891914,0.00024244263472004106,0.9962285363601955,0.0,0.6574773604403862,0.9996430343313886,0.8337896326485582,0.8206579253790885,0.002747324036685028,0.0,0.0,0.016761129463000065,0.0,0.058538204891870865,0.016315811668601986,normal,0.0,0.008912513609918743,1.0,0.005376305292840809,0.009973730631712557,0.0,0.008296684285592725,0.0,0.0,0.0,0.002961277755862111,0.00881181639958639,0.0,0.0,0.009617540984841598,0.9930982561213488,0.0,0.009870268068136668,0.017287525328794823,0.01198711458727038,0.0,0.0,0.0,0.010307394697371797,0.0003224238109112208,0.0,0.0,0.0,0.00822943537048988,0.0,0.009277666671652043,0.02194718981120521,0.008582302557074735,0.012120060569429797,0.0,0.0027770501238916696,0.0031200286944233126,0.0,0.003041272692425669,0.0011356813638112551,0.0038896110549355325,0.0,0.0,0.0,0.02149758070036542,0.01426062868317277,0.011718795231715153,0.0,0.0,0.002599069425680704,0.0,0.0,0.0,0.0,0.0,0.0004464237618606553,0.0,0.00886492957822221,0.025183053519825856,0.01560463272437803,0.0,0.0019079363538734653,0.0,0.012795010011038112,0.0,0.0,0.0028588612633717657,0.0,0.014247917431273006,0.0,0.0028410340113010184,0.0,0.00033073267020628,0.004219410609381054,0.01731439525801916,0.0,0.0,0.0026641819399716936,0.0,0.0,0.009623467914907388,0.0,1.0,0.0001993613537382347,0,normal,Normal
0.0,0.0020724496124239996,0.0,0.008110482171626274,0.0,0.0,0.0,0.012301063314103902,1.0,0.0,0.014266566296204082,0.015257976566336012,0.002142445066712882,0.0,0.002531102268218376,0.008808599944482624,0.0,0.006705168665130019,0.0013917310581323258,0.0,0.007428433195310619,0.0008225894546019031,0.013338059006920379,0.008236911433115791,0.0,0.9886923910778946,0.00842579340823202,0.4001948501246912,0.6561977832027052,1.0,1.0,0.0,0.0012076917146325496,0.033718454477654536,0.004420972189618442,0.009142942161229291,0.004138988669853435,0.0,normal,0.0,0.9927714580750089,0.0,0.0,0.00822466989292349,0.009077369524589702,0.014363782234952906,0.00632150890008099,0.008478164824039316,0.0,0.0,0.011362877186940464,0.006062996231100589,0.0028098472863422146,0.0,0.0,0.0,0.0,0.007020382715410195,0.00586163830071293,0.0,0.0,0.012774132859287857,0.0,0.0057627319531957715,0.0006151692720166989,0.009034684936688261,0.9796253784254116,0.0,0.0,0.0064951209226588825,0.0,0.0,0.0,0.004163701323313335,0.0,0.006299785432678014,0.002714940032766643,0.0,0.003984949419589234,0.0,0.0,0.0063925272511956245,0.005348711914774664,0.0,0.0,0.005984365897655261,0.0,0.0,0.007807099537785711,0.013597580946833448,0.0011808095053987197,0.0,0.008751525269161828,0.007501192715961106,0.006411635987641579,0.0002404541035232404,0.007858215062265032,0.0,0.0,0.0023743288834249185,0.001662262266475741,0.0064400689539627675,0.005567745743365571,0.0,0.01406064212297525,0.015216281396345146,0.000530891964279615,0.0015028062665592627,0.003166786869491326,0.014909061237242107,0.022355443683929773,0.0,0.0,0.005271971726451679,0.0,0.0023495012192773367,0.0,0.0010658911020355797,0.010805513370708515,0.003231698384164112,0.0,0.9840812981039441,0.0,0,normal,Normal
0.0,0.0,0.017975437026489665,0.0,0.015675097993069226,0.0,0.0,0.014839649255305669,0.001415875501469226,0.0,0.0,0.002554878237850857,0.0,0.00039456333650287993,0.004823696267563555,0.002556491757050538,0.0,0.0,0.0014573158379938085,0.2923487152390381,0.03257324772258313,0.0016833977797602374,0.007217497207571062,1.0,1.0,0.11760986184077199,0.06580323641200633,0.004033788803977424,1.0,0.04885841294046819,0.08636827830658898,0.0514128104414263,0.0061257320351325705,0.0007326159979332975,0.0025585729525393524,0.004157737213226435,1.0,1.0,neptune,0.0,0.9924573459323947,0.0010280983832198164,0.0,0.0,0.0024557157213982183,0.0,0.0067254285070655175,0.0033338522129991474,0.0,0.0,0.015612731998725503,0.0,0.0,0.0,0.0,0.0,0.0,0.0022322311458670622,0.013248312379562324,0.0,0.0,0.0,0.0,0.005453731399245522,0.0,0.004529035334878915,0.0,0.02205422187275885,0.0,0.009389090095809814,0.002137005756101101,0.005196524340933593,0.0,0.019659210480641138,0.0074560388687998445,0.012020925302288153,0.0,0.0,0.0,0.006058179539753004,0.0,0.005757353955157284,0.01835881375565223,0.0,0.013417305856165001,0.010277866156943488,0.0,0.0,0.001559476292350028,0.0,0.0,0.0001705300621489038,0.006382219659782635,0.0,0.0,0.0,0.0,0.0,0.012627967481808501,0.004201915698251756,0.016521889162853055,0.0,0.0,0.01063815226611048,0.0,0.0,0.015602289736319195,0.0005834042047277149,0.995845995412776,0.004203992574160486,0.0036187324371166787,0.0032179494794681994,0.0006975285266814471,0.00828116201107668,1.0,0.013724645846397892,0.0,0.0054115614473580825,0.005879244658979218,0.01389113284112615,0.004122835809521995,0.0,0.014823239646378897,1,neptune,DoS
0.0,0.0,0.01083416526261361,0.022768456254914603,0.0036335581613181483,0.007367078357086275,0.0,0.0,0.9978118594118657,0.0,0.0031229378881726068,0.0,0.0,0.0,0.002333458038113549,0.09960613121788872,0.0,0.032139489073912245,0.0,0.005021170579002851,0.035816158982416774,0.0,0.0,0.006947508191989205,0.0,1.0,0.029292593357403925,0.09637697161133618,1.0,0.7552348387643617,0.7459119073643442,0.02183057289212702,0.001814999215358751,0.0032449239247604213,0.0,0.0,0.1529167967230315,0.0,normal,0.0,1.0,0.0,0.004214694164714218,0.025123701078326434,0.005808933290335688,0.0,0.0,0.0,0.0,0.005858113199920601,0.002694934666573598,0.005460368718729804,0.0,0.0,0.0,0.0,0.008497870817406892,0.006852458035060873,0.0,0.001054646418774399,0.002352614860650429,0.002425522846490408,0.0,0.0,0.0,0.007101999477559576,0.9897736712935635,0.013615505187749285,0.0,0.003727820073768502,9.415317442745797e-05,0.0,0.0,0.007019369102762035,0.013313192818076209,0.017903107059660053,0.0015835366813232768,0.0,0.0,0.0,0.00963407320692963,0.0,0.017172590135230724,0.002214291652174342,0.0,0.010050176863635343,0.0,0.0001558100973582448,0.0,0.0,0.004765705187457154,0.0,0.00950043176302137,0.0,0.005170271203054552,0.004060879501802783,0.0,0.010996561026712568,0.0006386693306036994,0.0,0.0,0.019349961391763818,0.0,0.0,0.007472794543534657,0.017838245634225047,0.001207265855269263,0.009412746562275564,0.006246484777875654,0.004527653233752659,0.0,0.0,0.0,0.006241183976951822,0.011312994066359421,0.010492631407516329,0.0,0.006175026086169858,0.0,0.0,0.008798634591833427,0.9863748059810908,0.005767436674068447,0,normal,Normal
0.0,0.010153169143324814,0.002114771876639807,0.0,0.02307588358165708,0.018200615070827177,0.0,0.008608453415526076,0.0096061587908382,0.01747143516374963,0.0,0.0,0.0,0.0,0.0,0.000971836858570835,0.0,0.0,0.0013454187341713306,0.5016684432876878,0.011958267809569725,1.0,1.0,0.0,0.0019803702323591514,0.045887071035725285,0.05934374370369964,0.006364706182196743,0.9853374313831785,0.05165026233398927,0.0400713782202528,0.06202487362471443,0.011925115848682022,0.0,1.0,1.0,0.015769790779105914,0.0,neptune,0.01644541102217586,1.0,0.0,0.010955662667492504,0.0009103460900545593,0.005877748776188136,0.0,0.0,0.0,0.00475727858402692,0.01058791786210197,0.0,0.0,0.0,0.0,0.0,0.0,0.0,0.0,0.009041198556975306,0.004321887195531387,0.008430487302148279,0.0,0.0,0.0,0.004261014821168073,0.0029291062367867815,0.0018199884945722786,0.0,0.0,0.0,0.0,0.005772998536617211,0.0,0.0135888620539771,0.020267881632370918,0.0,0.017739756519717112,0.0,0.003184964713028069,0.0,0.02067085583691884,0.0,0.0,0.0,0.014488687598060783,0.010763288159075965,0.0017372195446066743,0.0,0.0,0.009446980005875844,0.015784003462949517,1.0,0.0,0.004458105360478011,0.0,0.0,0.010595863049735657,0.0,0.0014923015622186576,0.014991667771085704,0.0044931798181468445,0.015241171150615062,0.0,0.0034193632454482064,0.0,0.0,0.009492188403937023,0.005325746393590081,0.01566786470006633,0.0,0.013623196680918005,0.0,0.007847408862857716,0.0029139603709626765,0.0,0.0,0.007208723494714056,0.9972390472269089,0.0,0.02473446735416659,0.0,0.0,0.001725689934243058,1,neptune,DoS
0.0036790457305879397,0.005088093114471457,0.006112723261876164,0.0,0.002515970334136938,0.01283244783013875,0.0,0.011060253396396222,1.0,0.0065761753106501125,0.0,0.0,0.0,0.005774521532168556,0.007135648045697856,0.0,0.00759680025732443,0.002879730634329617,0.0021203667179664986,0.030840567935335697,0.03394658873110441,0.0,0.0,0.01342970484623153,0.0,1.0,0.0,0.18012019396576429,0.04513183752190892,0.9961119829517379,0.9867421786244539,0.0,0.09592082346905252,0.019464493381320815,0.0013628742079275693,0.0,0.0,0.0015836264585423372,normal,0.008140786288267088,1.0,0.016688304229399323,0.0,0.0,0.0,0.010235151291928217,0.0,0.00802971215145379,0.005270344443038056,0.004853665647141031,0.014215375610076417,0.012691097774160408,0.010352443943598159,0.0,0.0009980144796741205,0.017271615860716225,0.0023447441764829695,0.015313961259850415,0.00733274159741677,0.0,0.021918426761909242,0.0,0.0,0.0,0.007989946621346222,0.0,1.0,6.075292911627763e-07,0.0,0.00810096436450742,0.022821615603628765,0.020838024188703962,0.0,0.0,0.0,0.0,0.0,0.0,0.0,0.0,0.0,0.0,0.01348874687336624,0.0,0.009745999922277645,0.0,0.0,0.0,0.0,0.005245502817929858,0.0,0.0,0.004403409986083877,0.02028022138427805,0.004087376609169339,0.0,0.0,0.0,0.01141156650008499,0.0,0.00950410956809582,0.014220236557587584,0.00485909897441286,0.0,0.006412289285142283,0.003084810941058321,0.0,0.0220582536399258,0.0005693322892683271,0.014908584570555206,0.0,0.008021678350901784,0.0,0.0,0.0030333646478284586,0.0,0.0010604452730484705,0.004459476204488873,0.009736884601687805,0.0,0.0,1.0,0.0,0,normal,Normal
0.0,0.0033544813224371957,0.0,0.003781680599681702,0.0,0.0,0.008207188746849392,0.0,0.9935464144468739,0.0,0.0,0.0023177265949252896,0.00564617908729597,0.013415014648900847,0.005581276377043072,0.0,0.0,0.004445118835693444,0.0,0.013143675173541754,0.029660966088806223,0.0,0.0055269773135077005,0.0,0.01886636285987025,0.9987147891853428,0.0,0.010353651167743038,0.9968497007130506,1.0,1.0,0.0,0.0,0.02572196548607986,0.0,0.0,0.0,0.0002324441089470719,normal,0.0,1.0,0.0,0.006070546903942482,0.012842101789612053,0.0,0.015640512541451383,0.0,0.0,0.00012626511995679103,0.006918264365343884,0.0125766418353972,0.0,0.0,0.0050565294576927315,0.0,0.005193040227835129,0.009454980071332992,0.0038549035670246536,0.005577865536036329,0.006949524973800213,0.0,0.008541758483264687,0.0,0.009468128822979658,0.0,0.006416376014679803,0.9911091030503294,0.005037850827494239,0.0,0.007735883337346321,0.0008481438909523654,0.0,0.004666040120496405,0.004016886939037557,0.003023629552447363,0.0,0.005331244260957454,0.0,0.01680715830029884,0.0026490681560276024,0.0,0.007378713760155287,0.0017874723176079157,0.005164499611699867,0.0,0.010947451215359628,0.005345850820078158,0.0,0.007814854949056876,0.0,0.0,0.007381896909141359,0.0005611413699554768,0.006487928952492607,0.00493161489452231,0.008036652268987456,0.005173707473684415,0.0014879946045108206,0.0,0.0,0.003548170311002948,0.009184387012968222,0.0,0.0074172657002924925,0.013810186944719766,0.0,0.0033575261391400168,0.0,0.011022538500669943,0.027983874989770695,0.0,0.011260275028861223,0.0,0.006839045690625746,0.0022052469711381253,0.0,0.005416259445432463,0.0077200025225283965,0.005409400391721988,0.0,0.0,0.9985067207960264,0.006529344326039743,0,normal,Normal
0.0019937375278792453,0.001004853702877584,0.0,0.0,0.013955892520475957,0.0003436917315998483,0.003577935314091177,0.00376802579711967,0.013368537648689796,0.01844339844101721,0.013351151493656177,0.0,0.009261312482170794,0.0010352714338300504,0.0,0.0,0.0013738557062237583,0.00192111541218571,0.0,0.025435155278130384,0.005783023564324616,0.010252606546299252,0.014684497947791107,0.017512580818219575,0.0,0.9984964440710832,0.013880099610213456,0.012631853316042042,0.9989308875276561,1.0,0.9889721074363051,0.0,0.011135624812654293,0.007091311494493067,0.007686918086356818,0.026652263898841583,0.0,0.0,normal,0.012258773800696263,0.004916557974562856,1.0,0.00890610176054941,0.0,0.0,0.010995467079600973,0.0009889937131608983,0.0,0.012911953751806782,0.0,0.0,0.0,0.009572518037915666,0.001037652245621105,0.010489237420904294,0.0055501766818945,0.0,0.011689256097461938,0.0,0.006617762630553279,0.0,0.0,0.0,0.0,0.0,0.0,0.009756180309467679,0.0,0.01785009124065189,0.014385358922827992,0.0,0.0,0.0,0.0,0.0012526949634401893,0.0049411909689746295,0.01119338628548432,0.0,0.0,0.0,0.0,0.0,0.0,0.001442210686581775,0.0003586289210995069,0.0,0.0,0.0,0.0,0.010825167699761211,0.00706123965121821,0.985110843536581,0.0,0.0,0.0,0.0,0.008213920283448323,0.005683490745360305,0.0,0.0,0.0,0.0,0.0,0.0014853631073055745,0.0,0.0,0.004066085556053863,0.0009317962097830525,0.010260751655794927,0.009522776905487659,0.0,0.002983092662145759,0.0,0.00734330179055789,0.005238001497479977,0.014636760783221828,0.0,0.01669548074038709,0.01219047217162947,0.0,0.0033417021221829706,0.9920993801425115,0.013152452809435394,0,normal,Normal
0.012369985374527602,0.010716914482211258,0.0,0.006773114793837529,0.006511700750238094,0.0,0.0,0.006509739177499554,0.0,0.0,0.0082918485718793,0.0,0.001115718956223559,0.012632286753672487,0.013990144369600966,0.0,0.001732610233759167,0.007943120773960463,0.0,0.254264264019601,0.03143011175660348,1.0,1.0,0.005505079423155657,0.01381829423058306,0.12485397715983382,0.061169927756629924,0.0,1.0,0.07235143101094904,0.05659633323943837,0.06949780120513677,0.0,0.0,1.0,0.998512042352168,0.0014636303863172298,0.0,neptune,0.0,1.0,0.0,0.012013296245768232,0.0,0.0003643925552398308,0.004033560062021642,0.011165035524436219,0.0,0.006211637731420407,0.0036557375512900033,0.02072800479778225,0.0,0.0,0.001571660759590495,0.007328793623802899,0.015418163844555466,0.00018347174249201158,0.0,0.0,0.0017692923654399914,0.0,0.0038977098989969538,0.0063770540736534445,0.0028511984416603495,0.004611599724915327,0.0,0.0012318579669894703,0.0,0.0,0.0,0.002107143931709157,0.0,0.0,0.013392742355253909,0.004782464452220126,0.0,0.0,0.0,0.01584616829005733,0.0005606675169626207,0.008419993809634287,0.0,0.0,0.0,0.0,0.0011054165953378995,0.0,0.0046692947280977375,0.011702462517635705,0.0,0.0,1.0,0.0,0.00408968972156906,0.0,0.0,0.0,0.006347340561712334,0.0,0.0,0.0,0.005886360969254066,0.0,0.0026998803090958787,0.0005646567963059761,0.0,0.0,0.0,0.012769843117902125,0.0024175883679468193,0.0,0.001471923247512684,0.0,0.0010241277307393602,0.0,0.006764913289151351,0.0,1.0,0.0026275133644797833,0.0,0.015479731895997365,0.009982592051632808,0.0007757854586283628,1,neptune,DoS
0.00719713595711459,0.0018954218866620784,0.0,0.0,0.00031883706818721644,0.001261075973911698,0.0015690886038850678,0.0030394162415778463,0.0019616488618341304,0.0,0.0,0.0,0.0,0.0,0.0024708857841893297,0.0012113283453514584,0.0,0.0,0.0,0.11178228990329013,0.10183985973055559,0.9863677554674088,0.9952450885340922,0.0037992788785501845,0.0,1.0,0.0,0.00818203150996983,0.9939404898098622,1.0,1.0,0.012389367201388975,0.004050416228911956,0.013548144059069483,0.7889746325239141,0.7915671526501618,0.19334947940647687,0.17348109460037825,apache2,0.0,1.0,0.0,0.0,0.0,0.0023931606688124196,0.0,0.004731683640347952,0.007486042883116569,0.008209559453207109,0.002617112860104009,0.00960385752362866,0.007246704988973419,0.007624389404063006,0.006214117916603102,0.0,0.0,0.0,0.008676896735095562,0.003399847224037442,0.0,0.011272227262790351,0.0017739968789808533,0.0,0.010619600071983145,0.0,0.0019766811172909834,1.0,0.0,0.0023914967007751813,0.009622177339787522,0.0,0.0,0.005551942278839408,0.02015527096472379,0.0,0.0,0.021181086857927675,0.01328369283557965,0.015599735610293762,0.0,0.004883748838395107,0.0,0.0,0.0023711317868414907,0.0,0.0,0.0,0.0,0.0,0.0015127966055767667,0.01919124421882704,0.0004288082661754083,0.0,0.0,0.003269367836637034,0.001836682138164036,0.00446934813188457,0.007684785397277828,0.0,0.0,0.01655766021708064,0.0013610240593686647,0.004037948714799839,0.0,0.01533374084797313,0.0,0.0,0.007354467471932007,0.006484569894548632,0.0,0.00506463079315702,0.0,0.0,0.0,0.017896795049102434,0.002342451468038747,0.006854442965201351,1.0,0.0,0.023327456568652344,0.0,0.0,0.0,1,apache2,DoS
0.0031784186318489535,0.0,0.005346135357809293,0.010280400316926926,0.0,0.0,0.00224426685765929,0.00481285755135385,0.01297416022143777,0.00497528922828575,0.004705056928335301,0.006212117196171461,0.0,0.0028906641389707865,0.0,0.00913021169125501,0.007624777650666551,0.0008662372302073291,0.00606620712507869,0.0,0.007773089822463001,0.006869922510726286,0.034139278801440125,0.9968988535900172,1.0,0.9857043115001595,0.0,1.0,0.9979042162675398,0.06842153017385283,0.07077288700351289,0.032651318869899554,0.011227224671815741,0.0,0.0037388566023951776,0.01396882975135178,0.43783277931933473,0.9869667271058317,mscan,0.011817172336814325,1.0,0.006722673347951351,0.0,0.012345641011876962,0.0,0.008470597443835107,0.006294316959080843,0.01433865345982297,0.0,0.0,0.0,0.00601450381005314,0.0,0.006360268205178923,0.0,0.008574764296957199,0.0,0.0,0.0,0.0,0.0,0.0,0.0,0.0,0.0,0.0,0.0,0.0,0.0,0.013364943862155854,0.007494344487440863,0.027556475010673067,0.004816468309279973,0.00010041634415957204,0.0,0.0,0.0,0.009906741345919212,0.00022803020401143814,0.0,0.0,0.011211463880077321,0.010511198827588475,0.002988045935536104,0.012714849955496764,0.008767500731515188,0.0,0.0,0.0,0.011121531280703464,0.0013893613009120817,0.0,0.0,0.0,0.0,0.008044720128615854,0.0,0.003970199129625155,0.0009097161837759439,1.0,0.015472140884490164,0.0,0.011148544965651333,0.0,0.0010594319050481575,0.006428344362197032,0.016708085567937226,0.0,0.0,0.0,0.0,0.0,0.0,1.0,0.0,0.0,0.0,0.0,0.012829677403722926,0.004010528873090975,0.0,0.0,0.000975611938098721,1,mscan,Probe
0.014099362355325105,0.0,0.0,0.003040831269773027,0.0,0.0,0.0,0.0,1.0,0.0,0.0,0.0,0.01627338205959796,0.0,0.003755668663332345,3.821274624022651e-05,0.011594365473819335,0.0,0.0,0.007416645339312768,0.0,0.00048228603826700785,0.0,1.0,1.0,0.315976539659463,1.0,1.0,0.9783291779567564,0.17636456297143815,0.18773424476877812,0.0247815547858712,0.0,0.0,0.0006113255132126147,0.0,0.6844940893290573,0.8948531265363835,mscan,0.0063480450689804985,1.0,0.009439869059985609,0.0,0.027753706033066605,0.008766567610389015,0.0,0.0012764771395384659,0.0031049595638889104,0.0,0.0,0.018911559556811397,0.0001019769913216533,0.0,0.010085395950390305,0.0,0.0,0.0,0.0,0.0,0.0,0.0,0.01601471582660347,0.0008178969648610713,0.0034421686491088632,0.00785653719890848,0.0,0.011810471950173268,0.004936385379378442,0.002077921271345552,0.0,0.008210743418780512,0.00019837445665454469,0.005556161821400184,0.0,0.008125339973620874,0.00042636557711430486,0.01470502009417599,0.003083409424463359,0.004341371406645752,0.0,0.0,0.0,0.0,0.0,0.0015696910463845848,0.003970204005209216,0.0010740705475276477,0.01342266711201926,0.0,0.999183117397687,0.0,0.004525622160642057,0.0,0.0,0.017426456324852107,0.0,0.003549278243334651,0.0,0.0,0.0,0.02000881090044873,0.008689870200182128,0.0025375938144223233,0.0,0.0,0.0,0.0014035833394498351,0.006416604103128134,0.0,0.006547291509950235,0.0,0.0,0.015004607195505873,0.0,1.0,0.0,0.0,0.00611587984800893,0.006804105917418237,0.0,0.0,0.005231675799792338,0.0,1,mscan,Probe
0.0,0.01768768137020533,0.007665016621787071,0.003943485933604916,0.002683936954374422,0.0012197910676338564,0.0,0.0,0.9979522657090173,0.0015274156094779218,0.0,0.013168069080270208,0.0,0.0,0.0,0.006225051019925372,0.006913386701611869,0.0,0.0,0.010310545605475023,0.02653993947822689,0.0007052494097396222,0.01270893832959422,0.020128241241504728,0.0,0.997610307726596,0.0,0.0,0.1018479369893941,1.0,0.9982941646801338,0.0066875860345051346,0.039891602556818256,0.03951933021536975,0.0033410549212169356,0.0,0.0,0.0,normal,0.00418128363800445,1.0,0.005582683544613436,0.0,0.007660095679878082,0.0,0.023135361248205907,0.0,0.0,0.0,0.005997609104576581,0.018070381771949168,0.014132746002328056,0.0,0.006864971927696239,0.0065727518034348125,0.0,0.010111682385593039,0.004732523893697538,0.0,0.007669754749870321,0.01808956966777975,0.005501334189991648,0.0,0.0028155895277163375,0.0017864678843692475,0.0,0.9850856539303057,0.0,0.0,0.0054298375817026295,0.006542999702969398,0.009878427115255436,0.0004507447335678827,0.008835702004392525,0.0,0.011025375572133489,0.004543140819419813,0.00559223052075421,0.004983612744280454,0.017771341965578315,0.0,0.0,0.007793932822694889,0.0,0.0,0.0035713051928028673,0.0,0.0,0.0,0.0,0.0,0.001788738026508154,0.014959358121209687,0.0,0.0023443486287483342,0.005661584986025587,0.010835325353289012,0.007471236457080061,0.0,0.0,0.0,0.0,0.0,0.0,0.0,0.0009207030109203343,0.0,0.0,0.0,0.0022306417938942258,0.013882787488318046,0.01454544951294568,0.023488014210200792,0.01920844016110811,0.02399778610198704,0.011109035605861819,0.015650821909102993,0.02581193258712723,0.0,0.0026352067807393236,0.0,0.9982410750828273,0.005648464642684325,0,normal,Normal
0.004328520683002697,0.0025297942881428114,0.01250740828850565,0.0,0.0,0.002959955370225601,1.244047232884788e-06,0.0,1.0,0.00028665168115031987,0.0,0.01054897744490382,0.0,0.0,0.0,0.00238578422140252,0.0,0.001708267283894245,0.0001831014960174653,0.04695944411695577,0.03943019859486367,0.0,0.001432508100183527,0.0036916996574202117,0.0,0.9963508261585537,7.97680620021856e-06,0.0921143864412385,0.9863014900361452,0.9862346671791202,1.0,0.0015954344363315835,0.008670442179721271,0.0,0.0,0.00017665346787209554,0.0,0.004215185115470304,normal,0.008809828517717984,0.9932627134322326,0.012360459896067807,0.000157712645472444,0.008436794799739031,0.006504734861495549,0.011900581278090632,0.0,0.0,0.011941557527826276,0.004172089605617271,0.0,0.0,0.0,0.012312585590481151,0.009373222290725139,0.0,0.0,0.005705444808991999,0.01619596783999294,0.0,0.0,0.005896994593279953,0.007311171120669236,0.0012287835009230663,0.0018890640636603268,0.0048749610399590835,0.9957478449379836,0.010953058664757917,0.0,0.005196015588059098,0.014519711307970511,0.005297981687056434,0.0,0.0,0.0,0.0,0.0,0.0,0.0,0.0014953171946531884,0.0,0.014454707428225135,0.0,0.0,0.0,0.0,0.005637046550873405,0.0,0.0,0.0005789853349041922,0.0037082845580508556,0.0010184753784147971,0.0,0.0,0.0,0.0,0.0,0.0,0.0,0.0,0.0,0.0024636064860384973,0.006530520574154291,0.0,0.0,0.0,0.014323009766613323,0.0,0.010845666904801052,0.0,0.014187725339116006,0.0,0.0,0.019764466645909785,0.01475884327568042,0.0,0.01151698113675029,0.0,0.00622772302976533,0.0,0.0,0.9930227069773355,0.0,0,normal,Normal
0.006569824170151231,0.002833853201779985,0.0,0.0,0.0,5.715779437843853e-05,0.012454717954073258,0.0,0.0,0.007657633705324576,0.0026961478658828427,0.0,0.000334834823599379,0.021282912897207486,0.01138286273731062,0.009842540118709135,0.0,0.0,0.0,0.4577687333941934,0.005829446619119667,0.014719826109578516,0.0,1.0,0.9905958703945338,0.0,0.09328514139644002,0.004098004093861762,1.0,0.0,0.0,0.09828523319781236,0.011481414861941932,0.0,0.01965739527207968,0.0,0.9811236565595248,1.0,neptune,0.010117973228761502,1.0,0.010308032769772615,0.0018316205868277827,0.0,0.0063710218687760105,0.0,0.0,0.0067192118593666205,0.0,0.0,0.00015765802625597664,0.003453787713910141,0.0,0.0,0.0030791864838576365,0.0,0.0,0.003947779585446001,0.0013707019931295682,0.006391159981100538,0.0020101738737748924,0.0037958827445862876,0.0,0.00704308819776755,0.0,0.0,0.0076019263652011325,0.011645927064223214,0.0,0.002875536045700542,0.0002606980229528775,0.008723443332776361,0.0,0.0,0.013517146390545033,0.0,0.0223788879880515,0.0,0.008601369417174138,0.0,0.018358407252023323,0.0,0.0,0.006281828416338533,0.0,0.007992582368183019,0.0,0.007260584516929879,0.0,0.0005188335048631685,0.0,0.00569346709140317,0.0,0.0,0.0028440614657052683,0.0,0.0,0.0,0.0,0.002995806376931955,0.0021319625622385754,0.007532655540161382,0.0,0.0,0.0,0.0,0.0027192714751673674,0.0162666743388129,0.0,0.9943105228092464,0.0031322659492580484,0.0027896408816278718,0.0,1.0,0.009500950163303844,0.004176107204107863,0.0034369774606439743,0.00930391179510632,0.013375712542791485,0.0,0.005568288853801596,0.0012410377911093434,0.0,1,neptune,DoS
0.0,0.023510615322230782,0.0,0.0,0.0,0.013898865781050216,0.0,0.0044994489382645456,0.0,0.0,0.0060182707471061435,0.0,0.0,0.0,0.011891651262138456,0.004995032250752558,0.011597728857007673,0.011125884861718501,0.004976247332737146,0.3591808016019215,0.0262506109187979,0.9827800932298474,0.9956892942900537,0.008626936314031617,0.0,0.06673935945425356,0.09276562928055698,0.016707341120269812,1.0,0.04967550561258193,0.047834270931658596,0.1017489036418993,0.004466519763061658,0.0,0.9883342683678734,0.9879885250708895,0.004698781977788453,0.0024276595300979278,neptune,0.0,1.0,0.0,0.0,0.0,0.0,0.0,0.001162552555379141,0.0,0.0010048245012240064,0.0,0.005748696739107637,0.007872609599816047,0.006861395249943937,0.0,0.007512003633733728,0.001605581241824419,0.014243121430977664,0.0,0.0,0.008407056022166421,0.0022508626186202784,0.0,0.012993577972404753,0.0,0.01506118286393692,0.013146508269168971,4.415743158399312e-05,0.005567416595291075,0.004031432407873225,0.0,0.0,0.006982011451364064,0.0,0.0,0.0,0.009937932542342296,0.0044873306012458355,0.012781112654063141,0.0,0.012268097854258881,0.0,0.008965467765393881,0.0,0.0,0.0,0.012145924245084525,0.02053743381504348,0.0,0.0,0.0,0.0068530148772304065,1.0,0.0,0.015297226119449706,0.014671496341927355,0.013381140816482423,0.0056105902293943,0.0,0.0,0.010512096100002968,0.0,0.0,0.0,0.0,0.0,0.0,0.0,0.0,0.005124572273751105,0.004442575838862932,0.0,0.0,0.0,0.0,0.0,0.011913832078176598,0.0028247189947923452,0.993124991190997,0.0023370744470855432,0.0,0.010569764614034373,0.0,0.0,1,neptune,DoS
0.013230899590953912,0.0,0.0018519099024050807,0.0024596728103602155,0.011304967998054185,0.0,0.0014489538527617568,0.0,0.9954865785833004,0.004193353224884756,0.0,0.010302017840279896,0.005178006233177528,0.0,0.0014141377930305585,0.0046773896170584075,0.005534245734668641,0.017580849235598283,0.0,0.0004268659339244556,0.028395890085043306,0.004130570583156068,0.009397429708707087,0.0,0.0016225331551966515,1.0,0.007281727862022769,0.19354124587058047,0.020353564435118474,0.9905959839661197,1.0,0.0019092230473891816,0.26310969023029823,0.01757684904358531,0.0,0.0,0.0017440298025749885,0.0,normal,0.0,1.0,0.010952740219465587,0.009935073946948326,0.0,0.0,0.018605686970583405,0.0,0.004295397552752973,0.006925215924354312,0.0034518288200523477,0.0,0.005186944841127513,0.005332770837065149,0.0005540824177377701,0.02480398730727444,0.0,0.0027679028236756898,0.0,0.01339821734532966,0.010780436748840789,0.017907648189636784,0.0,0.0,0.004912801947014028,0.0,0.017961140956610874,1.0,0.0,0.011264502620616082,0.00033207106909020277,0.003855775830150586,0.0,0.01552468970439744,0.010104792696458087,0.005586444443370718,0.015568315296593105,0.0,0.01880200438129273,0.0,0.011468789116878406,0.0,0.004446698626370653,0.0,0.0,0.0,0.0,0.002417333036889467,0.0,0.011335170607670362,0.0,0.0,0.0,0.012667571244985335,0.0,0.011718639110853007,0.0,0.003299196694890474,0.0002602281002112215,0.0,0.0008579189324750556,0.0,0.01829063141225254,0.007694786989372895,0.0,0.0,0.0,0.0,0.0,0.007833548423837442,0.0008577769714242919,0.0077656425169917035,0.0,0.014044484046345247,4.032591223817451e-05,0.007628290889730335,0.0,0.0005428846050076618,0.0065618786387036535,0.010007793274890278,0.0,0.011792802061623869,1.0,0.004305442496880093,0,normal,Normal
0.004104203986179425,0.008906802389493396,0.014303909087890716,0.0,0.33022136937044944,0.0,0.010646675608536198,0.0,0.0,0.0008272369613014354,0.0,0.0,0.0,0.008416788846628404,0.0,0.00810064287012357,0.013524754627546542,0.00860757220456761,0.0,0.018769936127568977,0.0,0.0,0.0,0.0,0.00996882594489931,1.0,0.0033671221184304297,0.6898290434034076,0.0,1.0,1.0,0.007527815050881517,1.0,0.036344633008083216,0.015358118913019777,0.016830743830655494,0.0,0.002698830168568034,pod,1.0,0.010975237314874159,0.0,0.0,0.0005030265958861106,2.860344536784503e-05,0.0,0.004356181495499999,0.011980865540344297,0.0,0.0,0.0,0.006315769818141354,0.0,0.0015053204815317423,0.0,0.0,0.0,1.0,0.0,0.02521563671358284,0.0,0.0,0.0,0.003767791375265954,0.003912059711602926,0.0,0.0,0.00943199335624787,0.0027387006574955985,0.001168419227275182,0.0035315642373793593,0.005055820076974701,0.0,0.0,0.0,0.00279638284725446,0.0,0.021366254783724812,0.0,0.0,0.0,0.010806297851975961,0.022460207817579004,0.0,0.0,0.007926230828646215,0.0,0.007335619874718834,0.004957641889082946,0.005613921684483734,0.0,0.0,0.0,0.005663072182455598,0.0,0.015084711144685844,0.0,0.0,0.0,0.0,0.002026477231522758,0.008137753944648171,0.0,0.0,0.0,0.017594869197176313,2.7501368821303217e-05,0.006613123971752922,0.00772240682567453,0.013438863766233352,0.0,0.00028408842121322787,0.007864994043399267,0.0,0.0,0.0,0.006668308198453425,0.01561408013496356,0.004590345369375398,0.0,0.02247378351899831,0.9782077976284393,0.0,1,pod,DoS
0.0019132525747709858,0.0,0.015708005763429896,0.0042415965628977235,0.0051841490307854635,0.0,0.023199398899423726,0.0,0.9945875212678774,0.0036050828464906336,0.003150540918340545,0.0012335075295330116,0.010531769051882163,0.0,0.0,0.0,0.009339979298586048,0.0,1.0,0.008213874013412524,0.00839978807975816,0.009090863898193887,0.0,0.0,0.021237521630600695,1.0,0.021577106944266417,0.0,0.9887225192630688,0.40368924972113834,0.4121566146614288,0.02848845448028684,0.0,0.0,0.0,0.0,0.025671957769870763,0.005923178022106329,warezmaster,0.0,1.0,0.004577473467019018,0.0,0.0,0.0,0.023382474812551117,0.013207590478727698,0.0,0.0,0.0,0.0,0.008883052946655968,0.0,0.0,0.0065217548489979365,0.005006196551980115,0.0,0.0008003384569432408,0.0,0.0017432994097231636,0.013913315950944248,1.0,0.0,0.0,0.0016550167634977126,0.00590378644865641,0.007406818883047027,0.0,0.009604942868482519,0.005326265697577797,0.0,0.0,0.006935419332283658,0.0,0.006719249140872492,0.0,0.0002179343440118189,0.007445339312518265,0.0,0.00661202618268287,0.0,0.0,0.0005653529091120875,0.0,0.012190350050178244,0.0,0.004920879597772755,0.0,0.010183341752653728,0.0,0.0,0.0061078675100903305,0.003966347542463063,0.002104691612310851,0.0,0.0,0.005629010322048698,0.0,0.0,0.01089884297246974,0.008262888653501542,0.007108763507579615,0.013027260874065916,0.0,0.018314989186076224,0.009443774396722516,0.0,0.0,0.019044822995233288,0.0,0.007617130908480545,0.013082999664171377,0.0,0.003845213688260383,0.0,0.0020224623977001736,0.013174524605822444,0.015835805969834277,0.0,0.003116600164310982,0.0,0.980261257730655,0.0,1,warezmaster,R2L
0.0008386140057017504,0.0,0.005236351386892673,0.0,0.0,0.0,0.012540408413690087,0.0,0.009730725216298803,0.0,0.0,0.0,0.0,0.016809806105979624,0.0,0.008283677797294959,0.004316098607820138,0.004489407217481587,0.0,0.3239722691906034,0.007173097382683296,1.0,0.9915457214760253,0.011806954889616444,0.00896131804281754,0.039013362781770415,0.09610755446050237,0.0,0.9889153534856494,0.0477088119166832,0.05990091008835408,0.10593571178374636,0.0074768073356440866,0.003921376501188409,0.9954397707784141,0.9879368652468739,0.0015675881878429792,0.006579466831600691,neptune,0.0061253710429704095,1.0,0.0040444463395866844,0.0,0.0008131853223579286,0.007889291838365165,0.0020922851863435913,0.012496213235531864,0.0011715929158667027,0.0,0.0,0.007307576635429931,0.0,0.0,0.0,0.0031372401888279866,0.0,0.0,0.0,0.01617540674311327,0.0033740320572711565,0.0,0.0,0.0,0.006264496990518584,0.0,0.0,0.003534509806565742,0.0,0.0,0.008281140367164836,0.0,0.008007441505009335,0.0,0.01047320241297296,0.0,0.0,0.0,0.0,0.0005853964612510558,0.0,0.0,0.0017520149900446538,0.0,0.0,0.000326111281830182,1.1552653896767318e-06,0.0,0.004083928462161523,0.005623074494626035,0.013844371345540257,0.01613788474245441,1.0,0.00021218174134706458,0.0,0.0,0.0,0.0,0.0,0.002570965872986675,0.0,0.0,0.014548210999237565,0.0026527717423350887,0.0007121457100407307,0.0,0.0,0.002230626996710431,0.00893994877973819,0.0,0.0,0.0024716208810930396,0.0,0.005551374535455946,0.016096343367831653,0.011260332574770673,0.004100705135601785,0.01291708872964822,1.0,0.002472712608246955,0.004582415735082942,0.0,0.0,0.0,1,neptune,DoS
0.0,0.0,0.0,0.020305854075397742,0.0,0.0,0.008458788731336056,0.0083441444829889,0.9998860120590534,0.0,0.0,0.0,0.005616623600987551,0.008845995228573558,0.014946165186999583,0.0,0.0017706354882633312,0.003545627373132532,0.0,0.021843733616794186,0.027058221342416783,0.010836040037940853,0.002155755916943006,0.0,0.0,1.0,0.0,0.0,0.1848561527272239,0.9945288902990046,1.0,0.009547501594738246,0.015064726821863954,0.04407548356615315,0.0,0.00509884272386136,0.0,0.0,normal,0.01620929727229423,0.9898284968601527,0.0,0.0,0.0,0.011564394702551281,0.0,0.0,0.0,0.0,0.013498989789782293,0.0,0.0,0.002594594961657555,0.0,0.0,0.0,0.017619650221472632,0.0,0.0,0.0,0.0,0.0,0.0,0.0,0.0012899523371099392,0.0,0.9893758374198708,0.005948858249542805,0.0,0.0,0.015345062425172628,0.01807920662184962,0.0,0.0,0.0,0.0,0.0187423743650349,0.0,0.011652925469747449,0.023395668788700866,0.0,0.01751127030610798,0.0,0.0,0.01983696217904605,0.0,0.004063950393026101,0.0,0.003066021775298405,0.0,0.009256989505267056,0.016540378563127307,0.0,0.0037545832621388563,0.0,0.0003172081445621489,0.009244957921720457,0.004707070498039986,0.006504906145682533,0.0,0.0,0.010279253808212577,0.0,0.0,0.000668458923508226,0.006395109530903304,0.0,0.007449181502539699,0.0,0.014621817264499098,0.000795983600781098,0.006434936371379081,0.004946637792699075,0.0,0.0,0.0,0.0,0.0,0.0,0.01206678277194046,0.0,1.0,0.0,0,normal,Normal
0.010309195683855542,0.01537597765352212,0.0,0.015446733081820466,0.0,0.009943790762165857,0.013713378823543083,0.0,0.9876517832214903,0.0,0.007976535690315733,0.0,0.0030329822108416146,0.0,0.005020958433074444,0.0,0.002439137171892433,0.00048065611121227543,0.0,0.0,0.014417670569945182,0.011445161481833298,0.0,0.0,0.0031512614056933013,0.9846646144398206,0.0,0.0,0.985393154989848,0.6253059160499213,0.6216546746410507,0.12059417950715182,0.0,0.0077046943177019635,0.0,0.008442699746779804,0.3674472264650138,0.00971463095574875,mailbomb,0.014520245762192838,1.0,0.0,0.018752193468463824,0.0,0.007367679509679686,0.012178528811573549,0.0045957143400057405,0.0022944633030389894,0.017566771685292585,0.0,0.0,0.0,0.0,0.0,0.0,0.0,0.0,0.0,0.0,0.013330936352494072,0.0,0.009094227384851807,0.012438762155094405,0.0,0.0,0.019406278343328778,0.0,0.0232539591856274,0.0230738388812774,0.002924244220634227,0.023644856498442748,0.0029183905976940434,0.0,0.0,0.004926053348739219,0.0005309264952845885,0.008484540645590056,0.0,0.0,0.017296334956271055,0.0,0.00905519189110343,0.0,0.01281471964190168,0.0025462305211601485,0.009133722835711811,0.0030386663781984996,0.0,0.0,0.0,0.0,0.0,0.011273346557201998,0.014082091801019589,0.02006320480749623,0.00491101790130168,1.0,0.0008678196611120244,0.0,0.0,0.0011907001815390883,0.011728500430629347,0.004014315107065804,0.007148640290848944,0.0,0.0,0.0,0.0,0.0006916670959885544,0.0,0.0,0.011494919999773012,0.0,0.00553353531041428,0.012769621824291382,0.017731022553305123,0.0,0.0,0.0,0.0,0.013129968857266751,0.9947238287829123,0.007494627027500548,1,mailbomb,DoS
0.018509845831010428,0.006062101378884876,0.006795248956673646,0.005142132701825725,0.0,0.0,0.006273593763606302,0.011021042888123339,0.994241162990649,0.0048465113672564696,0.0,0.011564604676345038,0.0,0.015344616471124038,0.0,0.0,0.021086340859873792,0.0,0.0,0.0,0.017297234630633485,0.015639377861147184,0.0007167679786241563,0.0,0.008359984176897723,0.9957800886114745,0.0,0.006162302337044167,0.02347919008113846,0.9948560405269855,0.9937825000792803,0.0,0.21827488467171077,0.036583009277156416,0.0010677024766399777,0.004899025422076526,0.014824174575012661,0.009422858662770721,normal,0.008593687542128902,1.0,0.011875026483108356,0.0012474983548533163,0.014261958084184843,0.0,0.0,0.0,0.0,0.010249245589951701,0.016277741562597852,0.013110080850008605,0.012257173406168836,0.0034834249959174684,0.013086658710038833,0.012994555879979795,0.0,0.0,0.0,0.012549939283559684,0.0029864014833843088,0.006374229617898164,0.0,0.004167409330972853,0.0,0.0,0.0,0.9785131499002974,0.011557373840350394,0.0,0.0,0.0,0.0,0.0,0.0,0.014986043487849949,0.0,0.0,0.0,0.005128440643593588,0.0,0.0,0.0,0.016945712406371664,0.0,0.0,0.0005832023283693749,0.004213935728629555,0.0,0.0029800708785132,0.0,0.00908711250289724,0.008602400522610344,0.0,0.0,0.002051871517214985,0.0074231775091685315,0.0,0.0015991498497272948,0.0024490917717424404,0.004769571239009876,0.008512143126252416,0.008667579908888409,0.0,0.0008363038234687886,0.0,0.0,0.006413051465539057,0.0,0.0,0.009795190340394644,0.011048249261540848,0.0,0.0,0.0,0.008255028186994475,0.008637450190567745,0.021405552117341537,0.0,0.0,0.009398826927342918,0.0014594973220108276,0.9963147812659789,0.003913013717785531,0,normal,Normal
0.006396028794582035,0.0,0.0,0.007478701449978922,0.0035934571186293897,0.012163532890661606,0.005493637333795994,0.023214683297832935,0.0,0.00865308195688335,0.0,0.0,0.0,0.0,0.0,0.0,0.011521003353067718,0.00307423206947464,0.0,0.005315063079163537,0.0020224825559953083,0.0,0.0069436599398923615,0.007026716366829271,0.0,1.0,0.01667477784709617,0.00033952780769941837,0.999275654087408,0.4983965062045005,0.4812448139448431,0.007797603252635387,0.0,0.0,0.0,0.019020983065043396,0.6537227888076929,0.32266949085120894,mscan,0.0,1.0,0.006203494516617995,0.0,0.0,0.0,0.010663521177555684,0.004048057979511609,0.0,0.00430523840469946,0.0035407825527912734,0.0017324421405040496,0.006879510246902202,0.003106237337660009,0.013599494277673568,0.023054563994743506,0.0,0.015527289042732277,0.0,0.0,0.0,0.0,0.0016799712200744968,0.0,0.0,0.009164513992805243,0.013225871540458458,0.0,0.0,0.0,0.003794856499261984,0.0,0.008664206968129534,0.022147703710918513,0.02097843013895635,0.009027713004606079,0.005223590463499921,0.0,0.0,0.0,0.008402224101186174,0.01059096513084653,0.023915638757812094,0.0,0.0,0.009080266389024585,0.003157983447760013,0.0,0.0,0.005283331897067516,0.01934116505011013,0.0,0.0023713804697979178,0.0,0.000746783084455931,0.009928592538911294,0.0,0.006096931852134538,0.0,0.0,0.0,0.002372535553332349,0.003161827347570783,1.0,0.0,0.0,0.0,0.0,0.0,0.0,0.0060916619558719414,0.0,0.007331244856850831,0.0,0.006227600274668189,0.0,0.0,0.0,0.006643138050493269,0.02281310905899155,0.0036828425545899733,0.009270084634061874,1.0,0.0,1,mscan,Probe
0.0055010012071998815,0.0015205346679071914,0.004542278800661853,0.0,0.0028995112839757128,0.0,0.008194374793842637,0.0,0.004876328464181518,0.0,0.019620164808375903,0.007510221507922041,0.0,0.0,0.0,0.0,0.00529614579838838,0.0,0.0,0.9243901277020423,0.009030674016759908,0.0497101112478173,1.0,0.9369913636927522,0.00902891492136481,0.007312158328142039,1.0,0.005491268734967862,1.0,0.004995591416503626,0.0,1.0,0.0011951350203607202,0.0,0.05054988403004977,1.0,0.9645743792871555,0.0013086540937415126,satan,0.00804987275645493,0.988428720659787,0.0,0.0,0.0,0.0,0.017291746457413548,0.0016114932327612303,0.000775513956520195,0.0,0.0027573841122616235,0.0,0.0008385969104972301,0.0,0.0,0.00047932409562910174,0.003546092987205321,0.0,0.0,0.006338299734952621,0.01978481832876059,0.003219174772921061,0.008371445172383316,0.01418625484370259,0.010500369927646452,0.009052127930780692,0.0017803841200043158,0.01413067032953916,0.0075978856793223375,0.0,0.0,0.0,0.0,0.0,0.0,0.006843952553416628,0.0,0.009801882504372928,0.0,0.005389679763253492,7.39713475054932e-05,0.0,0.0,0.0,0.01439931334083508,0.017038333962809876,0.0,0.9932119050650074,0.0,0.0,0.0,0.0,0.0,0.0,0.0,0.0043595401269858605,0.0,0.0,0.00717454440628748,0.010533226597422306,0.0,0.0,0.0,5.313915888770162e-05,0.0,0.0,0.0,0.0,0.0,0.007252467424833328,0.003797709775707752,0.0,0.004041294964819321,0.0,0.0063802938351107345,0.0,0.0,0.0,0.9888472513172987,0.009188316036103587,0.03464829039202471,0.021341823527426636,0.006228946821948328,0.0,1,satan,Probe
0.0029180271487624487,0.0,0.0,0.0,0.0,0.002452525591997166,0.03508037817650263,0.0,0.9998761405722382,0.015430692761886695,0.0,0.0,0.0004580672054610644,0.00812129871163809,0.0011357875335760324,0.0,0.01068929661712217,0.0019088035874778293,0.0,0.0,0.02281960368856098,0.012281463384383141,0.007111446960395389,0.0,0.0,1.0,0.0,1.0,0.0,0.9982138488240473,0.9889964047176047,0.0,1.0,0.036805062071428585,0.010564455512142237,0.0038074237050136506,0.004383524596608345,0.0,normal,0.0,0.9953809223754514,0.015945561673706463,0.0,0.018587368920950018,0.0009249493818338694,0.0,0.00040383793619404903,0.007053166811134178,0.006246705016471867,0.0,0.0013801395843074204,0.0016786712129649908,0.0,0.0,0.022522256297138627,0.0,0.0028182106613644366,0.01295718398095507,0.02162117046684409,0.000900721516793568,0.0,0.017782865421037106,0.01273139763355786,0.0,0.0,0.0,1.0,0.0,0.002606471710325086,0.01302748199755955,0.0,0.010286345911670505,0.0,0.0,0.0,0.0,0.0,0.0056493120166896124,0.0,0.0,0.021226751812610047,0.0,0.009926379906969292,0.0,0.012532077235430122,0.01081661534047077,0.012717949069992471,0.0075035769348257945,0.014789322063770798,0.0,0.002610376528638807,0.008025124539295683,0.0018420439532778952,0.0,0.005935320215207809,0.00545183278475173,0.006816000697859321,0.0,0.0,0.00789554181936113,0.003331343457306564,0.0,0.0,0.0,0.0,0.0,0.0,0.0,0.0,0.0090674151026478,0.0,0.016464880802265578,0.0,0.017527604332490055,0.0,0.0,0.003458452159264846,0.0,0.0,0.0,0.010794810138918538,0.9850231555682809,0.02347826083269011,0,normal,Normal
0.0,0.004742002280709893,0.0,0.0,0.010583630693112947,0.0,0.0,0.009577213413150433,0.9951633743412448,0.0,0.02437294975587093,0.010005804701318248,0.006386521493176789,0.0,0.0012353422832123355,0.004587878055682957,0.0,0.0024785262970060218,0.0,0.0,0.012533185338884527,0.0,0.014477313099109115,0.0,0.01078996197097906,1.0,0.0,0.24787578071038344,0.02720815026047555,0.9941808638695088,0.9917938252337494,0.0017628144452074995,0.15063869605055846,0.06024003565533484,0.0,0.013097456978348007,0.01235096057400142,0.0,normal,0.005078049256932854,1.0,0.0,0.003490904714489307,0.019479072279657478,0.01249844885617864,0.0,0.0,0.00752555525339488,0.0016462560852984814,0.0,0.006845362206391291,0.0014921242438156036,0.0,0.005705650311282721,0.0,0.0053344709891364325,0.004812927794666443,0.006824850222583787,0.0055146464325561365,0.00959269100836375,0.009308082776099565,0.0,0.0,0.0012510057743898772,0.0,0.019306367725552224,0.99633461845512,0.010542048345346179,0.0,0.0,0.013324899272742101,0.0,0.005579606580121371,0.0,0.009892172702113023,0.0,0.011516560043633233,0.0035215243551826366,0.010436900675187719,0.007333244183118073,0.0,0.0,0.001109167794937727,0.0,0.010419534515152677,0.0029563412332087404,0.00032618397531346087,0.0,0.0,0.0,0.0,0.0,0.0,0.0,0.01572665023225377,0.006388644177627953,0.013616930826378344,0.018796579469966393,0.003922410550718438,0.0007696803160727301,0.0,0.013549255349816476,0.0,0.0,0.0034273031640329205,0.0,0.0,0.0,0.008836805646264654,0.0,0.003447135655587847,0.010843630740739017,0.0,0.0,0.0,0.0,0.000545826854349312,0.0,0.010451106003524318,0.027878022184973622,0.0,1.0,0.00013973933911901114,0,normal,Normal
0.0,0.014494557550380888,0.0,0.0,0.0,0.0,0.0,0.012678454582921774,0.9921189909197637,0.008524720433972151,0.0,0.001030689146631155,0.003959404958613887,0.0,0.03601847819480161,0.0,0.00122589941393905,0.010708533509658611,0.0,0.022893832832787134,0.0,0.008789856427152026,0.0,0.007649866192873534,0.005345345402103456,1.0,0.0040351531840840775,0.0,0.15743831929033242,1.0,1.0,0.0,0.02042976132000225,0.04585583267106083,0.004588471794462846,0.0,0.00665121915423302,0.00319656786507054,normal,0.011076746348740943,0.9987819561033789,0.0014984874672584996,0.0,0.01773335157481201,0.004191961736509023,0.01674696082918253,0.0,0.0,0.0,0.0062680734954062905,0.007444157618682999,0.0,0.010981555859773364,0.0,0.0,0.0027544799875170744,0.017925119849614028,0.011126202717425189,0.0,0.005139691209188041,0.0060675009275238225,0.0018163692848939946,0.0,0.002579654535729788,0.0032789621325057332,0.0,1.0,0.01100583024773964,0.0,0.0,0.0072044361071704225,0.0,0.001714916272979565,0.006790928107247889,0.005918628756958713,0.000978734543065542,0.00042293099106734117,0.0,0.0,0.009201242034239691,0.01294755360558463,0.0,0.005796568426987304,0.012006223571469514,0.0,0.016019551621954526,0.0,0.009106985953964844,0.0,0.0,0.0012474566644029071,0.0,0.007575383330646389,0.009691974146297256,0.005909116554020186,0.0,0.0,0.0038469577776555058,0.008247236704281756,0.008470995550893543,0.004455237744326564,0.005742802103164262,0.005079133527637491,0.0,0.0,0.004997369105768441,0.0,0.0003571497395801386,0.001320164796047426,0.004022870563537183,0.0005981839864396323,0.0022197307571031363,0.0,0.0,0.0,0.0,0.0,0.0,0.003876005859044618,0.0,0.003322700392649159,1.0,0.0003366109821823212,0,normal,Normal
0.010187672797845982,0.016141506229094247,0.013916162852434466,0.02120816941517485,0.00597499725919481,0.0018757578637622167,0.0034876611504233313,0.0008249743923498273,0.00865965920701705,0.012973714859578628,0.0023738034539607863,0.0,0.00935797666486738,0.0,0.0031730666566037935,0.012953210830184391,0.005960396576641686,0.006298363412638091,0.009547237260618398,0.0,0.0,0.0,0.018049188398389333,0.0,0.0006225228864744924,1.0,0.0,0.0,0.01617752188711788,0.050139576134956204,1.0,0.0,1.0,0.2884982955816033,0.0,0.0009719108755963746,0.0,0.0,warezmaster,0.015456141854714245,0.9875050431442091,0.016858337418663955,0.008369347952020914,0.016916444499097922,0.0,0.0,0.008310212198798968,0.0,0.0,0.0,0.0,0.0033134024331861085,0.0,0.0,0.0,0.004292417934538161,0.0,0.0,0.0,0.0,0.0,0.0,0.9776581047988878,0.0,0.0078232060787606,0.012898952390714234,0.0,0.0,0.0,0.012535110214412695,0.0,0.0,0.0,0.01327532122417622,0.004750633510898282,0.0,0.0022329154080852694,0.0,0.009089945745028678,0.0,0.0038857756187447934,0.0,0.0,0.001429869782361394,0.014215399167475396,0.0,0.0,0.003427317045674245,0.001987839096803906,0.0,0.0,0.005331942341866294,0.008411591742740296,0.0,0.003942349469793916,0.0,0.018837727706977062,0.022839887947105588,0.0,0.003734653288459257,0.02047790295851205,0.0,0.0,0.0,0.0,0.00543565839355502,0.0,0.0096739852710379,0.0,0.007513315918868641,0.0,0.0,0.0,0.012076722535319643,0.0,0.00757253085800306,0.0,0.01903977476970294,0.005208230844601356,0.0,0.0,1.0,0.0,1,warezmaster,R2L
0.009177163144055284,0.0,0.016036576182969327,0.0005263465957719193,0.01766029513875659,0.0,0.0023956348766439005,0.0,1.0,0.011193403216119287,0.01075852305568595,0.008705480489627744,0.0,0.0,0.0,0.003667213098216598,0.0,0.0,0.0,0.0,0.005777873878887714,0.0,0.015775165437227682,0.0,0.003634875592439674,0.9831750657447319,0.003608176275462389,0.0,1.0,0.2292699023216295,0.24789313064113533,0.1329028760818886,0.0017518931255250244,0.00276202839709717,0.0019332845668206726,0.0,0.7413921922524321,0.006647266697939646,mailbomb,0.0,1.0,0.0053464972144979415,0.0033992411125430507,0.0,0.0,0.0,0.0,0.0,0.027002912577580022,0.0,0.017216682835195868,0.007520393092965751,0.0,0.007990949314015103,0.009131753226559576,0.0,0.007495309910533364,0.009569662113561602,0.01437469251835822,0.00963842899600156,0.0007900879100566276,0.0052006571312378045,0.004504497415432184,0.0,0.0,0.0,0.0021202805642781047,0.0,0.00613097018981805,0.0,0.0,0.004832176604151818,0.0,0.0,0.001907214825275306,0.010292172561363373,0.0,0.0,0.005585014688343319,0.0,0.0014711626900764153,0.0,0.0,0.007444348099547201,0.0,0.008556971598535003,0.0,0.0,0.0,0.0008987741976812918,0.006414749206695831,0.0019175816207101868,0.012588152174644767,0.0035320564390455,0.0,0.009033655048994057,0.9900096147533182,0.0,0.0,0.0020020637162866525,0.022855457802781733,0.01851711294093871,0.0,0.0020130036326685813,0.01614253186689092,0.0,0.0004780398251748642,0.008532088939052255,0.0,0.0,0.003817974089961151,0.0,0.0013428995631937282,0.0,0.00860950076026287,0.007352164841125006,0.007804520360144863,0.0008028530680931331,0.0,0.0,0.0,0.9786895955213551,0.01422805089097538,1,mailbomb,DoS
0.0,0.02187928222124269,0.0,0.0,0.008671766444539422,0.0181635969704757,0.0010175736377791103,0.0012732240490813105,1.0,0.0,0.002185647207826767,0.005755816298626486,0.004194002113421087,0.010338527663699255,0.0,0.017123154044996713,0.0,0.0,0.004094032884612181,0.024159527562600966,0.025021537465812593,0.0,0.0009943873226873983,0.0,0.0,0.9889984324157625,0.0,0.2404630523175686,1.0,0.9872666210172757,1.0,0.007306583302839335,0.011708520997189642,0.014637360555009821,0.0,0.0,0.0,0.005627914642095408,normal,0.0,1.0,0.002326765650578476,0.001777577789033109,0.010930089898030784,0.0,0.0,0.0,0.014304153977418035,0.0,0.0,0.0,0.0,0.0009053850493202165,0.0,0.0011818621099886333,0.0,0.0006372382734149124,0.0027012537330293263,0.0,0.0,0.0,0.0,0.0030673296333455463,0.0,0.0,0.0,0.9974731300990194,0.0,0.015832142067980313,0.0,0.008434411407908217,0.0,0.0,0.0,0.0,0.007384132656177377,0.006220935766392151,0.0,0.006533308618660063,0.0,0.0,0.008893101486702448,0.007893419338336566,0.010318785536737629,0.005177329657799324,0.00038958598568888627,0.0,0.0009679937508803325,0.0,0.0,0.0012309288408636325,0.0,0.0,0.00896167541027204,0.010269793870246676,0.0018763510876760434,0.005784636585552672,0.0018106994791010729,0.007243367393094803,0.031249167957332947,0.0005673054933131418,0.0,0.015124124558944485,0.0,0.0,0.0,0.0,0.0,0.008790880431886748,0.0002928486987346586,0.0,0.009069673414753773,0.0001239636015249162,0.007168054996808453,0.006115861195340582,0.0,0.009399474907842556,0.0025949261108690136,0.000938549915946427,0.00450817680693081,0.00939483717852649,1.0,0.01664083008638307,0,normal,Normal
0.014008827665939323,0.0,0.0,0.010039061137055974,0.008689980912240176,0.0,0.0,0.0,0.9987564094708641,0.004073856570126424,0.013935573231046536,0.0003586709927575135,0.0,0.0,0.0,0.00031681363313077127,0.006443459469536556,0.0,0.0,0.07023013611072264,0.08445216408105582,0.008267761245538597,0.0054514968634667375,0.00034820196099428455,0.01322813706559501,1.0,0.0,0.038785266068645574,0.9817720353602523,0.9938977521515251,0.999840698408393,0.0,0.0069225331936474555,0.008887877824401326,0.013647411979260561,0.027033374067105934,0.0,0.016306570510979043,normal,0.0,0.9926225452752125,0.006641138335802736,0.0,0.0066036354498962314,0.0,0.0,0.009695578104052147,0.0,0.0,0.0,0.004251091554042437,0.0006253081372601135,0.0,0.0014635642722319866,0.013303032029758641,0.009769553384602015,0.007108619426670209,0.011712210294572808,0.0,0.0,0.00938574588326599,0.013868158428080354,0.0,0.0,0.0,0.0014745870502578095,0.9962335775017811,0.007210020120857441,0.01869186062334404,0.0,0.004688209840184706,0.0,0.012060185303094438,0.0,0.011216301362675197,0.001231562591390032,0.0,0.0057250776541555234,0.0,0.0,0.0,0.006795531952824795,0.0,0.000313803250647919,0.001628796239392866,0.0,0.0,0.016202499033218444,0.0,0.0,0.0,0.0,0.007293405033621494,0.0,0.0,0.0,0.0068654046169843025,0.005488025980786581,0.007156565160239381,0.0,0.019557579872246985,0.0,0.010240656703517462,0.0,0.011918555019592937,0.02064913112863825,0.0,0.0,0.007282919829041662,0.0,0.013289414544387215,0.0,0.0,0.0,0.0019240092028005684,0.0,0.019732611688055065,0.008224915798261966,0.016624877657510702,0.0,0.019807221607917175,0.9949332941583436,0.0,0,normal,Normal
0.0033258435402484777,0.0,0.0,0.008462874483182774,0.0,0.006057893761133204,0.005343268495462378,0.014215675025445176,0.0009862844005921415,0.0007459618103203504,0.0026898966441150692,0.0,0.0,0.0007482627576261301,0.0,0.010330735468702643,0.0,0.00545910204020693,0.0014612110272278075,0.000779890359960218,0.023789432465286572,0.008183827706128192,0.0034187022525130166,0.004862197637125416,0.0,0.9978740307491105,0.0019915548927053497,0.2835173410007386,0.9795844161928083,0.9943598750038981,0.9965140715497347,0.0,0.0,0.0,0.0,0.0030819630480877964,0.0,0.0,normal,0.00689395207546511,0.0014941205383863768,0.9967728003710189,0.0,0.00614495894347633,0.0,0.0,0.0017109977295583344,0.0,0.0,0.00764497892545796,0.0,0.0,0.0,0.00987081636926643,1.0,0.004629764658001346,0.0028667634501100075,0.0,0.0,0.0,0.005149899966244763,0.01110836657560422,0.030624373803054206,0.02796133442097271,0.0,0.0,0.0019212480668532798,0.0,0.0,0.00863928690415466,0.010925937423598556,0.0,0.0,0.0,0.0,0.0,0.006170338869436725,0.0,0.008196906785783472,0.005482970042094689,0.0,0.01618991354302321,0.004463034553999053,0.0,0.006864513138913576,0.0,0.0023862922575719923,0.010991801111156163,0.0,0.011813420457954858,0.01280269498104845,0.0,0.0,0.010196968542328941,0.0,0.0,0.0009703150354929407,0.0,0.0022876494369516126,0.0,0.0,0.012381379000333086,0.0,0.0,0.0,0.004098000558071866,0.003611619132160941,0.0,0.0047351862044388475,0.0,0.0,0.0,0.0,0.0,0.004026121210553036,0.0006453875106569391,0.003025899945269334,0.0,0.0,0.02496158275558949,0.01439251318096897,1.0,0.005299604268086165,0,normal,Normal
0.0,0.006244348575258889,0.0,0.0037221606205752517,0.0,0.0,0.021843141940164675,0.0,1.0,0.017822041636536372,0.0010180703123051631,0.0,0.010841410774360799,0.007695889179539225,0.0,0.007759061263090394,0.0,0.0,0.0,0.0035633479327681263,0.002057908777724645,0.02758453307850911,0.021992858481162385,0.0,0.010017426150327555,0.9939095489104494,0.0,0.00990944276176134,1.0,1.0,0.9970423240921155,0.0,0.005831216561285046,0.0034490647100880534,0.022424926439644385,0.0,0.009200277844545536,0.0,normal,0.0008958953632619133,1.0,0.0,0.0,0.0,0.0,0.0,0.009595057846550448,0.0,0.0,0.018127005093829415,0.0,0.0,0.0,0.0,0.006089730773975485,0.0,0.0,0.0038922857985820925,0.008028033571484518,0.007551724470657185,0.0,0.004427882580346002,0.009194470739491777,0.0,0.0,0.0,0.985347657495706,0.005252917666875197,0.0,0.0,0.002187533331370967,0.0,0.0,0.012841388337915151,0.010090404483454343,0.0018142614090853675,0.0,0.010980542019295497,0.0,0.007573294642623232,0.0015958095209734412,0.00611930455594707,0.0,0.008746421304922992,0.0,0.0025422856806494817,0.0,0.004939522615905929,0.0027394158261432235,0.0,0.0056218341311589605,0.0,0.0,0.003005206172284918,0.011626001544372962,0.01129631770622734,0.0,0.007361385707794091,0.015282513701035212,0.0,0.0,0.0,0.021791686840426937,0.0,0.005221258756612868,0.0,0.0014963736182130006,0.011722884594594182,0.00564361185741975,0.0,0.0,0.0,0.0,0.0017466329833900013,0.011118465892589422,0.0,0.0,0.0,0.0030561029601131368,0.0066029261539639755,0.0,0.993213195894166,0.0,0,normal,Normal
0.006568994568829704,0.004921903529185522,0.03128231481251205,0.0019202798773073806,0.0,0.005562589646382653,0.012039773006459151,0.007154034822895113,1.0,0.0042429308726433185,0.0,0.0037232607569929735,0.006147501092219629,0.005847199299369787,0.0,0.0,0.013191518689330365,0.0,0.0034287975181738423,0.017833584481234538,0.02585175523632658,0.0,0.003872342937567132,0.0,0.0,1.0,0.0,0.006384847021737666,0.360701902348442,0.9991705879381366,1.0,0.007705042272647204,0.012171349758548219,0.004581348973046972,0.0003392917231979932,0.0,0.0,0.0012931740600931846,normal,0.008950213260010855,0.9767574405395973,0.0015637871929471952,0.0,0.0008735492196053248,0.0,0.0,0.003285059913559607,0.0,0.0,0.0062246740954531535,0.000437948431209412,0.030810470467133366,0.0,0.0029606327722024235,0.009195643247015328,0.0008453740107043315,0.005856480678627457,0.006792423246411854,0.0,0.0,0.0010808353878163151,0.0,0.0,0.0010135750248388828,0.0,0.0,1.0,0.004080982764302753,0.0,0.0,0.0,0.0,0.0,0.0,0.0,0.006782341718314818,0.0,0.008127971802020165,0.0,0.006769002074367746,0.0027636960932591937,0.007929326085037117,0.0,0.0,0.0,0.0,0.0,0.0,0.01052873334100139,0.0,0.0,0.00020204916207849398,0.0,0.0,0.0,0.004305613824699646,0.00408579766653733,0.0,0.0,0.0,0.008219914776399537,0.0,0.0,0.0,0.01809089747064538,0.011219944002384144,0.0,0.0,0.007946688882317247,0.0,0.0,0.0,0.0,0.007586778733218188,0.008656273574120988,0.0,0.00434245315341393,0.0,0.0,0.0,0.002306279733178122,1.0,0.0,0,normal,Normal
0.0036720815454486556,0.021779865344446574,0.0,0.001529899296142383,0.014680380277872426,0.0,0.0,0.0,1.0,0.0,0.0,0.0021703285176400055,0.0,0.0,0.0,0.0,0.0104964125420443,0.0,0.00635521286103862,0.006580063139155927,0.005847835693864388,0.0,0.014549968296940398,0.002112879694592612,0.0,1.0,0.0,0.0,0.011133019143184864,0.4083575605150102,0.9908662728647669,0.00609112711318862,0.2753167466437276,0.04832165399605437,0.0,0.01824848823983766,0.003344145228476223,0.002113780741027866,normal,0.0018983989607672816,0.9940726686073675,0.0,0.0,0.0,0.0,0.0,0.019812532625358977,0.006297732879343745,0.0,0.002217607431294353,0.0,0.019467437283197643,0.016535383988360394,0.01764996225911102,0.01831712408050434,0.0,0.0,0.010602790989108619,0.0,0.007384858851173911,0.006113088706646577,0.013671265794327448,0.0,0.0059649505451414035,0.0004971051016459933,0.0034363143995785267,0.9929294657367834,0.005068603396944742,0.0,0.0,0.008850313746867112,0.0,0.0034192899896710654,0.0,0.0,0.0015040385976213702,0.0,0.0007464748577567544,0.009850865898031014,0.000658008482381358,0.00452819773593183,0.0,0.01862358394059161,0.0,0.0,0.00855804849817733,0.0,0.007362126564995732,0.005428674582261073,0.0,0.020485193982373046,0.0,0.008934153808984286,0.0,0.014797578179563717,0.0,0.004308858105751172,0.0,0.0,0.0,0.0007004806546930987,0.021004232194057594,0.0013128036580166763,0.0,0.0,0.0,0.0,0.0,0.012084410192580117,0.0,0.0,0.0,0.0005751019258780645,0.0,0.011940195020052096,0.015395242521142324,0.0,0.019407885998419597,0.0,0.0,0.0,1.0,0.004102352696165124,0,normal,Normal
0.0,0.01861747745396886,0.0,0.009384838228476647,0.0062523244143546765,0.0033178531163396475,0.0022856026531546435,0.0,0.0,0.001385686259508429,0.0,0.012700430810577385,0.010949764995513296,0.007621195571494702,0.0,0.0,0.0,0.018835055287302345,0.01614445584226723,0.15344954434655486,0.06712017479480792,0.0,0.01645877876914155,0.0,0.0,0.44747962152033344,0.1258660585438027,0.01185208663818424,0.9919974126607516,0.12749147435171682,0.14137164120556628,0.49271129372945477,0.9055188015661365,0.0,0.0,0.0005475897586829021,0.08382590358756675,0.005772382403175854,normal,0.006782024165235184,0.0,0.9965173498683261,0.010016047673929688,0.00485576405276583,0.0032907129306058505,0.0,0.0,0.013915785161317617,0.0,0.005285501672441675,0.0,0.0,0.0,0.010565664625426643,0.005123068691246065,0.02029157993862849,0.0,0.0,0.0,0.0008799979224840712,0.0,0.0007491008479282268,0.0,0.0,0.00970658390969896,0.0,0.012422465374150983,0.0,0.007300206328550455,0.01311734010796944,0.0,0.0,0.0,0.0,0.0,0.0,0.0,0.008752497358080421,0.0,0.008905413792074686,0.015100143833848013,0.005989503858373817,0.007649459675606858,0.010402985251815076,0.0,0.0,0.0036691056899838884,0.0,0.018624323861313123,0.010254572770093583,0.0,0.9874206493969759,0.0,0.008170064610762487,0.011662031939479732,0.0,0.001997543960529386,0.0,0.0003545477463205956,0.0,0.002421007124730577,0.0,0.0,0.011858817855157393,0.0007765932964614142,0.0,0.0041918553730783134,0.023340369543412978,0.01365967430697565,0.0,0.001268421222580796,0.0,0.0,0.0,0.017880929326810038,0.0,0.0006787469720328612,0.0,0.013367529976579567,0.006269833784884997,0.006221231165832259,1.0,0.0,0,normal,Normal
0.0,0.009987386985412287,0.011798545289155176,0.0032613209222074465,0.008714983336381736,0.0059094485723589505,0.0,0.003755536219857415,0.002845294019417555,0.0,0.0,0.0,0.0,0.0,0.0022579681928761937,0.0,0.00044016867476034,0.006892101962394405,0.0,0.41096453733602817,0.003168445251150974,0.0,0.0,0.9877461487632057,1.0,0.0032685507853817642,0.07755391456576,0.0,0.9844568507354512,0.00013798453160227334,0.00916918794951161,0.08628155580510032,0.0,0.0033596742399274204,0.00869415073890492,0.0,1.0,0.9902339978324252,neptune,0.013523339624710251,0.9903757488971063,0.0,0.01240154288750558,0.0,0.005957360309169029,0.002982378517840373,0.01222051364773572,0.004462867596324643,0.0,0.003232361833644022,0.002695299148070385,0.0,0.011730003112628822,0.0008767804387302755,0.005531634695918145,0.015240986029690793,0.018109301035591947,0.0,0.003844672212161163,0.004143745644251562,0.00342185415802943,0.011738657280647751,0.0,0.0,0.0,0.0,0.0,0.0,0.014203492477404458,0.0,0.004825906039149515,0.0,0.0026239310889369354,0.0013054119521034575,0.0,0.0214996856308374,0.001032206315206359,0.001959959831236204,0.0,0.0,0.0,0.0,0.010168233469835591,0.0015213946153402583,0.006856508060721991,0.0,0.014515506594501168,0.0,0.0,0.0,0.0,0.9960557308829545,0.007718675834643238,0.0,0.019108272151817825,0.018452322395754017,0.009714006375000962,0.005053973868278117,0.014972923922579607,0.0,0.002366148837434808,0.0,0.0033504923558914245,0.0017836310143011,0.0028951957597462886,0.004755508481570809,0.0,0.0,0.002901278613678932,0.0,0.0028592520971333257,0.0,7.38487091060862e-05,0.9888067520576526,0.0,0.0,0.005313303839069933,0.011388867421713043,0.0,0.012885779004832582,0.0,0.012937818652584362,0.00196614679120878,1,neptune,DoS
0.023135126713756966,0.0,0.017721389550055606,0.014695752683314479,0.015838404878953768,0.0012590213682670713,0.0025705393614554864,0.0021056573140417955,0.007951813187483243,0.0053955494384444755,0.0005101984978087774,0.0,0.004063937293033661,0.010055161954087441,0.020650078668330307,0.008583145661229806,0.0,0.0,0.003850256954526614,0.2778997794898158,0.021638607786123545,1.0,1.0,0.0,0.0,0.028615324425761857,0.07960123090256702,0.0,0.9874155406872047,0.017584165464317108,0.02279212436975541,0.0975500134759349,0.0,0.0,1.0,0.9938566526966762,0.003798053789885715,0.0,neptune,0.0,1.0,0.0,0.0016898698761146187,0.0,0.0,0.01939783574043664,0.0,0.007460666190096142,0.0055886954759427855,0.0,0.028112465493759273,0.0,0.00954294103871682,0.0,0.008779923583042805,0.00187757798676082,0.0016597571438047186,0.0,0.012835871431434867,0.0,0.0,0.0,0.0,0.005907244443817666,0.0,0.0,0.002985989296115317,0.0011740731540281868,0.0,0.0,0.0,0.0,0.0,0.013042422613407677,0.015822108392444835,0.00941362077149971,0.01822338522166398,0.0,0.005611971533503794,0.0,0.010132196021369824,0.0,0.0,0.0,0.0,0.011546479220154823,0.00040198538888358516,0.0032645011547591946,0.013934820754208377,0.0,0.01572111684781403,0.006738550000968044,0.009046557408567165,0.0,0.008804691501327077,0.0034816996148224547,0.0,0.0,0.0,0.0080888529122747,0.002710076586391801,0.011685858978660627,0.0,0.006350696542132201,0.0,0.014303314701968113,0.0,0.0049974442596745485,0.0,0.0,0.9861741909108471,0.0,0.005720324459850493,0.0,0.01361530138803141,0.0,0.009971833318642973,0.9958587318859302,0.014650099761200306,0.006429676676994605,0.0,0.0005585779458357138,0.0037871041371053283,1,neptune,DoS
0.0,0.0,0.0024893679736406,0.0,0.011181660942326957,0.0,0.0,0.009005808044650407,0.0,0.0,0.008732185359211343,0.004501441109214003,0.007571328082406788,0.010650182628785454,0.0,0.0,0.0092964514924938,0.0,0.011377429684028533,0.11179190342355055,0.0,0.0,0.006382384766083584,0.009833472018263123,0.01759042487315306,0.018457862518648834,1.0,0.0,0.9842696971748168,0.002601492181370613,0.001309690137097293,0.9754145006989164,1.0,0.0006909420508002636,0.0,0.004030349466673404,0.0037154143177839704,0.0,satan,0.006061749550587347,0.0,1.0,0.007494295255216633,0.009201157612567634,0.0,0.014781908114749274,0.0,2.0886889504858486e-05,0.023833536841467277,0.0,0.004053684369808355,0.0,0.0076123373445635524,0.005763414822032624,0.0,0.0,0.0,0.0,0.0,0.022180820911727604,0.0,0.0,0.00495486532187478,0.0,0.0014023748742538259,0.01439450783414966,0.0,0.0,0.0035796396547665616,0.0,0.005957831314168934,0.0,0.011256073587048183,0.00864172635995805,0.003877299076748889,0.0,0.001631069397082045,0.0,0.014728258350651039,0.01984775497919246,0.0,0.0,0.0012505713153797863,0.005837777115818411,0.0,0.0,0.9922241987052973,0.01409993611238641,0.005885211944994909,0.00955873260290966,0.004164882186536501,0.0,0.020719084305130944,0.0,0.0006791727795906163,0.00647199835701571,0.02288378165014276,0.015438999693056428,0.0,0.005356856547669697,0.0012410604900902978,0.007849951616138858,0.0,0.00594898633299868,0.0,0.0,0.009107185522647136,0.0,0.0,0.0,0.0,0.0,0.013563790636071065,0.00857439473248816,0.0,0.0,0.0,0.0,0.014842825032870124,0.0,0.0,0.9925767124380852,0.011575466470018465,1,satan,Probe
0.0120315394668912,0.004320767956955611,0.0,0.010177323922833041,0.0,0.0,0.004584701732957055,0.0032549888328791514,1.0,0.0025289335723437997,0.0,0.011418596567299679,0.0,0.0,0.0,0.0,0.013512136900290581,0.0,0.0027828766453553274,0.04231001190820997,0.036631116406179665,0.0,0.0,0.0,0.0,1.0,0.0,0.0,0.2996377236702648,1.0,0.9933283587840493,0.0,0.006590065793404676,0.05992210124671017,0.018418773971160055,0.002360633772794717,0.0,0.0,normal,0.0,1.0,0.0,0.0033986950922861485,0.0,0.009142495900561537,0.013504947251627321,0.0,0.004929692952192538,0.013562930652986504,0.013056202239739427,0.020458282739572606,0.016225031284467412,0.010650763576480005,0.004706794751621516,0.0,0.0,0.0,0.004253452318040621,0.0,0.0,0.0,0.015407932536976537,0.0,0.004014882369104834,0.0,0.0,0.989138087613955,0.0,0.011680288935980963,0.007301978006736448,0.009655051137325149,0.0,0.0,0.0,0.0,0.000697487765453972,0.0,0.0,0.0,0.014067943403190468,0.0,0.0,0.010968973927423667,0.006927606968402453,0.0,0.0,0.0,0.0025608797635439068,0.020870871978389435,0.0,0.0,0.009978992165131949,0.0,0.0,0.008031183273897204,0.0,0.0,0.013971245330283755,0.0058257335590825654,0.006229617696330114,0.0045425801969196655,0.0,0.0,0.0,0.0024602012665674816,0.02326969281045642,0.0,0.0,0.008478641048433917,0.0,0.0010722635965235072,0.002133950693451143,0.0169854279456682,0.0072697380453731275,0.006933577359081691,0.004936800074382311,0.004447869315761788,0.0,0.0,0.0,0.0,1.0,0.01147582245779875,0,normal,Normal
0.0,0.0,0.0,0.006140096406692289,5.3745838155136666e-05,0.007485352281917408,0.003829527369646466,0.0,0.004064519336986944,0.008459836722623286,0.009361795457870787,0.0,7.281264932475212e-05,0.0,0.00614859340722318,0.0,0.0034962536149388676,0.0,0.006222210568791246,0.18689230421027433,0.021196114852383954,0.0,0.0012270878536332957,1.0,0.9957615653437026,0.08906432160068542,0.0612569416442644,0.0,0.9982840168193041,0.03777959589333844,0.037749710738645435,0.06640785097771709,0.013431866363763317,0.011016142688308965,0.0,0.004166131881744497,1.0,0.9960394481760213,neptune,0.0084865559548674,1.0,0.0006117788771274168,0.0,0.006060931316920583,0.0,0.0,0.025441143023627086,0.004481198140412201,0.0,0.0,0.018372948179641517,0.0,0.0,0.0,0.0,0.0,0.002366055472662963,0.0099707991600508,0.0,0.0,0.02060119670246342,0.0045160663428668825,0.0,0.0,0.0,0.0,0.0002849036180135126,0.0,0.0,0.012222557395723827,0.0,0.0018387180460150924,0.010673791501067748,0.0,0.010172506861326747,0.0012163091166415725,0.0029387018321189863,0.0021192100237661673,0.007915065884986932,0.007281080318250251,0.012114525246962212,0.010556117208045888,0.0031682673666659166,0.0,0.0,0.0,0.011243542606945324,0.0,0.004341217487670192,0.0,0.0,0.990998434525262,0.0,0.0,0.004940905344158747,0.011483456043410063,0.010926647398639336,0.024539829053939078,0.009539611309643422,0.0006268780389890891,0.0,0.02090848526211336,0.0,0.006359033638904862,0.0014589065005709745,0.0,0.0029053767822307557,0.0,0.0,0.0,0.003622242356146494,0.0,0.004530113063103665,1.0,0.0020302694901528436,0.0,0.012345146914608569,0.0,0.017240961914399677,0.018370543564026495,0.005597576061779785,0.0005971663758332619,0.010460452451176506,1,neptune,DoS
0.012828119096158443,0.0,0.013210609600110395,0.007871348223983865,0.0,0.0014507724283866256,0.0,0.008826858107333692,0.9930089897521992,0.0,0.016323541823821647,0.0,0.0,0.00748674284295007,0.0027998532406101153,0.006250707938930427,0.0,0.01805245669616925,0.0,0.0,0.0,0.00438311463013596,0.0,0.0052258643477842105,0.0,1.0,0.0035967825715982004,0.0021769001281514307,0.9957395995678123,0.09278846575192028,0.09797563495445016,0.1642928897806191,0.0,0.009892585239055967,0.0002765917115247142,0.0,0.8849774294561272,0.0,mailbomb,0.016849983580653663,0.9868916081067136,0.011618418033307694,0.0032722141701812418,0.0,0.006759132934872513,0.0,0.0,0.0,0.0,0.0,0.0,0.002477526644093988,0.0,0.007922563443323673,0.01844279477944272,0.0,0.001746631775521675,0.004294390220820877,0.0006799156462081225,0.0,0.0,0.0017840213431302484,0.0,0.0030662855001048085,0.0013664812708085571,0.0,0.007146003836544667,0.004488387047574822,0.0,0.0,0.0,0.007770414800746984,0.0005314547315875681,0.001989279935668611,0.0029076623233242117,0.0,0.0,0.01952909800969695,0.005578018949085949,0.00504884830137194,0.0,0.00842045514927121,0.0,0.01106101533765348,0.0,0.007166072637792635,0.004290159516702041,0.0,0.0,0.004472270623909796,0.008100935890201241,0.0,0.00039535333537385047,0.0,0.0,0.008101326842135286,1.0,0.0,0.0,0.0067629430670322266,0.0,0.008466769277806999,0.002048991399687434,0.008568696247498741,0.0013960839410590566,0.006697193570690458,0.009063381876197612,0.0,0.0,0.0003342454579998682,0.00820907521935232,0.003106481716412731,0.0,0.013798757068840643,0.03711682485631598,0.0,0.0,0.0,0.0,0.0,0.0,0.9900197427010152,0.0,1,mailbomb,DoS
0.006530793751710901,0.0,0.006803850335640554,0.006535980400804401,0.011447832881490845,0.0,0.003050937811213968,0.0,0.0,0.0,0.007055407085925566,0.0,0.0030021417279887503,0.0009863878100945902,0.0,0.0,0.007709503923329398,0.0071901434963125765,0.0,0.3871924637586667,0.030506594809553516,1.0,1.0,0.0038863570577996995,0.010255850083211799,0.07059277801775983,0.06279043358325785,0.003540738351814861,0.9869038645402214,0.04431147835144877,0.05523312371795398,0.05205910751367651,0.000844037929086891,0.008429463145161489,0.9869916642474783,1.0,0.01365082997956672,0.0,neptune,0.0072004764062088165,0.9965602278168162,0.0006054284880364862,0.0,0.0,0.018816474777454153,0.006780385674272255,0.0015906385079134217,0.0035702454529425364,0.0,0.0,0.0,0.006542885443462196,0.0,0.0,0.012969152942237808,0.0,0.012132998601671498,0.006980523636915885,0.0019497909837846053,0.003004041527033049,0.007746554671386442,0.0042803920044845335,0.0,0.015079895655211764,0.01809089980479329,0.0075839352319104205,0.0,0.01127311102902155,0.0,0.0,0.011408512716051153,0.0,0.0,0.0022468418918533965,0.005528063301275607,0.008264128059203955,0.012779309217099957,0.002084131437543434,0.0,0.0,0.0,0.0,0.0,0.0026411094635889454,0.0,0.0,0.0,0.0,0.003040910646625063,0.0,0.0,0.003068327305967634,0.0,0.00610390950849748,0.009593942900656491,0.0,0.9961285233544106,0.0015750086695618898,0.0,0.0,0.01190299216880467,0.0,0.005226513386892003,0.020714547938392138,0.0,0.0,0.007623863439828593,0.0077002038268061965,0.0014916682129061097,0.0017036367713143788,0.015825406453025503,0.0,0.0,0.0,0.005493380697755441,0.0,0.0015824462477153126,1.0,0.0,0.00349810821191327,0.011765715282064177,0.0002682156225921189,0.0,1,neptune,DoS
0.0,0.0,0.007047049729585785,0.015933498514396505,0.014312980561468831,0.0,0.013425870495045757,0.001442554430991293,0.0016943713390483689,0.0,0.0,0.002547032269013938,0.0,0.001414343659081158,0.0,0.0,0.0,0.00582312031042522,0.006851005905072708,0.34730188921101063,0.020956367607195058,1.0,0.9893821183172422,0.0,0.007452768562913338,0.06507874510520754,0.08234567446960159,0.0,0.9990026644602474,0.042881503712969324,0.04227237234154788,0.09194117704142737,0.0,0.0,0.9922077806033192,0.9957174636323409,0.007125368118266987,0.007255742090940855,neptune,0.0,1.0,0.0,0.0,0.0,0.0032685606140988796,0.0,0.0,0.0027086980709810074,0.0,0.004248063517757823,0.00931441436850643,0.008434025884999944,0.0,0.0,0.0,0.0055537031554848395,0.006158226420938746,0.0004958497420137264,0.0,0.0,0.0014608066390058225,0.012058395546568469,0.004024528151082403,0.0,0.006207446513164616,0.004945330220485525,0.0,0.0,0.011623591158735536,0.014156566463919275,0.010640568234400351,0.0,0.0,0.0,0.002199210304885629,1.0,0.00942237795647349,0.0006657049111858455,0.0,0.028024730264071186,0.0,0.010801112713574208,0.0038942242125419857,0.0,0.007937240790041293,0.0,0.01627863159489925,0.0033614999797976874,0.0,0.0,0.0,0.0,0.016529613408270347,0.0012575880120438401,0.0,0.014188867650654913,0.0034735944297613385,0.0,0.020465567211774897,0.0,0.0,0.0,0.0,0.0,0.0,0.0,0.0,0.006761200431335427,0.0,0.0,0.0,0.003405216586404919,0.0,0.0035652108867909654,0.007653045007212605,0.0,0.0019160083373199852,1.0,0.0,0.0010141887920813795,0.0,0.0,0.004017388547895191,1,neptune,DoS
0.0044809438971600965,0.0,0.0022374195680691174,0.004614700455069111,0.0,0.0,0.017409638797972436,0.0,0.0,0.0,0.022335235568948054,0.0018441638533949517,0.0,0.015044689048612357,0.01043608548681293,0.004729022231111233,0.018945207491837725,0.005704582144233933,0.0057186115561237835,0.01366784660035637,0.010706919702981562,0.001680519868708517,0.012616702393703884,0.0,0.0,1.0,0.02019444657232159,0.015474967717217701,5.5179627032494755e-05,0.1530491091456451,1.0,0.00732878246151877,0.9785092804157313,0.9889385674755572,0.0,0.015364401146916642,0.0025148015521855916,0.0,ipsweep,0.9910814564022509,0.0,0.009475430129380633,0.0004952652993086121,0.001200080167056993,0.004730151599207428,0.007018541408604678,0.0,0.013498907820776966,0.0,0.0051593254061756515,0.0,0.01277547206710199,0.0,0.002184482572335427,0.0,0.004804064681356044,0.993302221326655,0.0,0.0,0.0,0.0104472370537886,0.006107746655624243,0.011974349892207248,0.005714375840491446,0.0,0.0004113881738347031,0.0,0.0,0.00780726459360443,0.0,0.011054324017480412,0.0,0.0,0.0,0.0,0.0,0.018551528905256173,0.0,0.0,0.005202628422395891,0.01318549067822628,0.0,0.01413958406464525,0.0,0.02135601577547892,0.0,0.0,0.008525415916054059,0.0071832042114517046,0.005582229546377656,0.025489654960766307,0.0,0.004920314015664907,0.0,0.0,0.0,0.0,0.006061996820028264,0.0,0.018511745842623387,0.0,0.0,0.019028857186831546,0.01594997552886682,0.0,0.0,0.0,0.003528234420227619,0.004890935916850038,0.0,0.013637935711855342,0.002833426665240856,0.0,0.007259785552337261,0.0,0.0,0.0,0.0,0.00013588788884957067,0.017285107532709756,0.02133901383988979,1.0,0.0,1,ipsweep,Probe
0.033123936606505144,0.0014270105961341638,0.0,0.0,0.0,0.013669176569608168,8.201810354194341e-05,0.0,0.9928492407390661,0.00790442075161056,0.0,0.0,0.010391888507426908,0.0,0.006795648267683241,0.0,0.02616788643040668,0.008033071654331753,0.0,0.02995301564606015,0.05365623476467975,0.20938239447301096,0.2189997194206836,0.7675236046618336,0.7851982643835433,1.0,0.0,0.0,0.9967062037268101,0.9803417560474926,1.0,0.0,0.015609624071198841,0.008921351173887083,0.036111320018869165,0.02908435461674057,0.6498186236129225,0.6705382510568947,apache2,0.0,1.0,0.005605395153830521,0.0,0.006731222909832473,0.0,0.013618427119510699,0.0,0.0,0.0032307347204410413,0.001686828793515351,0.0,0.020717426958151902,0.0015653384760344958,0.005421964502789359,0.011676688303619592,0.0,0.0,0.007386140872263595,0.0,0.0,0.0,0.0,0.0,0.01242413769093549,0.0,0.0,0.9891575249357732,0.0,0.0,0.0,0.0,0.0,0.0018834486808774532,0.0,0.0,0.0015026713255190825,0.0,0.0,0.0,0.010107685512886924,0.01762197992597411,0.017426639678226254,0.0,0.0,0.0,0.0038815263480968527,0.0,0.02463707448249305,0.0,0.00705157102793712,0.0,0.0002048282802438911,0.0004036503086160959,0.0026711519279530864,0.016595005707113763,0.0,0.01620490552345521,0.0,0.010322410960789922,0.0,0.0,0.005933229375624012,0.004128573269409859,0.0,0.0,0.0,0.015264672328050535,0.017646438887027657,0.0,0.0,0.0,0.0,0.0,0.0,0.0,0.0,1.0,0.0,0.009268331782013804,0.003975902150679144,0.010454683090622046,0.0,0.008620555415167404,1,apache2,DoS
0.0,0.003374586981545668,0.0,0.005489391898863667,0.0,0.0,0.020194973357648797,0.006432008237687184,0.0,0.005215466737745514,1.3178279808876364e-05,0.0008223847014344763,0.005354410483305231,0.0,0.0,0.0,0.013708477822955496,0.0,0.0,0.14568321973158135,0.2313126634922689,0.008019286188875372,0.0,0.013427070464147444,0.0,1.0,0.0,0.00943969400552392,0.99617514234682,0.9852354947383224,1.0,0.0,0.0,0.0031891003225727184,0.0,0.003850015089059887,0.005044072365572218,0.018574486942186934,normal,0.0,0.0,0.9982540983108785,0.0,0.0,0.0,0.0,0.0,0.0,0.0,0.007993034808535096,0.0,0.006514447277323786,0.005166508964211481,0.006398364278860694,1.0,0.0007306831781306569,0.00781669549078616,0.0,0.0,0.0,0.0,0.0,0.0,0.008436985105678715,0.0,0.0,0.0,0.0,0.0,0.003131029870085323,0.0,0.008468826442322358,0.004289142559074931,0.0,0.001480837620106515,0.0,0.013076885654702898,0.0075071193502016876,0.0007197092336709768,0.008515267048915661,0.011308090133286664,0.011216252347661989,0.0,0.0,0.0,0.0,0.0,0.011201715740471399,0.0005942166180719112,0.00311475921491107,0.0004449204497756184,0.0,0.0,0.0,0.0,2.69300840070757e-05,0.0,0.002981549686469772,0.0,0.0,0.0,0.014913302501035874,0.0023694380685367602,0.006288721614200636,0.001536256703551679,0.0,0.0033553422389327975,0.005552296943777705,0.0,0.0,0.0,0.0,0.006992960912590289,0.0,0.0008613953026447644,0.0,0.010583381008466326,0.0074370118258311815,0.0,0.0016464683590439874,0.01724984076555252,1.0,0.013008835683212984,0,normal,Normal
0.0,0.0,0.013698889644671152,0.011478853341175157,0.0036674350166889906,0.0,0.006376227534370679,0.0,0.9908065135436901,0.008412807841557613,0.00011764008038404292,0.0,0.005680217295006681,0.0017661722121902045,0.0,0.0,0.0,0.0015028763767065388,0.005345255202619196,0.012408533201359359,0.0,0.0,0.007288665586653412,0.0,0.0,0.9946662776586132,0.0,0.0,0.009095923105737659,0.3711581392006066,0.9987076035140217,0.0072525858049614835,1.0,0.057727708813372414,0.0,0.0,0.0,0.0,normal,0.0,0.9937001793722279,5.669279701528545e-05,0.010528316170843821,0.0003507196413352638,0.0,0.0003454405699475132,0.0,0.0,0.0,0.0,0.0,0.0,0.0,0.0,0.0,0.0,0.0,0.0,0.0,0.0,0.0,0.0,0.0,0.011752447909498503,0.014561681649319992,0.0,0.005372449138337974,0.0,0.01675301179327026,0.0,0.0,0.0,0.004486189733642521,0.021141533159072676,0.0,0.0,0.0,0.0010386209988237252,0.016011769392573726,0.015161982835996268,0.0022538569692747623,0.0,0.004141347406912676,0.011363210294105348,0.011243999651603269,0.0,0.012526019532760944,0.011416394262160788,0.009083530232735894,0.0017410184374087585,0.0,0.012254471455181418,0.0,0.0,0.0,0.0,1.0,0.0031678447891251927,0.006731396459068101,0.0,0.002363289501202621,0.0,0.0,0.00308542016503144,0.0,0.0,0.0,0.0074270617402657805,0.0065101988853837,0.009250221084379307,0.0,0.0,0.007096607180180906,0.0027237462615297852,0.010342799396457951,0.012489955981222267,0.0,0.016529739654019184,0.005480695091191935,0.007592802155149687,0.0,0.9951302336046337,0.0,0,normal,Normal
0.009831855402754998,0.0,0.0053401615923370765,0.0012671788424902769,0.006097450203973871,0.008021348870224983,0.0,0.0,1.0,0.0053105486067657,0.008532327518659214,0.0,0.0,0.012542066204483455,0.006666435389545648,0.0016283935302031684,0.016124368000456867,0.0,0.009299746695702903,0.0016414581221803892,0.017199553528800166,0.0,0.012254447626920491,0.0,0.0002553675037056874,1.0,0.0,0.0,1.0,0.8863085366803617,0.882756218006664,0.019146640133449053,0.015179097195806162,0.0,0.0,0.0013740474476572756,0.06983080549119372,0.0061212182743117976,normal,0.0,0.9908623414908677,0.0022678662673020723,0.0,0.01997237783124082,0.0,0.0,0.021516167200687674,0.015933601960610718,0.0,0.0,0.009430500044333918,0.0033943653158914158,0.0,0.0037164812838442725,0.0,0.003245085698793172,0.0,0.0019298639284722285,0.0,0.007487290868411833,0.0016607415759896712,0.006092170993083211,0.0,0.006938328773950326,0.0,0.0063570159640551835,0.9951411300227302,0.0,0.008967955065656782,0.003415353484924844,0.012931311886099606,0.02149210486423558,0.0,0.0029859330236448735,0.003106746731615989,0.0,0.005333009176169023,0.009756665337189538,0.005608064264652443,0.0,0.009137144830904255,0.0010164656095656944,0.0050767412816267,0.0,0.0,0.0,0.0,0.011696358072133097,0.007447270124263451,0.010369249695381137,0.001796169328198955,0.005686061662527441,0.003694274775905711,0.0,0.0,0.0,0.011129117058212155,0.0038830052197610003,0.006871661100378445,0.0,0.0043009752686012,0.00726518393019853,0.0,0.006340627800047195,0.011943546128004063,0.011889612748053098,9.943202556242251e-06,0.0,0.006297433925191346,0.002901325402642283,0.0,0.0,0.0,0.0023331410116529316,0.002633956429561768,0.0050897959354181625,0.0053588253660567745,0.00197911971007933,0.015644245167047984,0.0035886983523967047,0.0,0.9988230290698019,0.0,0,normal,Normal
0.006881912780445817,0.0018209536583962775,0.0,0.0,0.004259603898215749,0.015393207340968702,0.0,0.0,0.9999222738814297,0.01671125680690318,0.0,0.0,0.0,0.00482301333887268,0.0004362840467501853,0.0,0.012839904258807908,0.020537340567641584,0.0,0.04439528467678039,0.0357282976314738,0.0,0.0,0.0,0.0,0.9963629680375278,0.0,0.0013499374206318222,0.8789557585033148,1.0,0.9977754023603692,0.0,0.0,0.02222080098421138,0.007712031380973836,0.015444354291340398,0.0015987925670725204,0.00866494098393063,normal,0.016212688613884415,1.0,0.0,0.005495473274913378,0.0,0.0002722546131679962,0.0,0.0,0.0,0.0,0.007617836840368373,0.0023568059663740776,0.01700700927976176,0.0011625270691669426,0.0,0.0014175111541142463,0.0,0.012745082397250375,0.010155451637817243,0.008344525794608502,0.015988814962495913,0.014375246938916453,0.0,0.0,0.010354668455539996,0.0007778088985987712,0.010252749106679667,0.9971599144011952,0.0,0.00646763821823343,0.0031934602237535152,0.0,0.0,0.0025267732650833914,0.010511800774774737,0.0014910575849571858,0.004540387924309113,0.01518719347156285,0.005375058554210202,0.0032116508763773144,0.001064893054279172,0.0,0.0009438414271318673,0.0,0.0037385940998189027,0.0,0.0014650566494374515,0.0,0.013983602741207246,0.0,0.0,0.0008891068240238858,0.018110928704922008,0.0,0.022696026099314356,0.008208730432066703,0.01774127505151798,0.0003914703674888116,0.0,0.009485822492442965,0.006549676158519411,0.0,0.01184357595119163,0.0,0.0,0.0002622317348496877,0.0,0.0007001138555148685,0.0,0.0,0.001390513164573418,0.0,0.0,0.0,0.0,0.00562248696536048,0.0048521109392258635,0.015273305789106168,0.0009081129696421166,0.008595181951301361,0.0,0.0,0.9921339607096605,0.0,0,normal,Normal
0.0052993905339271995,0.007722992320142099,0.0,0.0,0.004185156242713276,0.0,0.0,0.007619798676271187,0.0,0.0,0.0,0.002112257411183997,0.0,0.003484953773767885,0.00812601855969196,0.0,0.00807421755212195,0.0,0.0007537527300275982,0.006060900335314608,0.0,0.0,0.00887550465584738,0.021790672707458516,0.010709335491683568,0.9961480204666887,0.003566934710733054,0.015165356117053613,0.9756401334717186,0.014103845792692351,0.015553294792197418,0.023700853084743036,0.01312044794189212,0.0,0.0,0.0,0.013224981243533735,0.0,normal,1.0,0.0,0.004731194433443197,0.0,0.0,0.013128028155708188,0.004453915227394765,0.010087398115564045,0.0,0.0,0.0016303301174133283,0.0,0.007890718421678128,0.0030025786178862124,0.0,0.004014435901962686,0.0,1.0,0.0,0.007602640406020595,0.0005723540874385541,0.0,0.01394708897713753,0.0024305211537195056,0.011628071158763362,0.004176763617527216,0.0,0.009590706315140926,0.0,0.0,0.0,0.00739062933612131,0.004045060250609211,0.0,0.006097296530070004,0.010419464389122524,0.01306036939255216,0.0,0.005490045805691914,0.0,0.01472483142827426,0.016824913858025797,9.666680899146052e-06,0.01167556610551988,0.0036386843235631863,0.005969308261378174,0.0,0.0,0.013865624698566512,0.0006798899163019491,0.0,0.0,0.0,0.014893416383554172,0.0,0.01258384689180871,0.0,0.006206549964794931,0.007865057091410225,0.0,0.008046441108793063,0.005788864711565579,0.0016390118649966146,0.0,0.009071146112125731,0.0,0.0,2.102948629305371e-05,0.014593069239851297,0.0,0.0,0.0,0.0,0.0,0.0,0.005376265094433016,0.008156225843326469,0.0,0.0003711603128637902,0.0,0.004290293597863636,0.006251780819274275,1.0,0.0,0,normal,Normal
0.027789180353317046,0.0018852884930978169,0.01002725817850317,0.005898850225078399,0.0,0.0,0.0,0.001261835581819479,1.0,0.0,0.0,0.0043030040920527925,0.014447987645916571,0.0,0.0,0.014066036847999458,0.0,0.01315320407381453,0.01140293580598167,0.005280564581355443,0.0,0.01522539387457198,0.022261981438315447,0.0,0.008404324889535453,1.0,0.006822927985727364,0.0,1.0,0.06508142176184661,0.07142956967790956,0.1537764137179419,0.0,0.0,0.0,0.0,0.9110794604875999,0.006911283295883849,mailbomb,0.007641132179845632,1.0,0.011668386446001728,0.00562637716291037,0.0,6.965565328606375e-05,0.007856536637265005,0.004027314280857844,0.0,0.005243638052365202,0.0,0.0,0.008784777908984742,0.0,0.0,0.002321581913225293,0.0036266922610841672,0.00022040001047600615,0.0,0.0,0.0,0.0022541511015939865,0.0,0.0,0.009557690186598697,0.011171262818130523,0.00149833640458128,0.0,0.0032490290119037346,0.015768675884725362,0.00038164829413514945,0.0,0.01620943760158904,0.006142646595094524,0.0,0.007815867765958825,0.002089591739833205,0.011519289993977864,0.0013388588206124372,0.0,0.012587312025690836,0.005082600239527706,0.0,0.0,0.01386959348874845,0.0022528527983815927,0.014995957341673478,0.0026369898771951626,0.0,0.009652457549033435,0.0,0.0023861860971858416,0.02728852505575832,0.0056693018180779065,0.0,0.01155734995232465,0.012088518906968635,1.0,0.0011076105379295388,0.010697115570602938,0.0,0.0,0.0,0.004184065287432872,0.0,0.0,0.003162357521817373,0.017545040243244877,0.0004591350051491196,0.0,0.0,0.0037135938383549777,0.011681913081569866,0.0,0.0,0.0,0.005454786097125349,0.0,0.005098882996702064,0.004522723432571847,0.005335015560809291,0.0,0.9965358885065294,0.004505373260067606,1,mailbomb,DoS
0.0032514661622994436,0.0,0.0,0.012970351264931164,0.0,0.0,0.0,0.008190512299096111,1.0,0.007566728052031908,0.006769553642705293,0.010631000866529497,0.013521668302094702,0.016077594117460573,0.0035573769878954956,0.0,0.006637829912065097,0.019987660063617994,0.007053171039652386,0.02203530638691443,0.02243953180763693,0.010047063223655997,0.011454811227752071,0.005008574888364135,0.0,0.997429646376811,0.0,0.4482496209219122,1.0,1.0,1.0,0.0,0.0,0.0008869124404701511,0.01550571376294133,0.004283045317660176,0.01042296564280017,0.0070975667369997065,normal,0.003359823274398284,1.0,0.01516434058953878,0.0,0.005933277401205819,0.0,0.004585592417495118,0.0,0.0,0.0,0.0056988052930729595,0.0,0.0008559919507363577,0.010020587140329851,0.0040792680942700775,0.019142473484514082,0.008337731743771793,0.0,0.0,0.0,0.0,0.0,0.0,0.0,0.016378581857334706,0.00938386577534496,0.0,0.9956679541417104,0.0008832569081237998,0.0024310241859611236,0.0023644647209432913,0.0035317052378397184,0.015639837251860526,0.0,0.0,0.0,0.003940139432893102,0.0,0.017475877461935033,0.0,0.007897100824830779,0.0017187728112801736,0.011744445727494729,0.0,0.003131941779094518,0.012260304851956717,0.006776076732335155,0.0,0.0,0.015053071326719526,0.010261368167226186,0.0,0.0,0.004120526009568768,0.0,0.0,0.0,0.0,0.0,0.0,0.0,0.0,0.0,0.0,0.015108296544324804,0.0,0.005758637461658082,0.0,0.0,0.01461672123249858,0.0,0.0,0.0,0.0,0.009804968042331578,0.0,0.008647047849467498,0.0,0.013757595861784882,0.0,0.0,0.0,1.0,0.022797555454697617,0,normal,Normal
0.007843251454074933,0.0,0.0,0.0,0.0022788229086176752,0.0005693790707560662,0.014631200887800769,0.004747613415169836,0.0,0.0,0.005414743875451933,0.0015641429634399798,0.0036661212202431267,0.003401895390117417,0.020965639015085264,0.0028662521693486142,0.01777851594950472,0.0,0.0,0.2571730282469509,0.00333468683845677,0.0045942162731685285,0.00643811718545844,0.9909845036044334,1.0,0.022050141191761526,0.06377074861493397,0.02036930559316957,1.0,0.029414399558155828,0.025557042814111107,0.07054626783578392,0.0,0.0,0.0012745504379311438,0.0,1.0,0.9893752981305447,neptune,0.0,1.0,0.010863392182526736,0.0,0.0,0.0078049556994465065,0.014435074805660187,0.020228530776738293,0.0,0.0,0.0019470720075990093,0.0,0.0,0.021022420924954318,0.0,0.01298734893086652,0.008484161460257619,0.018314250191674177,0.0012896800632385544,0.0010101616244259915,0.0,0.007800619365692745,0.0,0.0011166738525559823,0.00751991112042322,0.016273915110279338,0.0009493602566398052,0.0,0.012055208056239157,0.009531624663485486,0.0,0.0,0.0,0.015563551055588208,0.0012213796451965412,0.004285588449589114,0.012991557793730029,0.0,0.007737065355215621,0.0,0.0,0.0,0.0,0.0,0.0,0.0,0.0,0.0,0.0,0.0012049543444964193,0.0,0.0,0.9984519657201718,0.0,0.0,0.015597983592399296,0.0,0.0,0.0,0.0,0.0,0.021850825735478994,0.014325378530174437,0.006357195075028514,0.015750463956540645,0.005952210215565333,0.0,0.0,0.0,0.0,0.003431459319573187,0.0,0.0,0.015533726600002611,0.0,0.9931746539670359,0.0,0.009337226114641524,0.0,0.0,0.0,0.0,0.0,0.0025385272446321163,1,neptune,DoS
0.012793442158830827,0.0,0.0006098983306673479,0.0019227795766760458,0.0028570984042923303,0.0086782061609175,0.01828404924736943,0.0,1.0,0.0,0.0,0.008104706308166459,0.0,0.0023172231513986803,0.005688822893144319,0.020704456824580535,0.0019242384831239287,0.0,0.012117942481170024,0.0005016465380326758,0.01920915931123873,0.0,0.007646541068189991,0.0,0.0,1.0,0.0,0.0,0.06289641040779327,0.9983375584082123,0.9956286031049094,0.0,0.0519642854070542,0.0,0.0,0.0,0.0,0.0,normal,0.000818797318504792,0.9870360378788519,0.0,0.0,0.007888464487212641,0.006778049003427429,0.006539560355192215,0.0,0.0,0.0,0.01140883784256841,0.0052953214991680545,0.010328507444654448,0.004380631092796573,0.013117134029593532,0.00365117915162036,0.000546252851214984,0.0,0.006316138230214405,0.0,0.003333852473493274,0.0,0.009899108396641676,0.0,0.0,0.0,0.007378780622284984,1.0,0.0039018618283157194,0.0,0.0,0.0,0.0,0.0078777980509783,0.012319753018232467,0.0,0.019451107982937005,0.0,0.0,0.0,0.008706639292695413,0.00018495741064231922,0.0010974726313569448,0.0033053002741769933,0.0,0.0,0.0,0.0,0.0036755873377551347,0.006470463865645662,0.010385022349588602,0.0,0.006651648031614617,0.029846572183654337,0.006591452270136841,0.0031326017464372333,0.0066376869330595535,0.0,0.006881321058155007,0.0,0.015442282626179044,0.0,0.008344127701085535,0.0,0.012869394593393021,0.01110376153756948,0.0016663422588128133,0.007075008728802281,0.013138398462555084,0.02245811517725265,0.01754797282180282,0.0065291861716329945,0.0,0.01111647655910751,0.016518377003997907,0.00902730763795987,0.0,0.0025590435720342425,0.0,0.0041540868081171205,0.0,0.0,1.0,0.0,0,normal,Normal
0.01729882006080859,0.0,0.003427253053996294,0.0,0.008658617400641264,0.0019759027024930363,0.0005661349011947847,0.012145932424486534,0.997795496373611,0.0,0.002846131824309797,0.013451893417324874,0.0,0.004015193816496427,0.0007461082687945359,0.0,0.0008460618478726567,0.0,0.007368644780009038,0.04206104359564248,0.057050678803362245,0.0018444739815175956,0.0,0.0010981592715694677,0.0,1.0,0.011028995570648622,0.06826597547047226,0.09524668751868193,0.9683976900501542,1.0,0.0,0.030270287693450318,0.05809563620597194,0.004193105480539769,0.009575816904972416,0.0,0.0014418749239753525,normal,0.0076226445297133275,0.9998516576948057,0.002188096661993294,0.0052548596163691265,0.0,0.00715025833860991,0.0,0.0,0.0,0.0,0.0,0.0,0.004562209239228887,0.016081301600497255,0.010968326496098189,0.017961172942760475,0.0,0.0,0.008709378625072232,0.0,0.004307377325414037,0.0,0.0021114291063616003,0.0,0.003028087103482758,0.0,0.004336332482623195,1.0,0.0,0.010868371203742852,0.0,0.0,0.0,0.0,0.001600728940159927,0.0,0.0,0.0,0.0,0.00948435629912619,0.0,0.0,0.010653242419878597,0.0,0.009148504716562226,0.0007291031745093525,0.0014846104931674783,0.002898424271785478,0.0,0.01690757520760405,0.0016735773386190094,0.0,0.0,0.0,0.0,0.0,0.0126519845338239,0.0,0.007032051970822686,0.0,0.0,0.020404664277984593,0.0,0.004748135669349959,0.013491753654060539,0.0,0.0,0.010941601008514082,0.0,0.0,0.0,0.004189813065637374,0.00375275391309034,0.013135008110200394,0.0,0.0028345584124508357,0.0,0.002367651007429901,0.0,0.0025931309006093656,0.01331703873058024,0.0,1.0,0.0033173467543405125,0,normal,Normal
0.0004971059826976974,0.0,0.005869300693480012,0.0,0.01139864223896722,0.011299851716205043,0.013712674466479842,0.0,0.007030675504346629,0.0,0.0,0.008187661635636057,0.0,0.0,0.003913960342023463,0.0,0.006186383704020142,0.0,0.006465190808334468,1.0,0.0,0.18086215095709351,0.005902879526529501,0.833872783174264,1.0,0.018329343010667062,1.0,0.0,0.9908022902724729,0.010363370607412537,0.0,0.9363433957935627,0.0,0.0052325280600748585,0.14799308236983352,0.002819140866937968,0.8370277125476043,1.0,satan,0.0,0.9947440217754978,0.0028044671972982994,0.0,0.0016574171656610452,0.0,0.004687234414201195,0.0,0.0,0.0,0.0023808690603176435,0.0,0.0,0.0,0.0,0.0009755676681700323,0.008032840414452135,0.0,0.010848101089512657,0.0,0.0,0.0,0.001081998310269247,0.013611821857358868,0.003873182364356904,0.014087003181598173,0.002987779652989097,0.0,0.0,3.2359871763560475e-05,0.0,0.0,0.0,0.0,0.014644975664166646,0.008103508097986099,0.0,0.0005244689560825382,0.0,0.0,0.0,0.0,0.0,0.0,0.018721990781555342,0.011354631183424618,0.002162847464866658,1.0,0.004243010770096834,0.004356999510558819,0.018536703650851968,0.004696896891143226,0.004317047296815105,0.0,0.0,0.0,0.0,0.0,0.0,0.0020917811370016314,0.0,0.014188359419004176,0.0015216487192386639,0.0,0.0,0.0,0.009651157665746394,0.005118796416120171,0.0,0.011275843355539068,0.0,0.0,0.006363613243065251,0.0,0.9960536816415211,0.0,0.0,0.0,0.0,0.00047621951193276327,0.01840455190508151,0.010070639724918212,0.006886926730738089,0.0,1,satan,Probe
0.00985065182146192,0.02147267067724452,0.01217364197937233,0.0,0.0,0.0,0.0,0.0,1.0,0.0042378664857477604,0.003970639246085042,0.011192712649492542,0.013047104758361086,0.0035700651735099333,0.0,0.012767849227218917,0.0,0.0,0.009023236426425748,0.0032990336407542403,0.011181272700341274,0.014828527397256657,0.008073166391816258,0.004638929097142498,0.0,0.9860600317947971,0.016794556371407546,0.0020395353333346675,0.3969275659545895,0.7334830173729526,0.9995367873278447,0.009292707374093613,0.013266594791535642,0.02774236371508432,0.021253388294187943,0.0008097995805714152,0.0,0.0,normal,0.0011157790092176682,0.9832932050637996,0.0,0.0004783820286733216,0.0,0.0012391939888465138,0.0,0.0,0.0,0.0,0.0,0.0,0.0,0.0,0.02263329759206314,0.005000523440316709,0.001607715089862034,0.0034924916373996057,0.0,0.02319432375891909,0.0026965345142049425,0.0,0.0,0.0,0.0,0.0,0.0076631885101784945,1.0,0.0,0.0,0.0,0.0,0.0,0.004137697902038839,0.012020058619867562,0.00467955034245105,0.009782864575740425,0.0,0.0,0.0,0.01700578266804822,0.0027693680662314187,0.011960369370034677,0.0,0.0,0.011343110064931328,0.004821607056360457,0.0029038355927110343,0.0,0.008021999197243205,0.007557508995638018,0.0,0.0,0.011742200179642268,0.0,0.007741970190331424,0.0,0.0,0.0,0.004698753957197085,0.0,0.01372339679655992,0.0,0.011899606435544604,0.004537150217621226,0.0,0.00443725200936938,0.009709893802156257,0.001869477781209365,0.013674092496690174,0.012450036281479743,0.0,0.008217396743324763,0.0,0.0,0.0,0.01427337245337799,0.0,0.005006084918716639,0.0020963160761729004,0.0013136996568654552,0.0,0.9980111062884819,0.008193417105994603,0,normal,Normal
0.004556282151738323,0.0,0.010275966817215607,0.008804245453514718,0.005840562796759117,0.013250909291660746,0.0,0.0,0.0,0.002891995727793012,0.0,0.008475337910437995,0.0,0.014661388070846753,0.0,0.0060494678837508245,0.014406555626622615,0.014969994249801182,0.0,0.36689160993866,0.030930570546357172,0.9961587074628169,0.9830684237921057,0.004398618183517621,0.005230007831803244,0.08831440480032879,0.1006767010054245,0.01896940356192024,0.9960842317800802,0.055252389530111135,0.06728826451336489,0.08983718658274559,0.0,0.0,0.9799530441163928,0.9870339404856622,0.0,0.0,neptune,0.0,0.9961722544001154,0.008237029868548509,0.008287569231170801,0.0015318940503100697,0.0,0.007554603593504282,0.01720581326448802,0.0,0.0,0.0038363272883048067,0.0,0.011311113968851238,0.0,0.0,0.0,0.0,0.003598304342772951,0.014731445683789222,0.01621727138165304,0.009903485362609637,0.01439652335575677,0.0,0.002678666031501179,0.0,0.004349342511147745,0.0,0.0035928146675826417,0.0,0.011539235886882371,0.005126773025357775,0.018984761994565825,0.002699868206487373,0.0,0.0,0.0,0.005253713373323843,0.0,0.01419753020355513,0.0048337883651359955,0.0,0.0,0.0,0.9965127989837335,0.0,0.0,0.0,0.01286944848961644,0.0,0.0,0.007082690830403201,0.0,0.0,0.0026042319595530905,0.0,0.011937043191674093,0.006603590314319401,0.0,0.009860336321746543,0.0,0.004858022648656619,0.0033120678214257665,0.0,0.018745661627090897,0.00495429712045964,0.0,5.9355982995515854e-05,0.0,0.004903016366295974,0.0,0.0,0.0,0.0,0.0,0.0,0.0,0.016232007756721515,0.002650009774017961,1.0,0.0055708909349467825,0.01113483691409439,0.0,0.0,0.0,1,neptune,DoS
0.0,0.0030488283823132812,0.0,0.0027362225389487072,0.007175833512785714,0.0022903912682007087,0.0,0.0090607621577814,0.9949876438781377,0.0,0.0,0.010300942299088059,0.0,0.0,0.0015703373378715012,0.0,0.007708845590050398,0.0,0.0,0.03247431618425238,0.04248496920640243,0.002655881407999179,0.0021413305528987354,0.0,0.0,1.0,0.0,0.01690917816430673,0.21732188228880425,0.9386852181960439,0.998281096414432,0.0,0.004877901984646412,0.05078983508747734,0.0,0.0038739331034232678,0.009004441286094414,0.000552951348122101,normal,0.0,0.9948636144836313,0.0,0.011186509702882963,0.0,0.0,0.0,0.002032400923956775,0.009027232265264544,0.004931761918471614,0.0,0.01318910402837443,0.0,0.0,0.0,0.0,0.0,0.0,0.003479234349701589,0.0,0.0,0.014347873838499108,0.0077461252674844204,0.0,0.013396054401855347,0.0,0.005873549559994894,1.0,0.00294787973603966,0.0006768883027798623,0.0,0.016302199425502772,0.004718868196059643,0.0,0.0,0.011973304772641304,8.665032190467617e-05,0.0,0.015025394530672196,0.0,0.0,0.0,0.007052237455521517,0.0,0.006090142560855088,0.0,0.0038898497589980987,0.0,0.008769358888593091,0.0,0.0,0.012264985022230793,0.0,0.005887485177747845,0.0,0.0,0.012478229775031872,0.00011412252178796576,0.008376440963861668,0.0,0.002721479297807375,0.0,0.0056929847278490075,0.005957777801622809,0.0,0.0,0.0,0.01562669180981754,0.0,0.0038750854347438983,0.011731425071338184,0.0,0.0,0.009573536437793486,0.008420722569191257,0.0,0.0,0.0,0.0,0.0,0.02066211154401896,0.0,1.0,0.0,0,normal,Normal
0.003018619843672662,0.0,0.004661550469987711,0.0,0.0,0.011637295050290233,0.0,0.004722227623553359,0.0065029209919399535,0.0,0.01412435032285502,0.007879805842168427,0.0,0.005032003730065556,0.0006743837483984114,0.00029317698999795224,0.02065741618855621,0.011580418459608955,0.008837242999880953,0.008945752361592476,0.014444416879615896,0.9978678800942142,1.0,0.0,0.0,0.9919701293938363,0.0,7.319744510665367e-05,0.9907247476943032,0.39800527517933165,0.3845266660529308,0.5458586156902466,0.0,0.0,0.27646000911451946,0.7474648881359588,0.5482998458382066,0.0,processtable,0.0,0.9966819093912117,0.014859771266614759,0.0,0.0,0.0,0.020492181613757206,0.015486605518831473,0.0,0.0,0.007339216264897006,0.0,0.0010508478064887956,0.0032699431780019413,0.0,0.0,0.006215690561019541,0.0,0.0,0.0,0.0,0.026576165325702183,0.010144462433797241,0.0,0.01586936472106258,0.0,0.0,0.0,0.0007360689214339502,0.0,0.0,0.011390799151986897,0.015607500656496194,0.0,0.0,0.0,0.0,0.004017130082373499,0.006986939659353323,0.009925325438070096,0.008900492667790477,0.0,0.0009739363913875102,0.0042767825849383155,0.011285670861443277,0.001805606522781471,0.009640306953381628,0.0,0.0,0.0,0.007321003871966626,0.0,0.0,0.002327214407868506,0.010591435203922084,0.010226877615666596,0.0028859685921456472,0.023346920574335763,0.008229149635197627,0.0,0.0,0.0,0.0,0.9954237192947949,0.005615832552129701,0.01911900955286914,0.0,0.0028394779564941677,0.0,0.0,0.0,0.004439778454916724,0.0,0.0,0.0,0.004883895051386244,0.0061818267837661514,0.0,0.0,0.0,0.01617446280341744,1.0,0.0,0.010780729996202602,1,processtable,DoS
0.0,0.0,0.0,0.0,0.003391170370367385,0.0,0.0,0.0,0.033582861765247114,0.0,0.0,0.0,0.0,0.0,0.0,0.0,0.013370506936261429,0.011487902781119656,0.015831829486175147,0.4001393297972684,0.02944114416359165,0.009675539071907645,0.0010492514826843506,1.0,0.9963015743037535,0.02672129804002285,0.06559118758697746,0.01724042714624923,1.0,0.023385266355072674,0.022348862059193092,0.03741766781153716,0.014197788763763477,0.0,0.012136481545710143,0.0,1.0,0.9993107030598771,neptune,0.006118745984195447,1.0,0.0,0.0,0.002755939974635932,0.0,0.0,0.0,0.0,0.0,0.0025191259315495295,0.0,0.0,0.0,0.005479737093613943,0.0,0.0,0.010107487213146304,0.008505378653237248,0.0019576216497516927,0.0,0.004922536748602084,0.0,0.0004736872895696566,0.008889371899007268,0.006606533233747086,0.0068787868659327435,6.36821350484873e-05,0.0011097542477667259,0.00020012159601622822,0.007823219817283835,0.004010945629316638,0.0037608056224318195,0.016804235639264947,0.0,0.0,0.0003222731330498983,0.0,0.0013472968429796043,0.0,0.0030762185862573143,0.0,0.001194432504730452,0.0,0.0,0.0039492192492414395,0.0,0.0,0.0,0.005332865966082932,0.010557200458777165,0.0,1.0,0.0,0.009136490274493899,0.019230655906019096,0.0,0.008507088253407845,0.0,0.004598831120907296,0.005376076208708286,0.0,0.0,0.0,0.0,0.014307562141000119,0.005624947762582933,0.009137918006713344,0.01045566117111464,0.0,0.0014051611365370365,0.0,0.0,0.0,0.9897766052415659,0.007154181522736289,0.0,0.0,0.0,0.007978993073252059,0.0,0.0,0.0,0.029334350017827717,1,neptune,DoS
0.012968403574794818,0.0,0.011601120145523634,0.0,0.016271856466139142,0.021585573867011352,0.0,0.008063546108280176,0.0,0.0,0.0,0.008587149534470592,0.0,0.0,0.024963725934452077,0.00012890822107754086,0.0,0.012480945967550599,0.0,0.19177426124709504,0.1870781234349815,0.004772360052758247,0.00675922266050155,0.0,0.0,1.0,0.0021202615614540235,0.0036338508688828846,0.9977355997037801,1.0,1.0,0.018839144498201257,1.0,0.0027389573270019192,0.0,0.0,0.0160253634324159,0.01123599981298409,smurf,0.9874481932411914,0.0,0.0016994085343816183,0.0,0.004823065161604708,0.003764314305331854,0.011308751151346486,0.005577877061393038,0.010141921720573877,0.0,0.004422481944994997,0.003109749909340818,0.004200853780741432,0.007613974954040075,0.0,0.0,0.010312590073104307,0.007320161165842323,0.9874786211964254,0.0,0.0,0.0,0.001001913213453124,0.0,0.005966038840160352,0.00505404398984736,0.0,0.0,0.0,0.0,0.0,0.0,0.022516211431147296,0.008516122673075983,0.0010629249991092958,0.007119325851460196,0.0,0.034823528125918164,0.0,0.017799340392014543,0.0,0.006199667953666336,0.012128845154184935,0.0010910284406441407,0.0244864059293612,0.0,0.0019761378428974166,0.010320521200780372,0.0,0.0,0.018942634980917562,0.004401351294277627,0.004011889792939361,0.009198827518612198,0.0,0.003135118807220302,0.0,0.0,0.0060495027000392635,0.0269335193154413,0.0,0.006198689545273174,0.0011774314789441884,0.006670350777049672,0.0,0.0033148238843175343,0.0,0.0,0.0,0.0,0.0,0.0,0.005160783045817933,0.01905385664840844,0.0028917095216797347,0.013496441015814884,0.0,0.0,0.0,0.0,0.0,0.0,1.0,0.0007270293983282307,1,smurf,DoS
0.012021323659268817,0.0017988285725063047,0.017060784417050376,0.0,0.003582027644214388,0.0,0.0,0.002810179518571656,0.0056365114948792525,0.017805848983217378,0.0003724700945197035,0.0,0.0,0.0009019918221279804,0.0,0.016861166978041985,0.014524962219695532,0.0,0.0,0.5784759660040064,0.012857766359691117,0.007442875424496363,0.014907478536170693,0.9929720574901236,1.0,0.018659224348984538,0.06771279713957944,0.0,1.0,0.036913225967036535,0.024433256151877712,0.06636060661389502,0.004212618946260722,0.0,0.01122298127377838,0.0025834545962329625,0.9843668150713917,1.0,neptune,0.010375792419579168,0.9817752980464944,0.00185051656293385,0.013171493304639511,0.0036446797169696443,0.0,0.0,0.0018710351600534389,0.0,0.012795061756783441,0.0,0.0036210465166661493,0.005886873705346264,0.004589613459264429,0.020400773651607692,0.0,0.006939107145385751,0.0,0.0,0.0,0.0099860330890522,0.0,0.0,0.0,0.014932270177388619,0.009228505333186723,0.009535629563607562,0.005779234501336298,0.009999528315118557,0.0,0.0,0.01032388886388787,0.011689857050118215,0.0,0.005303271797534508,0.001271540440459092,0.011204862893840319,0.0016766680461576969,0.0003187555728089654,0.008786119906499386,0.0,0.0,0.0,0.00620711970967714,0.0,0.0008177886950299525,0.0,0.012000033093714446,0.008621340167344414,0.0,0.0,0.0,0.9877206463242328,0.012269061034923319,0.002883505142127618,0.0033286703616436774,0.00571382149874797,0.0,0.008418834746166321,0.00636098535219755,0.017081849248766975,0.01379778850991451,0.0,0.0,0.0,0.007987935440549985,0.00827440785230804,0.00590663489985744,0.0,0.0003066760302686626,0.0012863751874075805,0.0070310495649937785,0.012784180904715328,0.006804393352725771,0.9881164541531673,0.0,0.0035643884699966804,0.006087676083250132,0.0,0.0,0.003610381426631546,0.011628869996049345,0.0064892297165292665,0.008121539274250668,1,neptune,DoS
0.00021753263976967356,0.0,0.0,0.007112154443149575,0.0013112157441074633,0.0020710144064401657,0.0,0.007097192060350384,0.015052032355969415,0.010249853414023957,0.0,0.0,0.013132626864076395,0.0,0.0,0.0018589499626453373,0.0,0.012445574603881532,0.004348499276780821,0.02876868574015964,0.03376287630821109,0.003351322398867238,0.0,0.0009208771173543245,0.009642914389706297,0.9986960111516352,0.0,0.019367707047765473,1.0,0.08738009030260888,0.09107822210581379,0.023749544724805383,0.09233791614587822,0.0,0.0,0.0,0.001123280139740307,0.0027346310046990423,normal,0.0,1.0,0.0,0.00024899063957022424,0.013464414524754607,0.014270232830361223,0.016069577784034023,0.0,0.013454303913326382,0.0,0.004291532810870999,0.00516004497305601,0.0,0.0,0.0,0.015718409929921084,0.0,0.0034195894855048987,0.0,0.011170895376478819,0.005104040954289293,0.0,0.005422677746946555,0.9946596729075059,0.00642437658125918,0.0,0.002804038265882882,0.0,0.02790985855413793,0.015075461716388874,0.0009238875898979512,0.0,0.0,0.007491411728051684,0.0044525371296051846,0.0,0.013580216587945709,0.020686820558532566,0.0,0.0,0.0,0.0,0.015286361115624853,0.0,0.0,0.0,0.010544923168901628,0.011577056847098309,0.0,0.0,0.007961551016169686,0.017401425091193738,0.002630955174121914,0.011479188551685929,0.004074805516782466,0.010524880902032758,0.0,0.008719710349513498,0.0,0.0,0.0,0.0,0.009744177326195334,0.0,0.0,0.01339793713936059,0.02814791817964195,0.0,0.0036033897266141215,0.018801511477026113,0.0071611052237968075,0.0,0.0,0.01675112079810352,0.017144978833754515,0.0,0.002748328065174464,0.00037105912399672806,0.0031599897369338783,0.0002220256778524891,0.0,0.004380425517510895,1.0,0.014396262641361065,0,normal,Normal
0.0076029049029285554,0.0,0.0,0.0019380204270091617,0.004700750225531778,0.0,0.0,0.0,1.0,0.012785551119167028,0.0007223905317585684,0.0006637913672662437,0.0,0.0,0.010554329818903722,0.02152885797846779,0.0,0.0,0.0,0.02904927997474736,0.04102860231978494,0.0,0.004231259056568232,0.0,0.017328670809545938,1.0,0.0,0.13441577804451052,0.03157562942218958,0.9880048588991255,1.0,0.0,0.08479445092349377,0.03270241493456153,0.0,0.0,0.0,0.0,normal,0.0,1.0,0.005766771635364359,0.0,0.005009019724557616,0.0,0.0,0.005410995761255977,0.015527829785667363,0.0,0.016760754442683483,0.0022400037901854136,0.00010118381719228943,0.0015952156375933304,0.0,0.0,0.003962347950498081,0.0,0.0,0.0,0.0,0.0,0.006029473992512921,0.0,0.0,0.008005960859450307,0.0036717221804971074,1.0,0.0033163986798317013,0.0,0.0,0.009552476888605901,0.0036117493679415492,0.005226418475449148,0.0,0.0038908655726450935,0.008076791181841528,0.003433541230585481,0.0,0.007068462247829178,0.0014787274263673234,0.0,0.007496964934898757,0.025856443789186338,0.010584532953207047,0.003949562226647864,0.0,0.0,0.0,0.011459943260208676,0.0043969874259914025,0.00015744322466527426,0.006203565017615383,0.0,0.008512236500872574,0.0,3.25515916336102e-05,0.0,0.0,0.0,0.0,0.0,0.0,0.0,0.0,0.0,0.0,0.009956704957667132,0.004739849038144942,0.0020086791342771664,0.008018357073718344,0.004410548034253987,0.0,0.0,0.005965489259415289,0.004543306953274697,0.0,0.015134800388290657,0.0,0.0,0.0,0.0,1.0,0.0,0,normal,Normal
0.0,0.002962737825083717,0.0033871427127914427,0.0034451503476643323,0.010910888550821387,0.0,0.0018300832236593442,0.0,0.0007003390148791042,0.0,0.0,0.0,0.0,0.0,0.009776616617528048,0.012650181111141261,0.00019083642672020664,0.0,0.00683486099573431,0.0,0.011729694439658461,0.0,0.0022523304950007924,0.011038714409815763,0.0,0.991867780615858,0.0008078305216091328,0.012280384883689335,0.028022547088368627,0.0055204526324270165,0.13928809040769446,0.4405257585309044,0.1402283207230602,0.015514833819968234,0.011977391015716694,0.0,0.0,0.0,normal,0.0,0.9904812438404572,0.008402429300714968,0.018537156427669035,0.0,0.0,0.0,0.0,0.01748701841141331,0.004960225418207539,0.0,0.0,0.0,0.007394357322033058,0.0,0.0,0.0,0.0025878357412640143,0.0,0.0042074414523668915,0.007778378001763191,0.9817165216470556,0.0,0.0,0.0,0.005062823202304314,0.0019044532740154399,0.0038454670357673092,0.0,0.0,0.0,0.010968386803524797,0.0,0.013988473782701101,0.0,0.0,0.0,0.0024543122754665404,0.0141543389659152,0.008682263536384903,0.019783737742396185,0.0,0.0,0.0,0.0,0.007171645231182902,0.0,0.011192398069404952,0.0,0.0026366101970216604,0.004187727378576733,0.0,0.012400464638259872,0.008813657309199453,0.0,0.00044524379638450685,0.001143220020706914,0.000856625160889698,0.0,0.0,0.0,0.0,0.007500906767829678,0.008969177260148302,0.00411620203701111,0.0,0.0,0.002447318856198782,0.003611756563191477,0.0,0.005337279221844127,0.012831465734513079,0.0,0.0,0.001232857868830787,0.0,0.0041241476387786505,0.0,0.013184433489275898,0.0,0.0,0.0017755361343739593,1.0,0.008117101783584735,0,normal,Normal
0.0043493094222846985,0.0,0.0,0.00021937888600168074,0.0,0.0,0.0,0.0,1.0,0.006613176501087302,0.0015989297087200267,0.029647087238366395,0.0,0.0,0.005623742978830602,0.0,0.0050046829817917814,0.008372772401053165,0.0,0.0843541077721601,0.05687408213405809,0.0,0.005282091414808907,0.014335306778896136,0.001201277331971685,1.0,0.0,0.003470835527540262,0.5891127535515127,1.0,1.0,0.01088348728484235,0.004805535035600764,0.02060321180242556,0.013977140795254197,0.0,0.00824591743606886,0.0,normal,0.0,0.9897641816933288,0.011609732858351198,0.0,0.015055559217947994,0.016628152463385868,0.005327821217904892,0.0,0.0,0.0,0.0,0.010365266583610946,0.0,0.01928501992106314,0.003107842640484915,0.0,0.013631058262465261,0.0032109157761630327,0.0,0.0,0.006309451107348801,0.0036134278950852097,0.0011677214985600327,0.0,0.0,0.012633233234813896,0.0,0.9936296482556036,0.009274487224234485,0.0037285991445587226,0.006394417886289896,0.0,0.0,0.010961227379257593,0.0,0.003288646811696604,0.008866252048023408,0.0,0.002927066982542268,0.001328423367893053,0.0,0.0045838993262768656,0.01631408832561336,0.0,0.0,0.0,0.0,0.0,0.01013057511280791,0.0,0.0,0.0,0.0,0.0,0.0,0.0,0.005610191278505753,0.011218896114376,0.0,0.0007291826439201657,0.013032541002688502,0.0012361065071460646,0.0,0.0022839786228261985,0.002490257817198071,0.003982156240285028,0.014355360875649545,0.0,0.007459495647806258,0.010948293740950008,0.008881591971130913,0.0,0.0,0.0,0.0,0.009548108181580266,0.0,0.007194131863225708,0.0,0.0,0.004138916789533705,0.0,1.0,0.004507210189942525,0,normal,Normal
0.0,0.0,0.02204888277159697,0.0,0.0,0.006626322135833192,0.0,0.0,0.0,0.0,0.016438491527511142,0.0,0.0005651996801274557,0.012878112769857624,0.0,0.0,0.0,0.0,0.0,0.0,0.010220168750836168,0.006847982770634547,0.0,0.0,0.005816246376082395,1.0,0.0,0.013263605796194795,0.026502811737717128,0.0,0.3283895506743438,0.5116913979686211,0.15079836104503982,0.0,0.0,0.009469107434272548,0.32481889087179444,0.003587652238617531,named,0.0,0.9839513977756155,0.0,0.020403074074563873,0.006308742742342969,0.005044277730660257,0.01650281013288022,0.002351740671335672,0.0,0.012799235946513526,0.0,0.002025963576862994,0.0,0.0,0.0,0.0,0.00045578089406259867,0.003131771188709365,0.004393305542852347,0.0,0.004603323592752868,0.011355797045088016,0.0,0.0,0.0,0.0,0.010190969478336007,0.0,0.0,0.004542578222462817,0.0,0.009235171185621546,0.0,0.00724279501156408,0.0,0.0,0.0,0.0,0.00035086148969738974,0.0,0.0,0.0009161432477043853,0.00325105961545849,0.002152050239879908,0.007374047775885952,0.0,0.0,0.9993997799360449,0.0,0.0036623708279733785,0.008015299785232912,0.009787361770727502,0.01901882284444167,0.014440952758227652,0.013374467418912368,0.0,0.012129075807029956,0.0,0.0,0.0,0.0,0.002071379722511985,0.015471314071654781,0.0012823105170745805,0.0,0.0,0.0,0.0,0.0,0.0019428735043066883,0.004126072290555643,0.014825426256090181,0.0,0.0,0.0047533067647739045,0.011225260105225818,0.0011383834836773876,0.015768537171990418,0.0,0.0027780312274241986,0.0,0.0,1.0,0.0,1,named,R2L
0.006548755455093919,0.01908493790355302,0.00654574462991863,0.010565596656130424,0.0,0.020705191300320606,0.0,0.011709827269734074,0.009966724785608453,0.0,0.0,0.0,0.0,0.01198875549519767,0.018260842354558566,0.004426199944079702,0.0,0.006714850445212709,0.0011924346936133927,0.0,0.009258924722401066,0.0,0.01017608340688127,0.9855745222708368,1.0,0.48622999455247573,1.0,1.0,1.0,0.22026241508339092,0.22892166181756204,0.012126403900960946,0.0,0.007913988344883233,0.0,0.0022003941903286067,0.811108239600516,0.9993618058171616,mscan,0.025207537436449413,1.0,0.0019872239993733672,0.0,0.0,0.009717072887646849,0.0023840987969722316,0.0,0.0,0.0,0.0,0.0,0.022301946756204307,0.0006776212255719108,0.0009703079129756816,0.010232699007945123,0.004600694193539154,0.014870304439728721,0.0,0.0,0.002750345425949939,0.0,0.0,0.0,0.0,0.006374043072855476,0.0,0.0021367157242369967,0.0,0.0,0.0,0.9972652144485759,0.012632130654154347,0.0,0.003509147846650741,0.014237048770478442,0.0,0.0,0.0022643603483532577,0.00012507289183968722,0.001597889027712496,0.0009722803881029514,0.0,0.008381947900888006,0.014324021575658484,0.014280385133104628,0.0074832261481666915,0.007645512355412318,0.02115056667176507,0.010407134863556839,0.0015078539089140822,0.0,0.003288886526740139,0.0029496646079630396,0.0010714323270499715,0.0,0.0029544395259167005,0.005943939689170118,0.005701376341219572,0.0001401843388341434,0.0,0.0,0.000782799380034118,0.0,0.002230866094464462,0.004330979912127118,0.0,0.0008031835143815696,0.018635198574895775,4.732224289016916e-05,0.0,0.008968557320362409,0.0,0.0032218353492052087,0.0,0.9986520478563357,0.0,0.0,0.0,0.0,0.007581006809933947,0.0,0.012422847260416205,0.0003794630917890372,1,mscan,Probe
0.017458297114649846,0.00821856086814812,0.0,0.004524952794179389,0.0013338496118304797,0.0,0.019077688421633494,0.019872178210700583,0.013540956825868934,0.008320325819862579,0.0,0.0024086264130085654,0.0,0.008337536389043318,0.014389301911052164,0.0,0.0,0.000335324698368234,0.009672565405319562,0.18634456641922076,0.019860891743793248,0.0,0.0,0.996907226464863,1.0,0.0703015289775171,0.07107973710376057,0.012005162868869419,1.0,0.030148705991937263,0.01564764461861081,0.04605776670816901,0.008190079990458702,0.0,0.0058923503182714675,0.0,1.0,1.0,neptune,0.0,1.0,0.0,0.0,0.00417003874253372,0.010348974471421222,0.0,0.01081658218429156,0.0,0.990987042265341,0.00616839313364673,0.0,0.006617290191730292,0.0,0.0,0.0,0.00800407691248402,0.0,0.005629310788574001,0.0,0.027304866421926192,0.0,0.0,0.0,0.0,0.0067437077032243675,0.001355644022851749,0.0,0.0,0.002606849860450775,0.011425378453992623,0.0,0.013129384739032381,0.0,0.003278187536125041,0.0,0.0,0.009419244573582106,0.005118926063532035,0.0,0.0,0.0053378064858483456,0.0001682402379648255,0.0,0.0,0.0026362319390163774,0.003938565310505988,0.0,0.0,0.0,0.002179487794365044,0.0009236480906560918,0.010057585802057399,0.0,0.0,0.0,0.0,0.0,0.0,0.0,0.0,0.0,0.0,0.008209956510498473,0.013951822934376048,0.0,0.022798661406337746,0.011176793960130767,0.0,0.0,0.017150580952747043,0.0,0.0,0.0,1.0,0.0,0.0,0.004342073779791279,0.004634481963825487,0.012239291468384131,0.0,0.00034116176315551,0.0041269245652962505,0.0033598885098940373,1,neptune,DoS
0.013769031567352522,0.000378115557985292,0.025055196062221813,0.0014058361038706247,0.0,0.015625412550714646,0.0,0.0,0.009555964011827128,0.0,0.0028225394043306464,0.0079888005345689,0.007636138086595173,0.0,0.0,0.0,0.0,0.009632984551409063,0.020651834230244394,0.0105891573233923,0.007513646145996146,0.012493498008707726,0.008179113586156465,0.0,0.0,0.9872191358074476,0.007287653908581331,0.006240695028510719,0.9031501901695692,0.87919511673387,0.892863715007918,0.024874868808525727,0.894426433008298,0.0034398971914925518,0.01888038273951458,0.0043464674404667,0.05254330959069951,0.0,normal,0.0,0.0,1.0,0.0,0.0,0.005392536230820107,0.0004560286535123612,0.0,0.0,0.013397149360123857,0.0,0.010359757402003227,0.006585441474585404,0.005645882229780748,0.016399589836646803,1.0,0.0,0.008221797769485072,0.0008903134001878225,0.0,0.0,0.0,0.003367878572809235,0.020534388786996264,0.0,0.0,0.0,0.006695876510655106,0.0,0.002316965736418543,0.007875219289025896,0.0013676412746759957,0.0,0.0,0.011144146251392303,0.0,0.004726387482543302,0.0,0.004671199902438975,0.0,0.0,0.001752759565969718,0.00787091470759488,0.00650089630340856,0.02182696702388244,0.0,0.0,0.0120724614488272,0.0019198955083108498,0.0010543275416463928,0.0,0.022523160232790863,0.011268819227039942,0.018471608161200352,0.005803185726069641,0.001297884240709525,0.0,0.0038793633623997186,0.008125692976933455,0.001270829789480341,0.0006426964259529628,0.0,0.015162568704999092,0.0,0.0,0.0092364886446288,0.0,0.0,0.0,0.0,0.013871713811933263,0.010553540791799206,0.0,0.0,0.00881632695619849,0.0,0.0,0.003175804942562899,0.0,0.005309932890878084,0.00297165551629053,0.005437987049764137,0.9981173833822554,2.9957794747758744e-05,0,normal,Normal
0.00898673174699516,0.0,0.0,0.007174885833069842,0.0,0.0023794163989995375,0.0,0.015765373170165388,1.0,0.008562434988450622,0.008813074135834665,0.004503889083693007,0.010430840299015974,0.007699479796026306,0.003346293849047973,0.008204838159444904,0.008067017782894093,0.007876734555158933,0.0,0.027157435649457856,0.027617310919172057,0.0,0.01294705550260392,0.0016863540532197,0.0,1.0,0.0,0.24947058199624408,1.0,1.0,1.0,0.0,0.0034157123194036025,0.006223034215299841,0.009251534535306246,0.011291014734878582,0.0037831286727179276,0.0,normal,0.0,1.0,0.00798350402566562,0.0,0.010146555878706368,0.0,0.0,0.0,0.006439793560287027,0.006068466497573295,0.010990762640260662,0.0,0.0,0.0,0.0,0.0009576542018632718,0.005073845116536079,0.0028070432920594512,0.0,0.0,0.0,0.0043672193750723615,0.0036372000754242035,0.0020556185006386984,0.00104779056757385,0.0,0.013281979327684119,1.0,0.0,0.0,0.0,0.0,0.005028346494455237,0.0010735541500345178,0.00888837405008823,0.009692132576064992,0.0,0.0,0.0042998170654787796,0.0017002583374083485,0.0,0.0,0.021141532133463776,0.019560126402267796,0.019939085205498572,0.0017183792643400992,0.0,0.013321599008438809,0.00866574645037047,0.016800649400509057,0.0,0.009400585776777923,0.009699283462952403,0.0,0.0019098682653801563,0.0,0.013488908500981073,0.0,0.0,0.005015868596179817,0.0,0.0,0.016433916676811388,0.02465629519573994,0.0,0.0,0.0,0.0,0.0007299484207892299,0.0,0.006549915457166737,0.0046893720579890335,0.006830849781058341,0.0,0.0,0.0,0.0,0.013410727844967453,0.0,0.0,0.015956229142533605,0.0071094547289975284,0.9897865482160104,0.0,0,normal,Normal
0.0,0.0,0.0,0.0,0.011598260777023202,0.017301763224190643,0.005597057929363134,0.0,0.006503794636689091,0.0,0.01066141970361635,0.0,0.0035119951399964905,0.00015335544129329155,0.0077028934268133595,0.008850574676611357,0.003209645015062977,0.0,0.013637067774636554,0.0,0.14508894845131884,0.015055046309094494,0.0031079848187235376,0.0,0.0,1.0,0.0,0.9848851243537478,0.005866141557331126,0.3283833534593559,0.9910234286282661,0.007723845264021767,1.0,0.2593422072818213,0.010201046296810132,0.00825301160752856,0.0,0.0,saint,0.9986015620504805,0.0,0.0,0.002362696071090855,0.0,0.0010951609726431698,0.013288930475253688,0.0,0.003570291424346497,0.0,0.0,0.0010056257612367228,0.0,0.011356195193164928,0.0,0.0,0.0031409134544832244,1.0,0.0,0.0,0.012168346945922101,0.0,0.0025131731556803792,0.005643049042982415,0.006394410563564915,0.0,0.0,0.006207945535293991,0.01246268146333854,0.0,0.000510801007429932,0.0,0.0,0.0,0.0,0.0,0.0,0.008543458530293327,0.017407126520781704,0.005424158426457037,0.0,0.009183089175323227,0.0,0.0,0.0019084086715664733,0.0,0.0,0.0,0.0,0.01531430329071119,0.0,0.0,0.002104145625203847,0.008363770763501149,0.010216789637573716,0.009829854352070755,0.0,0.0,0.0,0.007542901062341666,0.0012452731734615996,0.0007561879322312703,0.0,0.0,0.007894453812786558,0.003244066183008275,0.0,0.0,0.011214223733741258,0.007006801184809599,0.0,0.0,0.0,0.0,0.0,0.0,0.0,0.0,0.0,0.007141095062445209,0.0,0.0,0.9988054169282256,0.0,1,saint,Probe
0.002289045329771093,0.00045352408734984564,0.0,0.0,0.0,0.004085129515537266,0.0,0.0,0.0,0.0,0.018198217761628693,0.0034640966120637927,0.0016727001830858332,0.0,0.0,0.0017022987819381233,0.0,0.015011636633091381,0.0,0.2561999746129153,0.04719246735244149,0.017238796007979153,0.0,1.0,0.998937495502286,0.1195264168002955,0.06624401529417184,0.0,1.0,0.07931359347971657,0.07409131207821866,0.03390204932391316,0.0,0.004484144351949228,0.0,0.009294787848253026,0.9960672895441373,0.9955576759632563,neptune,0.0,1.0,0.0,0.0,0.0,0.0,0.0,0.0,0.0,0.012907562751847478,0.016409568917358907,0.0,0.009382389157289374,0.012554523382228486,0.004959645567737466,0.007488820631910452,0.0,0.008341743552854601,0.0,0.0,0.0,0.0,0.0,0.0,0.0,0.0,1.8299495794881386e-05,0.0,0.0,0.0,0.0,0.007234855366314276,0.0,0.0,0.0,0.0009358408978913607,0.0,0.0028852374549941024,0.0,0.024323474395700772,0.0,0.0,0.010989616854091984,0.014631985264875176,0.0,0.009188404852085077,0.0,0.0,0.010815101301820944,0.0048513606107139125,0.004671996650418938,0.017169375098473428,0.9935353976605623,0.0013405255183337077,0.0,0.0,0.013580898654888849,0.00020064883840634104,0.0,5.695975847116384e-05,0.0,0.0,0.011491871594173255,0.0,0.018447151694920276,0.006195554380315819,0.0,0.0021127568372789015,0.0004909608888829598,0.005879121102620181,0.0,0.0,0.0,0.0,1.0,0.01754517851992437,0.0,0.0,0.001924373335934221,0.0,0.0,0.02221094785658308,0.003857589256215599,0.0,1,neptune,DoS
0.0,0.020826172851726537,0.0,0.005020685737115319,0.01380352175275772,0.0011241842255205038,0.0018158647688921268,0.006027735332063367,1.0,0.010549977615612952,0.01606596469516529,0.003523482381836875,0.0,0.00527247546882114,0.018182273349247883,0.0,0.006680296599275682,0.0,0.0,0.05907277361783398,0.07183956994752864,0.0,0.00428910161088004,0.0,0.0,0.9921774884963375,0.01579622729863206,0.12001284457439206,0.997998914393021,1.0,0.9936416194316761,0.0,0.0,0.0,0.0,0.0,0.0016907095441156042,0.0,normal,0.0,1.0,0.0,0.0,0.0032578877622154957,0.0,0.003776208972732254,0.021973299646243286,0.002867335611671393,0.004670307960955746,0.010616067845638375,0.0,0.0,0.0,0.0,0.0,0.0,0.004549520578594121,0.0,0.0,0.004736181097977414,0.004439155384559689,0.0,0.0,0.015171629897572952,0.0,0.002144376934069768,1.0,0.004816819674011726,0.0,0.00838083219017438,0.0,0.0,0.0,0.0,0.0018438772330196247,0.0,0.0,0.0,0.0,0.0006725715793398421,0.0,0.02065145711452753,0.0024385217188962385,0.0,0.0,0.0,0.0,0.0036862721927939913,0.004325107201548043,0.016312235060856762,0.010008868842437638,0.0,0.0,0.0,0.021949580218018693,0.0023403772008078394,0.013769795397327611,0.0028813320651777446,0.007423196371759836,0.0,0.01487365211885601,0.0038518389063294223,0.0009136621325180279,0.0,0.008357551033602403,0.0,0.0008094285514984543,0.0,0.007800344770364346,0.004407201570431682,0.005878140597528061,0.0,0.004529945471455069,0.0,0.013417522341511754,0.0,0.004600627634618186,0.0,0.025362803766811937,0.0,0.015073929422143672,0.9966249584806733,0.0,0,normal,Normal
0.0,0.0,0.0,0.003461511822951356,0.0,0.0,0.015351052900281863,0.001865507784530431,0.002201673195050742,0.0,0.008310361498918763,0.0,0.016352567879444682,0.0,0.0,0.0011384908437678928,0.0023252300298858743,0.016367967398367385,0.0,0.2777239902927139,0.02298854347552077,1.0,0.9929607552805308,0.0,0.0,0.030964449460789252,0.0483508410212334,0.0,0.9864923703539222,0.009873007872288543,0.008783113454216616,0.06013435025093507,0.0,0.0,0.9883156600019721,0.9982926647035182,0.0033071428364118477,0.004278967244703273,neptune,0.002661007484324799,0.9946040642559443,0.0015276713566165253,0.009426465681146369,0.007813008138140048,0.0,0.0,0.0,0.0055527046436107145,0.0,0.00938464093022152,0.0,0.0,0.0,0.0,0.0,0.0,0.0,0.0,0.0,0.0,0.0,0.0006627513974480423,0.007460370878402997,0.0,0.0,0.0,0.003649860318769008,0.004174169083486882,0.008531927573130437,0.0,0.014430822376542267,0.0,0.0,1.0,0.0,0.010315758354652935,0.0,0.014733980887111966,0.0,0.0,0.0,0.009070934943470726,0.0,0.004729989301498198,0.0,0.0,0.0,0.002917821427950648,0.008935078555005622,0.0,0.002161772932204989,0.0,0.0,0.0,0.0,0.010876668218188614,0.0,0.0,0.0,0.013302729827487569,0.007157737948784471,0.0010074996754199468,0.0,0.0,0.0021450884775533457,0.006576818114750166,0.0,0.0,0.0,0.010150550221385769,0.0,0.0061754504377615135,0.004354253092347027,0.0,0.0,0.0,0.02193370422114691,1.0,0.0072199187784483315,0.00998694852423761,0.0,0.0,0.0011976220817847454,1,neptune,DoS
0.011043915548731588,0.0,0.00481980361341987,0.0,0.0,0.0,0.01065755118219168,0.0,0.9835711562537184,0.007466648370697438,0.0,0.0,0.0,0.0,0.0014615923239208665,0.0073651621147954975,0.009146642872356668,0.0,0.012604917414442775,0.002558181784738138,0.011412517242756793,0.003933857023948465,0.006192086794931237,0.0,0.0,1.0,0.0030650221489730784,0.010499022896373951,1.0,0.6233469151089494,0.6199677234191736,0.0048848176893507775,0.0,0.0,0.0,0.0,0.0,0.0,normal,0.004894657847434487,1.0,0.008597559592877412,0.007204652017315595,0.0,0.0,0.008173585230824154,0.0,0.01430567000571886,0.01136399906326087,0.0,0.0,0.001387539062376336,0.0,0.0017999366276820472,0.010846014827921299,0.01732443501555546,0.007654978073959117,0.0,0.0,0.007390810538527106,0.0,0.0053354586773274116,0.000867196827840568,0.0,0.007640102552761572,0.011290905155945965,0.01572307616553238,0.003958445891422821,0.0,0.019774062306355703,0.0,0.021627273828763265,0.0,0.0,0.0,0.0,0.00379754352354195,0.0,0.0,0.0,0.0,0.00528932452664324,0.0,0.010387505192735624,0.007711596081398231,0.015212545624517376,0.00027193461142997256,0.004030583320145311,0.012131267173969845,0.0,0.00637744939410799,0.0,0.0,0.005100356611778702,0.0075394552226048985,0.0,1.0,0.012570410268314448,0.0,0.005763590562509548,0.01831723407496746,0.0,0.0,0.0026677380479385366,0.014398600017550564,0.0,0.0,0.010618895946830331,0.0,0.0,0.0011290215651061748,0.0,0.0,0.0,0.0,0.0006931706538676147,0.0,0.0063597096925172075,0.01476810392206946,0.00679399762745917,0.004568003798251806,0.9994875348142435,0.0,0,normal,Normal
0.0010832100503163505,0.0,0.010118056684269842,0.004256263286519344,0.007584951867699188,0.0,0.0,0.0,0.9964717623798401,0.0,0.012123144823931214,0.0,0.01839344850509873,0.013944973646722687,0.0,0.0,0.0039782664792608596,0.0,0.0,0.01067484964833527,0.009905928441260467,0.0,0.0,0.0,0.013034645931486217,0.9799842447470128,0.0,0.009552305158792613,0.38148437831998405,1.0,1.0,0.005643712118288275,0.005312486630505454,0.010204205496427334,0.01387327397564301,0.0022208860124162625,0.00568682865496065,0.004675115667256401,normal,0.00823266810831341,0.9780438491809674,0.0023202649656781397,0.010386270022865907,0.0,0.0,0.0,0.0,0.0014264599509748986,0.0,0.0,0.0,0.0,0.014508238831081799,0.0021019771220471177,0.007874712608237171,0.0,0.007058022969250518,0.0,0.0,0.012132013363886057,0.008461743807291807,0.00191253788634775,0.0028182261808807163,0.0,0.0,0.0,0.9863948560791016,0.019257013440277554,0.0,0.013852378769723681,0.0,0.005688465464549803,0.0,0.0,0.005939881762698919,0.0,0.02063896204810516,0.0017823973837254284,0.0,0.008902097507638323,0.0,0.002072309439122059,0.0,0.006582237060033996,0.013447970249982975,0.0,0.010667795425268382,0.028105057332763264,0.0,0.0,0.0,0.0023870569414031874,0.011714519986500856,0.0,0.0,0.0,0.0,0.0,0.004085848706781828,0.0,0.0,0.0,0.0,0.0,0.004849014916440478,0.0,0.005661755691152482,0.019267073379152958,0.0,0.01944602247083428,0.0040445647842391975,0.0,0.0,0.007434988588413503,0.0,0.0,0.0,0.0,0.009894119888216037,0.0,0.0,1.0,0.0,0,normal,Normal
0.0,0.0020717574096349406,0.0,0.00954606425360759,0.009533583584680694,0.0014833767048596964,0.0,0.0,0.009655366422851188,0.005764297298865058,0.014419742265800273,0.0,0.0,0.01313304052483094,0.009299936048023639,0.0,0.003024007800768127,0.0056490331424809805,0.0,0.023686106112026033,0.005090508019531646,0.0,0.0,1.0,1.0,0.25446399434163647,0.26138345606777413,0.009772464253892332,1.0,0.24687203612887004,0.22263051174825527,0.11700170560023965,0.0028216017396130444,0.0019558015824080108,0.016763851357598777,0.0,1.0,1.0,neptune,0.0,0.9972354705825447,0.0028282299095967463,0.0015809165914643186,0.0019761931388030123,0.009156732785434243,0.0019270519152103367,0.0,0.010904926061151836,0.0038056009338104766,0.0,0.0,0.0,0.0,0.0,0.006248873344728601,0.001924960777419306,0.017918144810403044,0.0,0.0,0.0,0.0016995728172701982,0.0,0.006553316448152794,0.0,0.0,0.0,0.0,0.0029559929513728704,0.0,0.0023986746833852567,0.0,0.005906505463571758,0.007289378864850503,0.0,0.0019798658569822923,0.0,0.004893285186120571,0.0037645472234986233,0.0015360196114122984,0.0,0.0,0.0,0.0,0.0020391349214640294,0.005167873247103974,0.0,0.0,0.006374545928269696,0.0,0.009716824093015258,0.002585526730808533,0.0,0.0,0.004289530535264161,0.01836013521371352,0.0,0.003734537970910843,0.0,0.0020498712972733717,0.0,0.00031002044862815355,0.013847575199445602,0.9876238750224162,0.0,0.0,0.0042048357463438804,0.0,0.0,0.0,0.0,0.011231822709039187,0.0,0.0,0.0,1.0,0.014523741963817047,0.00892622866477156,0.0011544432467730584,0.011948994189098805,0.0,0.0006074638478471503,0.0,0.013534225434926885,1,neptune,DoS
0.013125496495651081,0.009398633889719996,0.0,0.0,0.0040698617628154125,0.0,0.0,0.011637994993364003,0.015566911283038016,0.0,0.0,0.0,0.011130858420464152,0.009565708460241074,0.0,0.00925827703517504,0.0,0.007654540912154156,0.0,0.5730479590277132,0.01126149078469291,0.0,0.007257930793839755,1.0,0.9898077307572831,0.009633540943267049,0.050212957068875526,0.0030453562276261752,0.9888530135604657,0.017789324368075198,0.03726142852924746,0.07871727076929776,0.0,0.0,0.008110356248456092,0.0,0.9921839701469571,1.0,neptune,0.0,0.9946470548063908,0.0,0.0,0.008057000464089319,0.013043720512397506,0.002251945664714412,0.0031037680981863265,0.0,0.0,0.0,0.0,0.0,0.0,0.0,0.0,0.0,0.003581047320527235,0.0,0.0,0.005953636188303298,0.005477174724056787,0.02011215537247191,0.007909245685955775,0.024042175389494855,0.0,0.008582074485852147,0.001962238990849606,0.0,0.0005010185912064965,0.0,0.0026203297105564433,0.012421417874597036,0.0,0.002768610755271093,0.013576164071556459,0.0,0.0,0.0,0.008107364533511591,0.012783702061634504,0.0,0.0,0.006731487384592691,0.004974284933753502,0.0019256114926978,0.0,0.0,0.0,0.02065951194641486,0.0,0.0,0.9989562436612806,0.013952027542903445,0.0,0.005710928757373746,0.006508419037684052,0.0014150648531673774,0.0,0.0,0.0,0.0,0.0,0.009536031753663635,0.0,0.0,0.0,0.009315278981693337,0.0,0.0,0.002327856544252687,0.008895829318935032,0.0,0.010000435326969443,0.9968650850117128,0.002128249775378585,0.007321407108086767,0.0,0.0,0.0,0.0,0.012207346898641745,0.0,0.010986211527137968,1,neptune,DoS
0.0,0.0,0.0,0.0,0.0052613609867544035,0.005578917987354734,0.0,0.00026392673807822456,0.0,0.0006615334947124934,0.017210859087626835,0.0,0.01874846499433338,0.00391760283795179,0.0026934951716450924,0.013794472382857748,0.0,0.0,0.0,1.0,0.9984068180356549,0.02188819958697442,0.0,0.0,0.008139636183787933,1.0,0.0,0.009030151289079526,1.0,0.9935696732371307,0.9864526902146511,0.0,0.8412387609049428,0.0,0.00048813719920583686,0.0,0.0,0.005752837141674602,normal,0.0016791304450247304,0.009952050334439409,0.9927357926088387,0.014207605341729695,0.0,0.014968584626841107,0.007778922633982141,0.0,0.0,0.0029455421100379672,0.0,0.01660379644939453,0.00351697198579763,0.0,0.0,0.0012616352512618435,0.0,0.0,0.005258459027051789,0.0,0.0064977952717666125,0.011954815341894773,0.0,0.006154167826210252,0.0,0.0,0.0,0.013987278727683426,0.008846948769924933,0.0,0.008195117295821227,0.0,0.004074906697463493,0.011635112716882737,0.006594573693771889,0.011924196675138466,0.0,0.0,0.011800880633612546,0.0,0.004156881829328979,0.022630427456770658,0.007204502263615048,0.01611593885027246,0.0,0.003174953283699385,0.0016012382190654908,0.0,0.0,0.012621957663790753,0.011881295173515194,0.0,0.9999490381045374,0.002913058331128955,0.01669793660916056,0.0,0.007464529740148893,0.0,0.0,0.0,0.0,0.0,0.0,0.0,0.00045131895272502347,0.0,0.0009565564095577793,0.007013040273857814,0.001263082020782635,0.00016271678978413935,0.012178315474244614,0.0,0.002136031442866924,0.006954400685643048,0.0027035416107610726,0.0,0.0,0.003380033042147697,0.003543460631998164,0.0032318231273470955,0.0,0.0,0.9916621230137743,0.007666408783391518,0,normal,Normal
0.0,0.0003579171398187615,0.0,0.0,0.0,0.0,0.0,0.0035756573682074765,0.0,0.02429842223105367,0.0011505812496045917,0.015761618548375742,0.009064990970694499,0.008242436706292596,0.01067189775230629,0.0,0.007897834633244291,0.0,0.0,0.180734240148814,0.009621528167393763,0.0,0.00893375068708449,0.9880119506269059,0.9892576065405879,0.025124952274059597,0.08194031512811481,0.019980749653849134,0.998195212471506,0.018393436441958726,0.014165033234480639,0.06916936177433328,0.0,0.0,0.00401457278830437,0.0,0.9897240639592921,0.9981868529636635,neptune,0.0,1.0,0.00552118978126319,0.0,0.006907568986016254,0.0006793163236153144,0.0,0.017513408329021922,0.004197115077738487,0.0,0.016739655878867724,0.01350934993438853,0.021843974516397788,0.011762395606539423,0.0,0.004714431549925109,0.012278037066979136,0.010780891520803393,0.013785451381853456,0.0,0.0006849128752757551,0.009044849535955636,0.0,0.01246767836470823,0.01859132486644609,0.004463719010265266,0.0,0.0,0.01399954621780666,0.023866997006307775,0.0,0.0,0.0,0.012692349919632568,0.0,0.0,0.014446078903223684,0.0,0.0,0.0,0.0,0.0,0.0,0.015002908147298988,0.0,0.009446291869655447,0.0,0.0,0.0,0.0,0.0,0.0,0.9984655330914781,0.000792368369950929,0.002493108006503637,0.0,0.0,0.010832559270033626,0.004452048531049014,0.0,5.434095495158071e-05,0.026566692146398063,0.001871859642462667,0.0,0.0,0.0,0.007787809331905283,0.0,0.0,0.002490125286429196,0.0032495506403276905,0.0,0.0,0.001705906129362762,0.9933412466693253,0.006645719295756912,0.02599720107317644,0.0,0.0,0.0,0.0,0.0,0.0034056248625195995,0.014561284153407001,1,neptune,DoS
0.0017074865361559877,0.018636645002856472,0.0017905915196082826,0.0,0.007600924449214809,0.0,0.006500397922798216,0.02017578410713683,0.0,0.00528859572376346,0.004133460989104417,0.0028114608182478584,0.004474638421900558,0.0,0.0,0.0,0.008885175536014991,0.0031448908644121534,0.01122967773909756,0.26800929617561914,0.0342779352476488,0.0,0.008211300239659554,1.0,1.0,0.1120958123462488,0.02579254649593258,0.012821316167203986,1.0,0.05268073071486488,0.06169090510805469,0.049129726389323725,0.0024553746604161933,0.004213548194708601,0.007455400977554019,0.006330465709425306,0.9904571707740384,1.0,neptune,0.009819313265582478,0.9956060676308353,0.0,0.00847858671882854,0.0029856952615301495,0.0,0.002613217465062139,0.0021708796472912763,0.0,0.005222019643516231,0.0034901535602889144,0.0,0.009759109866978548,0.0030519956830428324,0.0,0.0,0.022738395074484278,0.0039433828165192685,0.0,0.0020444876525579072,0.0,0.001864685423301002,0.0035838499658434123,0.0012073115194568755,0.0,0.0,0.0,0.0,0.0,0.0,0.0,0.0,0.00445726700387594,0.007503390215522706,0.0,0.0,0.0,0.008804379684309128,0.006253214168437053,0.009437907997704333,0.0,0.00815941014941303,0.004727045963859664,0.0,0.0021241271413890866,0.010140102168567571,0.023941040946186418,0.012136011175228629,0.004542988171780004,0.0,0.0,0.0,0.9898185940439774,0.0,0.010641406760518717,0.0036861006019229567,0.0,0.008798570654608045,0.0,0.0,0.0,0.0,0.0,0.0035605251797865695,0.004228581082746942,0.0,0.0,0.0010786690359079032,0.0,0.018207987559569594,0.0023938845189551855,0.0,0.019076721722744813,0.009313168676314872,0.9923185048696536,0.0,0.0,0.0,0.0,0.0,0.009612091861881732,0.006850755327561502,0.0,0.004235152698804241,1,neptune,DoS
1.15264482689772e-05,0.0,0.015167608867353263,0.011360828175459466,0.0,0.006965520024659405,0.009782000411100354,0.013522501050175377,0.9935291231247538,0.0,0.013273641741564082,0.005265561369889917,0.0,0.004958903541746076,0.0,0.0,0.0,0.0,0.0,0.015570195928110462,0.028664969112044872,0.0017689925341027777,0.0,0.0,0.0,1.0,0.0,0.22444143418274945,0.9938228901931888,1.0,0.9863789687570936,0.0,0.006522663281251609,0.00492882430867152,0.008180352326376584,0.01896397461021477,0.028129619987726034,0.0,normal,0.0,1.0,0.0,0.0,0.0,0.014080047344528645,0.0,0.0,0.026828980811253927,0.0,0.0020613725629833584,0.00847285254018686,0.003303102695646548,0.011893469164215865,0.000792277760453306,0.0,0.004721186297146294,0.0052556167365924635,0.0038705597905351738,0.006364947811755294,0.0019099237857985651,0.009859522776914076,0.0022019359884062283,0.0,0.0,0.01244506624904743,0.00775930199970953,0.9965934502230862,0.00550842600055325,0.0,0.00880102373310181,0.0,0.006615932819981649,0.0,0.006793339359472238,0.0,0.0,0.0,0.0007057891639389055,0.0,0.0,0.016092361102357632,0.010362261463701767,0.020935760821469643,0.013452350430170623,0.00045189995654380566,0.0,0.015543710593128207,0.007813867639474979,0.0,0.0,0.0,0.0,0.0,0.0,0.008407914726228507,0.01916477647447672,0.0,0.0,0.0,0.0040625656464437915,0.00022902060071223503,0.0037569876365774425,0.009288424831635852,0.0007878240484950636,0.0020954587113007,0.0,0.007662509735276419,0.005268211503579066,0.0,0.010751576203544364,0.0077684487050579745,0.0020813049094117824,0.0,0.0016299648694530803,0.0,0.0014974069310491492,0.0,0.0,0.011887463119626551,0.0,0.0016157661203197518,0.9951523379878866,0.0033457644172748447,0,normal,Normal
0.025192544203947936,0.01668257399960138,0.0,0.005219962013928884,0.0,0.0,0.014355931292767049,0.00990237785762109,1.0,0.0023386297484497237,0.011260046313486632,0.0,0.0,0.004799134518273766,0.0033680388917592865,0.0025891462495081776,0.0,0.007682048344817398,0.015819948082031,0.07715019441902111,0.06567915318227978,0.017091290592067238,0.009146148703242435,1.0,0.997797419089188,1.0,0.01088833378391633,0.010007731043149101,0.9949922293347762,0.9920865003650813,1.0,0.012055533336539795,0.0,0.0027355710123269086,0.011151257245548262,0.02097128462935704,0.5594706327097182,0.5338748864785177,apache2,0.019889960382357384,1.0,0.0,0.01204411511361333,0.006655697916881358,0.0,0.009596224374223764,0.005492145445625711,0.0,0.0,0.01307581618214027,0.0,0.013348237547954936,0.001627143571229612,0.0,0.0,0.0,0.010903789267177937,0.010655358872413678,0.01370203139766078,0.0,0.012038015785998507,0.022786915930124753,0.0,6.161154206358944e-05,0.0,0.0,1.0,0.0,0.0,0.0,0.004408961304203255,0.0,0.0019106172369434374,0.0,0.0,0.003910780422693183,0.014152212492810665,0.0,0.0,0.0,0.0,0.0,0.0,0.0,0.0,0.012571418529320835,0.009459031652517318,0.0,0.0010200696140552498,0.0,0.00877180345868574,0.0,0.0040302059637061525,0.0,0.0,0.014338552462785977,0.0,0.015646049860528033,0.0047440630208012815,0.0,0.0,0.0,0.005824593971227211,0.00923323251368483,0.006085940366813461,0.0051327126518323565,0.0,0.0,0.0,0.0,0.004557924793947338,0.0006597226921544018,0.00988395221333345,0.009139718745491309,0.0,0.0,0.9957053785967881,0.0,0.0,0.0,0.0,0.0,0.0,1,apache2,DoS
0.0,0.0,0.005795329850531932,0.0004806578104407069,0.002118482991145439,0.0031879355026424526,0.0,0.0,1.0,0.0,0.0,0.0,0.0,0.0,0.0,0.0,0.0,0.0,0.011869190131345462,0.0033891775914454557,0.01131022976116636,0.0009484549871899809,0.011286603876578576,0.0,0.0,0.9962178086986875,0.0074003013372465135,0.0018997305278520835,0.06448322880676055,0.9959899910585764,0.9905454308833012,0.016744292454835944,0.0407804402172377,0.025509537068351504,0.0,0.013473624682715454,0.0,0.007187009841150111,normal,0.015992718329869433,0.9992051517962965,0.004349782168593384,0.0,0.0038046631187580665,0.0,0.002415704045980977,0.0,0.005880456660479966,0.0,0.0,0.0034723624985981893,0.0,0.0,0.0,0.0,0.0,0.008348471396865995,0.012590074931754765,0.0,0.009576314936261954,0.0,0.0,0.0020768035296402174,0.004187428698394501,0.0,0.0,1.0,0.0005684294179491526,0.017944220040702282,0.0,0.012308413095738352,0.005782553548840674,0.0,0.0,0.003997960561355244,0.005207166520726967,0.0,0.0,0.00903674876337136,0.01189618053157047,0.0,0.0,0.006147249269343446,0.0,0.008748772518659423,0.004726326517956664,0.0,0.0,0.0,0.0,0.0023269935671099127,0.0,0.0,0.0,0.0,0.005554517353297269,0.0,0.0,0.0019017422645276486,0.00769831643808436,0.008335921783994902,0.002774244010279671,0.0,0.0,0.0055370029954583165,0.0,0.006615834699102029,0.007060089563630583,0.006109122638102146,0.009664583618761609,0.001264491147021544,0.0047991799163289856,0.0,0.013871570887931475,0.01093289032857405,0.0,0.020053107843110884,0.0,0.00454408332439649,0.012838950494949722,0.015047576803816048,0.9957207154550363,0.0,0,normal,Normal
0.019377213278588597,0.0,0.013441847057665393,0.0015719725601989216,0.005486648842213538,0.006001403878110846,0.01650725247172141,0.0023351929838258405,0.9838623948679932,0.0,0.0,0.0026335021428109664,0.012165491806916786,0.0,0.0,0.0036819006038077908,0.0,0.0,0.0,0.0,0.0,0.0003273304691812317,0.0030386911676370276,0.0,0.005174293005822296,0.9943843576372222,0.006739123279451896,0.011941664372769148,0.02971033739164872,0.9634753501766286,0.9921888260862612,0.0046400790821919434,0.25438282361886727,0.06076867445397406,0.0,0.0017621333032651102,0.0029619418626455874,0.01540987966640234,normal,0.0033830854413041595,0.9863645293333012,0.0064963546442159915,0.0,0.0013539484361635217,0.01780212109307234,0.0,0.01256606212402585,0.0,0.0,0.009281753642513805,0.011423383664493214,0.0,0.005732277840731017,0.0,0.0,0.0,0.0,0.0,0.00021508785953835305,0.008657951937015898,0.010556448125231613,0.01428861395982766,0.030146059690140135,0.0,0.0,0.0,1.0,0.0,0.008514019574992511,0.005936126367993315,9.599755429730872e-05,0.00025944657240811633,0.012226064001587935,0.0,0.0,0.0,0.0005752044773305086,0.0,0.01747116174492053,0.013913983382231074,0.0,0.0,0.0,0.017505111730450967,0.0,0.0,0.0,0.0,0.0,0.0020089992536305064,0.00503015748708137,0.007387711460669169,0.004174511170862177,0.0,0.0,0.019427195804869107,0.0,0.00206891386276862,0.0,0.01055130692481516,0.0,0.0029343101567107944,0.008712206029175905,0.0,0.009688491101137243,0.0038426790928462284,0.0,0.0,0.00407726106362601,0.0022091633860607664,0.0,0.0,0.00401917289834406,0.009419288134430891,0.006124070747674621,0.032325919200484575,0.016236991589944464,0.009772577789807606,0.0036280196985553686,0.006263396195372298,0.0,0.9830140449988383,0.02757738245396738,0,normal,Normal
0.010907290173893412,0.017475304388604125,0.01024271933785315,0.012764666910550249,0.0029797700442297805,0.00618000495143998,0.002920899103509341,0.0,0.9817772907461456,0.0,0.0,0.0,0.010056708075394707,0.0,0.0013311924460399614,0.003791220056727447,0.0,0.0,0.013220225590191068,0.0027356437521053488,0.012312077806162523,0.0,0.0,0.0,0.012939059740612926,1.0,0.010282465580606281,0.003971327636713907,0.2132224853106057,0.9926366926305021,1.0,0.0,0.016662291113087917,0.03157825918488599,0.01424446937118376,1.8332162397571658e-05,0.0037180753813777683,0.0,normal,0.014383312324696798,0.9910335043924915,0.0095649219654184,0.0,0.00852915033774576,0.0,0.0015912498342991247,0.015920716244889645,0.011488220293368653,0.0,0.022231802235467103,0.006798859402276073,0.005011816767947089,0.0009538825224407772,0.009154816367429857,0.0,0.0007284871777307899,0.0,0.00844009274052808,0.011967044395187205,0.010153839828782724,0.01860106029467759,0.0,0.009817271329483256,0.0,0.0,0.011271518383769259,1.0,0.0,0.0015751551981687045,0.009964305426407197,0.0,0.0,0.018653078521531908,0.0,0.00819319819338433,0.00839972071276368,0.0,0.010276354463054211,0.011344863693730802,0.018876339792396606,0.015639194961753852,0.010885520042063673,0.0,0.0,0.0,0.0,0.0,0.012256199422298442,0.0,0.0,0.0,0.0,0.0,0.0,0.0,0.005709860735269307,0.0,0.0,0.0044111057215674996,0.017389215528373702,0.0,0.0,0.0,0.0047582981696680455,0.0,0.0047767963222100215,0.005864725244171135,0.0,0.0,0.004294899554002857,0.0,0.0,0.0,0.005056510235474072,0.003219555305611023,0.0,0.0,0.008821376906560268,0.005350967389515256,0.004081711527306113,0.0,1.0,0.0,0,normal,Normal
0.0,0.0,0.00854542854030844,0.0,0.01699349080896733,0.015116258721734896,0.0,0.0,0.022933436197844454,0.0005309449053814796,0.0,0.0,0.00014641123273513525,0.0,0.00990869287890712,0.0,0.010720956704724942,0.005261252396677466,0.0,0.007899231204166007,0.00848215641476171,0.0,0.0,1.0,0.9999350865577443,0.507205313786995,0.9937857972178191,0.9866966926495446,0.043507288765065974,0.14837476683640466,0.2085199399761311,0.3544420704959336,0.06464773708608214,0.06109198023396563,0.01258850678321281,0.0,0.5723867090880588,0.9840789838430066,mscan,0.0,1.0,0.0180246614051976,0.0,0.0,0.0,0.0,0.00011882412646098716,7.570306384236906e-05,0.00045674572250634386,0.0,0.0,0.0,0.01525359483440249,0.00516536553058614,0.0,0.0,0.0,0.005668643942560464,0.0,0.018327265257594462,0.015209196264466516,0.0,9.599735920310843e-05,0.0058448882859443675,0.018136954286511648,0.0011465427392756719,0.0,0.0,0.00995277382592394,0.0,1.0,0.0,0.0021170885026349554,0.014061060449430687,0.0,0.016118093616841515,0.0112230183328273,0.0,0.0,0.0,0.015053726840019328,0.0,0.007931073316935816,0.0027528018654451735,0.0,0.0,0.0037366172343545503,0.014777205539118921,0.005436665485550398,0.0,0.012834444547264652,0.0,0.00024147781847833476,0.0,0.0042875179526807,0.0,0.004570380785453352,0.0,0.0033645732371270927,0.0,0.013668859825313379,0.0,0.0059436149950552455,0.0,0.0,0.0,0.0,0.0,0.0,0.010076466049929898,0.0,0.0,0.0,1.0,0.006209685111881517,0.007980199719146366,0.012473427203942202,0.003618974316919834,0.004267937346136676,0.0,0.0,0.0,0.0,1,mscan,Probe
0.004022748055708465,0.003865648379500965,0.0,0.0,0.003065968742154636,0.016879715176149692,0.0,0.0,0.0,0.012970088847424779,0.001410681115191476,0.0010048102606051857,0.0,0.018449122512973905,0.0,0.00655903988577108,0.0,0.0,0.02089284441806974,0.9916404668690366,0.006809279859602965,0.06568966978993478,0.0,0.9517155961015361,0.9905804614743541,0.0010369188511275458,1.0,0.0,0.9985508357961954,0.002433298729135107,0.0,1.0,0.00821240828534468,0.0,0.04524243080267261,0.010404762694953624,0.9430859181807251,1.0,saint,0.0,1.0,0.007054540530471729,0.0,0.013040293684857774,0.006068996799310972,0.003708652461701089,0.0,0.0023284457158728356,0.0,0.0,0.0,0.0,0.013387321791906373,0.0,0.0,0.0,0.0064080463758433015,0.0,0.0,0.004093513769679599,0.0,0.0,0.0,0.010547653965193748,0.0,0.0,0.012601474048068797,0.014891637008280391,0.01847022901462795,0.005236838176987994,0.0037759951066252645,0.004110455462230429,0.0026840828509954607,0.0,0.01852985926873148,0.004052690996929878,0.017228812505113242,0.00012716318197175777,0.020456652085557813,0.00019236269575169322,0.022585482899017503,0.0,0.0011019002264941117,0.00306352473891273,0.0,0.0,0.9997463809604578,0.0,0.0011637205570052015,0.0,0.019205156753518218,0.0,0.0035903685971818908,0.003507321480172711,0.0,0.0,0.017468705474887696,0.0014744685772453215,0.007397270443006111,0.0,0.0002551176343795052,0.0,0.0,0.0,0.000471121908775436,0.015489902664045894,0.0,0.0,0.012931720002109421,0.011552338808924067,0.0,0.008401051428873497,0.0,1.0,0.0038538025112401916,0.0,0.0,0.0,0.0,0.010941292110716627,0.0,0.007685351066205738,0.0,1,saint,Probe
0.006539980627140983,0.017987828885370424,0.0,0.011659628039419159,0.0,0.0,0.0,0.20496398406606373,0.0,0.0,0.018539157271467394,0.0,0.0,0.0006239750604907188,0.0,0.0,0.0,0.0,1.0,0.008381877030270135,0.0,0.02319197009527793,0.0,0.0,0.003987312991420512,1.0,0.0,0.0,0.4910056394832956,0.24535833892791653,0.442369116240248,0.027848687311696818,0.016124350555823803,0.0,0.0,0.027848680789817584,0.002864814866677057,0.0,guess_passwd,0.011427214365183787,0.995022910617949,0.0,0.0,0.0,0.0,0.0018801884746050244,0.005476902578649751,0.004769534161100762,0.005860975331674794,0.0,0.0071722794991502335,0.017007096559140903,0.0,0.006868452291960199,0.0,0.0,0.00876592469424032,0.008759558046718801,0.0,0.009592629203957872,0.0,1.0,0.0,0.0,0.007476359535545652,0.0,0.0,0.006870448802663428,0.0051766424218276045,0.010474633539615799,0.0,0.016514534610483068,0.0,0.0,0.002254577054768388,0.0,0.0,0.0,0.0,0.0,0.02180091126940195,0.011780526213705114,0.0,0.0,0.0,0.0,0.0,0.0,0.0,0.010164152413202737,0.0035363040252277323,0.0036640903404218895,0.0,0.0,0.011384521975020486,0.0,0.006450529615118525,0.0020123724080701967,0.007522697242350058,0.0,0.00471922036533448,0.004127891998492485,0.008661379154147898,0.010771267249616865,0.004678396644519494,0.007270909988923446,0.0,0.0,0.0,0.009714747898132096,0.0025849207001563375,0.005185272539541066,0.0,0.0,0.0,0.0,0.015061876310358826,0.0,0.0009872061715279759,0.012864538618970469,0.0,0.9972712780531087,0.0,1,guess_passwd,R2L
0.010055615345343634,0.00959314332448205,0.012278708936184211,0.0,0.0,0.008074240151982638,0.01963970297483071,0.014981676782727962,1.0,0.0028944769116592385,0.0,0.0,0.0,0.0,0.0,0.008565262893869819,0.0,0.009180867801810445,0.002959137092184468,0.00900832232891942,0.022137687343152874,0.006488417174786871,0.0,0.0009472925704602229,0.0,1.0,0.0066470969036996645,0.0,0.9953330208085972,0.9883491825434135,1.0,0.01635004449066406,0.0,0.0,0.0,0.0,0.0,0.003591607502636603,normal,0.0068554324155542384,0.9889288192010793,0.0,0.010159073561026563,0.0,0.0,0.0008826262362373558,0.0021442569163717924,0.0,0.0,0.0,0.01500278430949787,0.0,0.0,0.013569524232537569,0.010299360061208589,0.0,0.0,0.0,0.0,0.012717841198660193,0.0,0.0,0.008143598246355344,0.0,0.009309418754309568,0.0,0.998779490582525,0.0,0.0,0.0056301242429089935,0.0,0.0013803639380776328,0.0,0.0,0.010812626921648265,0.021507067908258844,0.0,0.003897818788102017,0.03362219989341241,0.0,0.0,0.0,0.005176732217772911,0.004558302578699664,0.0,0.012323936699896934,0.009571611556792814,0.008411108151676406,0.0,0.007355922294814638,0.01597167275207551,0.004025481128446513,0.017986344685211604,0.01021312864700487,0.0,0.00041271878725040133,0.003097891437553182,0.017160368053098903,0.010923092034250901,0.003925469924976921,0.0,0.0,0.0,0.0,0.0,0.0,0.0,0.0,0.0,0.0,0.0,0.0,0.00517113800333313,0.0030850120910648955,0.006538911303279286,0.0,0.0,0.002829585327798508,0.001263384451719106,0.0,0.002323879984171541,1.0,0.004293678605996812,0,normal,Normal
0.0,0.0,0.0,0.0,0.001593374593132981,0.0,0.0,0.014928847335027107,0.9784707756696565,0.0,0.013743070821794124,0.0,0.005450085932121103,0.012479467699811047,0.004181024838140761,0.013422597040435915,0.007497352918545142,0.0036070745620197485,0.006629011269158084,0.03782417703473024,0.04959814748572757,0.0,0.012871939828526175,0.006332762407549086,0.0028362869747365327,1.0,0.000706509982809389,0.07951707769863887,1.0,1.0,1.0,0.0,0.0013508676188104798,0.01866020820903597,0.0,0.0,0.009176950752241893,0.013680752395542346,normal,0.0,1.0,0.0,0.006355775470791302,0.0013772676129404618,0.0019699337427024925,0.007752951412108014,0.009349770495096152,0.01275176008744428,0.014839412173982052,0.013787481852479806,0.0006563719335040344,0.004006134711957911,0.0,0.008586589971623955,0.011961351468066627,0.013568163631701246,0.010318352498716184,0.0,0.001079502825730941,0.0,0.011661568639332738,0.0,0.0,0.0,0.0008011055593850624,0.00022045709581802755,1.0,0.0,0.0,0.0,0.0,0.013171802517067812,0.002777270741162487,0.006494339340317325,0.0,0.005378134524908118,0.0013761494686945987,0.0,0.0,0.020600196627749253,0.0,0.006689281263730413,0.00670630748013601,0.0015565403466581975,0.0,0.0024158813031549455,0.0,0.016616218438817627,0.0,0.0,0.0011254088082270617,0.0,0.0,0.0,0.0008168794803094594,0.0,0.007302129617616048,0.0,0.0018067623956078292,0.0,0.0039262820741674635,0.0,0.004681808502522974,0.00434423809432427,0.0,0.0076924607799520595,0.0,0.0,0.0,0.0,0.005859904075994885,0.00941711850912131,0.0,0.0,0.0,0.0,0.0022038789568959234,0.014803703960586605,0.019417701268263244,0.0,0.001433939238028348,1.0,0.005295854760058797,0,normal,Normal
0.0048316261438000035,0.0,0.0,0.0,0.00656861740410865,0.0008275851361095374,0.0,0.011256262557412149,0.0,0.01386353744428602,0.008583060541623791,0.0,0.014353051114440771,0.0,0.0013427794393471052,0.0,0.011288650121623119,0.0010723856609466311,0.002014034810158722,0.37275038102881586,0.012455538335091786,1.0,0.9765920130363472,0.0,0.008736439300421686,0.0,0.07902378941384693,0.0011104044821809759,0.9964625166893174,0.014572764233605037,0.0,0.06628775628242545,0.004858976753658683,0.0031979908924548352,0.9953241989050801,0.9998312967061468,0.0,0.007819990669964846,neptune,0.0,1.0,0.0,0.001381904425879463,0.0,0.008879134581939343,0.007802224638440926,0.0,0.007843113581386276,0.0052236766832935546,0.005563249664174871,0.0,0.0,0.0,0.0,0.0,0.0043180005879422416,0.0,0.007818466227122671,0.0,0.0,0.0,0.012944053202495726,0.0,0.010398989488518697,0.0,0.0,0.0,0.0,0.0,0.0,0.0,9.072212305380799e-05,0.0038503441147248138,0.0,0.0,0.0,0.007440532225421585,0.013068374653721532,0.0,0.00012753557775162878,0.0,0.008599708022773541,0.0,0.005376691528154446,0.0,0.0,0.002644602089721769,0.0,0.010727553320387757,0.011931973361386272,0.0,0.0,0.0,0.024956959086936764,0.00468859555176815,0.0,0.0,0.9934167378541285,0.0,0.0,0.0017983086759443075,0.014012734081334285,0.0,0.0,0.006465692224898041,0.0029484577759067983,0.005431899477579458,0.025444468412153278,0.009515137865459164,0.0,0.0008117463450654017,0.0,0.0003077869042789341,0.004861790261529755,0.0030839018743348936,0.00646084759740055,0.0029571852941733716,1.0,0.0,0.03038280832125082,0.0,0.0,0.0004014220393975018,1,neptune,DoS
0.0,0.01212036237159399,0.0,0.0,0.0,0.006056025019433087,0.0030584194523261546,0.0,0.011938760067529702,0.0011396550530546514,0.013838961154209675,0.0,0.004584041488517212,0.0,0.0,0.0,0.003165234343903343,0.0,0.006169763259981292,0.9675794122257035,0.0,0.052375630744869395,0.0,0.955369688719266,1.0,0.0,0.9785122500283344,0.0,1.0,0.0,0.024029336398448273,0.9962175510163661,0.006888018337342654,0.0,0.06956934731726201,0.0,0.9376891981269988,0.9728674733250446,satan,0.0,0.9955744889878825,0.0,0.0,0.0,0.0,0.014971097375121298,0.00736651315702662,0.017975422507617807,0.0014407177952576306,0.0054866187308713925,0.0,0.0,0.01298614399258504,0.014791744469452688,0.007611256008778953,0.005370792821794642,0.004281263607282063,0.008435950531026503,0.0,0.0,0.0,0.0,0.0,0.0,0.002715079386335123,0.007059588136509823,0.0,0.0007623955250460693,0.003570440165646346,0.0,0.0,0.0,0.0,0.0,0.011278997908306788,0.006583683541662341,0.011106345842449324,0.0058150377528334,0.015106937740920345,0.0,0.007580343369427891,0.008900439891508594,0.0,0.00659105137589756,0.004845006290954944,0.0011464557321222875,0.9964918011313025,0.004359379790881438,0.0,0.0,0.0015925792993059143,0.012006283349277811,0.0,0.00189112653528067,0.0018607046101652184,0.0,0.0,0.0019259799746256779,0.0026325155958795187,0.0036100641065452423,0.0,0.003268781019515943,0.0,0.0016664605873509077,0.0013528548015390347,0.0,0.0,0.0,0.0,0.0,0.005394541134813676,0.0004361087845655893,0.0,0.9904763756466474,0.0,0.0,0.005235958177274878,0.012181881612938733,0.012457504051368189,0.00935235168415219,0.012104300932564982,0.0,0.01341079679295134,1,satan,Probe
0.0,0.0006377239732848195,0.0,0.010618397893980494,0.008476705963146815,0.00888825716278408,0.0031693437310755714,0.0001999044646402453,0.016027908102786648,0.0,0.0008628380085594857,0.005504302280076108,0.003532230528550523,0.01430726028638724,0.0,0.0,0.0008958821219847164,0.0,0.010923555308795385,0.4371322690566568,0.0403112689260175,0.0,0.008387628496114626,0.9956831927439384,0.9835685314201964,0.07090274990695722,0.058158048002537155,0.0,0.9931899150886764,0.0680705793390999,0.07853293705974392,0.08191261783770648,0.0,0.0,0.0,0.0,0.9957626014751038,1.0,neptune,0.0029637854009787246,0.9992471378885814,0.006617146278898636,0.01724206027477083,0.0,0.0002425062044664767,0.0,0.004301420509028832,0.0,0.0,0.007425915086776267,0.01085209737791517,0.004511018497885286,0.0,0.015540533561924023,0.0,0.0,0.01127208821230579,0.0075035409312973565,0.0024515786711598224,0.0,0.0003936696986951763,0.0,0.0,0.0,0.0,0.0012493592742827244,0.0,0.019099816689866305,0.01686624147561189,0.0,0.0,0.0,0.0,0.0,0.0,0.0,0.01203358265754424,0.0,0.009984962273586386,0.009124601997743533,0.019228960951400427,0.008491684208102467,0.013953419854626314,0.0,0.0,0.0,0.0,0.0,0.0016442029347163588,0.0,0.0,1.0,0.0,0.012571322922644818,0.0042044026860833155,0.0,0.011025217027544783,0.006364077499654156,0.0,0.01442302960505398,0.0,0.0,0.0014311749199205828,0.013030762990363296,0.010660392782726655,0.0,0.0,0.007592108588698932,0.0,0.0,0.0,0.0,0.0031410531108058584,0.9969996342706757,0.0,0.0,0.00037456010686058984,0.012314351032007016,0.019871595416783804,0.0007588885050864075,0.0,0.0,0.002749605916970146,1,neptune,DoS
0.005778496082255315,0.0,0.0,0.008624512390280099,0.0,0.0,0.0,0.003714319113133712,0.9847783000588819,0.0,0.0,0.01114439961134034,0.00990667349535339,0.0,0.006257562937510971,0.0043092385949340065,0.0,0.0,0.0122491387164208,0.0016791948648195252,0.0,0.0,0.00021961458971398254,0.005411723198504036,0.0,0.993674174904056,0.0,0.0,0.9894604174826663,0.9615690641113768,0.9675393912965538,0.03280013939732766,0.006870758742306204,0.004397895672351133,0.0,0.011662497469416557,0.05517516686105446,0.003892269971000628,mailbomb,0.0,1.0,0.016050994831701828,0.0,0.0,0.0,0.011802475947885922,0.01011661542211936,0.0017610612056828936,0.0,0.0,0.0,0.0006241553765188321,0.0,0.0,0.005656923033139436,0.006171456818160293,0.0040141117252365825,0.0,0.0,0.001456480214896808,0.006196819411078483,0.0074693824159146535,0.005138225797115949,0.0,0.001525753480790418,0.0,0.008822031041098912,0.0,0.0013744019497364107,0.0013232934696597656,0.0,0.004587472747970687,0.0,0.026136609407229547,0.002476692793298767,0.0008074551888515991,0.016767073903941904,0.00786322729653135,0.0,0.016363530592053067,0.0,0.009247201029626641,0.0,0.01897157506035924,0.0,0.0031412452325391255,0.00012279813286179933,0.0,0.0,0.0,0.010360104747563268,0.0,0.0,0.0,0.0009196327637479393,0.0,1.0,0.0,0.0,0.0,0.0,0.0,0.0,0.004931045181562519,0.0,0.0,0.010669471515890752,0.0,0.0,0.019718401972611942,0.0032864057820553455,0.0,0.0,0.019118211486337584,0.0,0.0,0.0,0.004374185727118599,0.0,0.00407647046048882,0.0023848099097481487,0.9853477981719266,0.017542865260916456,1,mailbomb,DoS
0.002967381802121376,0.0,0.00706628042860552,0.013079203713656305,0.0,0.0038113715949290414,0.0,0.0,0.002617517768159194,0.004290297426581795,0.009075437015787096,0.02417782020308829,0.0,0.0,0.01815545746369288,0.0,0.0006654995921901127,0.005638548726893755,0.0,0.4213305292645105,0.045886334471184155,0.9933758437307483,0.9893105538493803,0.0,0.0,0.06823990638039909,0.07080365359682586,0.0,0.9831665553026395,0.06138325610567434,0.06113163608236403,0.0772699844689367,0.008940301243236585,0.004467615800296573,1.0,1.0,0.015545743187190637,0.0023051013544794223,neptune,0.0,0.9950387832435947,0.0,0.0,0.01588452699871109,0.004789469943153629,0.009260998690198434,0.0,0.0,0.0006199944524229215,0.0,0.0,0.0,0.0,0.009409468886664484,0.0,0.0,0.0,0.0,0.011020410414323856,0.0,0.009085081942864792,0.010516330376463974,0.0,0.0,0.013230157541220356,0.0,0.0,0.0074426402308819355,0.013909627401904918,0.021025699785453354,0.006889545795486503,0.005059099874488803,0.006972146506875865,0.013721422576431061,0.0,0.0,0.0,0.0,0.0029340912634845118,0.0,0.006683442263616838,0.0,1.0,0.0005330504705264345,0.0,0.0,0.01292792252848869,0.0,0.0033409205306582234,0.0,0.002117267937918623,0.0,0.0,0.013026403675721814,0.014963024128394396,0.0,0.018693453061490263,0.0,0.01076382845354831,0.023256205022608775,0.0,0.0,0.005208026887223103,0.0,0.0,0.0,0.004125595946974182,0.0004132296377329344,0.012508631336842931,0.0,0.005550258180176197,0.013861572699772437,0.0,0.009385882004640292,0.012828833985072528,0.004430654237816052,0.008253330497130349,0.9909337363182908,0.012773833579133944,0.0,0.0006756091904706258,0.0,0.0,1,neptune,DoS
0.03631622661945239,0.0,0.006809757660683776,0.003939243625210688,0.0,0.0026676884642812086,0.015252989690292113,0.008033828062562963,0.013820456698099908,0.0,0.0,0.0051373005373304935,0.0031781082728276878,0.008889358789585407,0.0013536869609891203,0.0,0.0,0.0,0.0,0.013144606047939723,0.011944533443968647,0.019183864680069093,0.0,0.0,0.011894246506366363,0.9842161544533401,0.006356576827450365,0.0,0.34879738436206303,0.09318123050985956,0.12554894806065714,0.030563094177827432,0.1399636086422175,0.0888369283463175,0.009171389240023751,0.019089286476745463,0.0,0.0,normal,0.005030735746830384,0.9985649222337832,0.0,0.015548768315054334,0.011327256231580889,0.0,0.0,0.00196370469534849,0.0,0.0,0.0,0.0,0.0,0.0,0.004638707882052866,0.0,0.004408988602697545,0.00022510303243073482,0.0,0.0,0.015489532447183759,0.0,0.0,1.0,0.0,0.004768361942678772,0.020575585778901753,0.0,0.0,0.002356723729222261,0.003994426537023271,0.013666296358280048,0.0,0.023108801506907802,0.007285915127879845,0.0,0.0,0.0,0.002881709595748912,0.0,0.0,0.008630601153769518,0.03586105532021767,0.0,0.0019204451343243362,0.0016373680806951727,0.0,0.0015373852893867323,0.0,0.02230838103507874,0.0132865773329668,0.019256096375513506,0.017904847373423804,0.018394090717243402,0.024939354242465704,0.0013342347537840318,0.015746240483712457,0.0015426189437015136,0.0,0.0,0.003644914777048674,0.003016499812486037,0.005167721616364831,0.004867386670449402,0.0,0.00591880268834734,0.0,0.0002174659797612113,0.008513058631081828,0.0068614687151589415,0.003819985265774299,0.003007930488665122,0.004130598656736378,0.0044285535431009635,0.0,0.008012288935123823,0.0,0.009923164719402617,0.012982086283166239,0.002583581201121094,0.00705530244841113,0.009854544812590996,0.9938857740462398,0.0,0,normal,Normal
0.0,0.01000777415431361,0.0,0.013153829839993567,0.0,0.018441977734394106,0.0,0.006939254217216686,0.0,0.006572356272232102,0.005248286429461921,0.010970052688976203,0.0,0.0,0.013670289501936115,0.010053085548749938,0.006780219418832487,0.0,0.0,0.9937713371283666,0.015208094373632285,0.025993149394794947,0.00300617356953261,0.9604827111140816,0.9918575396875062,0.0,0.993521904127229,0.006784860388579544,1.0,0.0015858279395113096,0.0,0.9898486439983871,0.0,0.0,0.02732487029250566,0.0,0.9494407735101331,1.0,satan,0.005978897035206199,1.0,0.0,0.013826482470723319,0.009358739337617064,0.0048520261332150715,0.0,0.0,0.0,0.00988157338461547,0.0,0.009619399694496863,0.0,0.008665775492416736,0.021099733090536445,0.0,0.0,0.0,0.0,0.0,0.007590582226320193,0.0,0.0,0.0,0.0,0.007914329988916339,0.002594578634797948,0.009023074907181367,0.001610230391120012,0.0019662615286426587,0.010777686788064646,0.0,0.0,0.003410298184270708,0.0,0.0016869726845162509,0.0,0.0035690066064120395,0.0,0.0,0.011075330290469608,0.0,0.004320662916210174,0.0,0.0013095770275133292,0.0009136403149831389,0.012764557617218588,0.0,0.007873539384718206,0.005133399926491251,0.0004015258569131719,0.015976328463321414,0.9782780584042448,0.0,0.0029298283637653826,0.0,0.0,0.0,0.0036522314472071512,0.0013086175792799968,0.0019853743414415285,0.00196494126053325,0.008747354125422583,0.0,5.066270790835823e-05,0.0,0.0,0.005140510926671233,0.0,0.0,0.0031552544968864045,0.0,0.00025666102277632487,0.01897541798333532,1.0,2.1498893184369754e-06,0.0,0.0,0.0,0.0,0.0,0.01651056097412123,0.0,0.0,1,satan,Probe
0.0013955330042696532,0.010666894207730714,0.011576574461392456,0.0,0.0,0.0,0.0,0.005422951860665557,0.9892816994649201,0.0,0.00026501196241029214,0.011580676394421832,0.0,0.0,0.00558551382779523,0.0,0.0,0.0,0.019841654183180162,0.0479859507649772,0.04183930751847455,0.0007682669921138444,0.0,0.0,0.0019566199592993554,1.0,0.00578720682252464,0.008401621075586053,0.9882248265028793,0.9984838978373651,0.9883304184751758,0.004970288370611396,0.002109719948426556,0.008149615811713737,0.0,0.0,0.012496879856203848,0.0075268536658493,normal,0.0,0.9975826654619865,0.012967367661596878,0.00425515092428219,0.0,0.002856843049519686,0.003862112558016878,0.0,0.0,0.007525135050714776,0.0,0.0,0.0,0.008910170285731513,0.021950567977736132,0.0,0.0,0.0,0.0,0.0012675965272629847,0.0,0.0010337186640235634,0.012762208502730502,0.0034300903516033526,0.0,0.0,0.004474547806799445,1.0,0.009001673841579383,0.01781519941537668,0.009130735897484355,0.0,0.00030605849799901616,0.0,0.0,0.0,0.007482023722429604,0.0036048611771669916,0.004936098181302975,0.0,0.0,0.0,0.0013776502160307079,0.004775000343033504,0.01223152433054478,0.0,0.0,0.0,0.0,0.006731153121860516,0.0,0.0,0.021754130544012172,0.0,0.0018158795608812386,0.004084408366807661,0.0,0.007823930799736705,0.0,0.004594893300807858,0.002194123779034724,0.0,0.0,0.0,0.002439650046553507,0.0,0.010055145082991903,0.0,0.005739181237269331,0.0,0.0,0.0,0.023145332145984493,0.0,0.0,0.003218548556502719,0.010363384627881021,0.01269217714258523,0.01241047908559856,0.0,0.006217817622929053,0.0,0.9852606926197648,0.0,0,normal,Normal
0.0,0.0014899645969022627,0.017306942587837864,0.0007560412017054507,0.013409620466617958,0.021353189733402216,0.003258282679913304,0.014004388198372218,0.9930637017158165,0.0015414072015525815,0.0,0.00459095803252973,0.0,0.0,0.0018972845796331116,0.0,0.0020523043467378784,0.0,0.01637453407846528,0.019745505180039254,0.03673007221490823,0.0,0.010371288438365874,0.003051582635499359,0.0,1.0,0.003602388335543015,0.09325150799985332,0.12896587117117028,1.0,0.9906749516191605,0.007573925082825148,0.025053657994311473,0.015213996060235581,0.014319609513535161,0.0044595529751396525,0.0,0.012821203111945992,normal,0.0,0.9838363875524532,0.009399350359962975,0.021665049505315198,0.0,0.0,0.0,0.011965907596647186,0.007410612750571444,0.021261023777751777,0.02594138219988747,0.0004055586878328294,0.0,0.0,0.0,0.004777504098791457,0.0,0.0,0.015370054627503921,0.006656542699890532,0.0,0.006729676251805331,0.015427471668909466,0.0,0.0,0.0,0.0,1.0,0.0008279034317778044,0.0,0.01658650774648115,0.0,0.0028382790148200085,0.01720909657363343,0.0,0.0,0.0,0.003163716300305115,0.003528361483631357,0.02424309711498711,0.0011975202531145767,0.018128845690887744,0.008913425096307192,0.0,0.001783093590634937,0.011827096552341845,0.0031399525914057053,0.015967404274884463,0.005506065922974494,0.0,0.0,0.005266831838087543,0.0,0.0,0.01497477022387204,0.0,0.0,0.0,0.004784011134342349,0.0004641320110683705,0.010091630302745134,0.0009485230573844142,0.014334360357504319,0.010084827657150922,0.0,0.0,0.0036660155483196227,0.013526917454692216,0.0,0.000992870449517906,0.02325376064644332,0.0,0.019085108558810383,0.0,0.0,0.0010504981551250593,0.004850754548375869,0.01862501292176971,0.0,0.02122363837620965,0.0,0.0,1.0,0.0,0,normal,Normal
0.0,0.026871825785297898,0.003867020919840088,0.0020164248325581415,0.013978911278439024,0.002149275334550265,0.0,0.013051240794400594,0.0,0.0,0.0,0.015496860744835209,0.0,0.0,0.0029483329165268897,0.02250048865611884,0.0028972623240777658,0.006308244297088085,0.006477898426542141,0.013532468535856417,0.04904798639507593,0.0,0.008146927974437708,0.0,0.0,0.9998286037646594,0.009223626525399485,0.00445258725159905,0.05238048782586061,0.04524191848671343,0.816664787256813,0.1611073084478844,0.7529927293298991,0.0,0.0,0.0,0.0,0.0031463192918118957,multihop,0.004588463586358428,0.0,0.9980502836522183,0.0,0.011304533462957806,0.0,0.0007970037000155369,0.0025704847738973156,0.0,0.0,0.010970332200980835,0.0,0.0032745779760745566,0.004989967973227437,0.0,0.0,0.0024145189809420984,0.0,0.0,0.0,0.0,0.0032938690618482197,0.00640077435643872,0.0,0.0,0.004860242955140303,0.0,0.0,0.0,0.017946496569981103,0.0,0.0006444609444247522,0.0,0.0,0.0,0.0,0.0028056591526094826,0.0,0.0,0.0,0.012062725634410375,0.02790632607811278,0.00021991433094689194,0.0,0.0005777167063232769,0.0,0.02427385998106058,0.9981090087271761,0.0,0.0073467277174508365,0.0,0.019063876615282273,0.00792878983264482,0.0,0.00520490233335252,0.002447680325990013,0.0,0.0,0.006150128389920279,0.0,0.0,0.0,0.010634960226427587,0.0,0.0,0.004189788526729014,0.0,0.0,0.005724155904418433,0.00027809421770895904,0.0,0.006133307681324014,0.0,0.0,0.012806900294762003,0.0,0.0,0.010339406932055454,0.028708145743117464,0.0,0.01141237961802221,0.0049669152055153605,1.0,0.0,1,multihop,R2L
0.0,0.0,0.009959745757736978,0.00040984185766342496,0.0,0.006161072268916385,0.005454616816478819,0.0,0.0,0.0,0.0,0.01053010023049599,0.006753608559407914,0.0,0.0,0.0,0.011817517801995966,0.002491983771918492,0.007468773716997945,0.9841943446394256,0.9742206330375801,0.015771892692074997,0.0,0.0,0.009191039225777162,1.0,0.0003281612423554569,0.0,1.0,1.0,0.9891798245029808,0.0093250972102807,0.999949134714732,0.0,0.006266912703520814,0.0,0.008097526500207263,0.004033373710811538,smurf,0.9928656821376508,0.005352483772094995,0.009310762164495523,0.0018095789612711452,0.0,0.0,0.019174332630777766,0.0,0.0,0.01310032947497228,0.0,0.00264491000136901,0.019971449097489217,0.0,0.0,0.0005829188725005933,0.027655783166363947,0.015317025898791062,0.9908598710707858,0.0,0.0,0.003293954417899922,0.0,0.0,0.0,0.0024254628810422615,0.01431971295060063,0.0,0.0,0.0031684224607903865,0.009569682009641634,0.0,0.0,0.0,0.0,0.0,0.013256076459029613,0.0,0.002087196485725171,0.0032727259300859746,0.009141315078933827,0.0,0.0,0.0,0.0070524769416652,0.0,0.01679316446259443,0.007205629863462426,0.003521744276536791,0.0015712016126519204,0.0,0.004072406541866228,0.010285646805729435,0.0,0.0,0.0,0.0,0.0,0.010546881784500852,0.0,0.006000196061276937,0.020431641109692134,0.0,0.0,0.0025724986774217124,0.0,0.0,7.862204056022546e-05,0.00010788240002937327,0.0,0.007964305100258832,0.0,0.002844276244271804,0.0,0.012384482414143185,0.0,0.01222656262385454,0.0,0.0,0.018345884164171444,0.006866601888848118,0.0,0.9928721295252348,0.00011519615098799939,1,smurf,DoS
0.0,0.0,0.003539230831312814,0.004115134441778232,0.0,0.0,0.005696497084079857,0.0031442846478220592,1.0,0.0,0.009795494491826741,0.00668620055127487,0.0068317558064650355,0.0,0.006233530913794494,0.0,0.0,0.0,4.07803481110175e-07,0.01983825251988264,0.015893184269173327,0.013660508888567529,0.0,0.010881093765183834,0.004879352605286232,0.9960387149198082,0.0026861004555216806,0.006106042711490833,0.4198551606329384,1.0,1.0,0.0,0.005535893877901911,0.017830897951562875,0.018884387036246647,0.028845816632266257,0.0,0.0,normal,0.0,0.9745019200214418,0.0,0.0058425975916169175,0.0,0.0025184131010458698,0.0,0.0,0.0,0.0,0.0,0.0008403853700287486,0.012479654679810562,0.010037586184283511,0.005880013677353453,0.010425238734989342,0.0012833590390262891,0.0006623822863850853,0.026020109728678298,0.0028193079615671172,0.0064690837540780765,0.0,0.006308742255225086,0.0,0.0,0.0,0.010416714709967563,1.0,0.0,0.0,0.011986961562957886,0.0,0.0,0.014863333449240384,0.006691079027862723,0.0,0.005229435677570853,0.017425077882654676,0.006677990441532024,0.0,0.0,0.0,0.0,0.004001932476445868,0.0,0.006056964627332038,0.0,0.0,0.016332843818421323,0.0,0.00459324301683219,0.0,0.011508583218438468,0.0063507558420326125,0.0007532975800031257,0.008355994617166233,0.0,0.007853362865803263,0.006407896988138441,0.0075845260533285875,0.0037252006515223124,0.0,0.017093210810494412,0.008703781639658702,0.0,0.0,0.0,0.013487349143190795,0.010519082797052706,0.0014602260433281612,0.008541093898950526,0.010442431878067386,0.0,0.0,0.0,0.0,0.012530441164210843,0.0,0.0,0.00945877750909569,0.0,0.0017971307769182937,1.0,0.0,0,normal,Normal
0.0,0.0,0.0,0.0,0.0,0.0,0.0,0.010387577956745426,0.993324239237374,0.0,0.0,0.008368052929968856,0.0,0.00044098729885033375,0.0063539868121547894,0.0,0.011353817381332117,0.0,0.01051794536462271,0.016034867615471095,0.014180596662823645,0.007158928868122578,0.006255271733958336,0.0,0.0,0.971320711972754,0.00929759078182001,0.44782659053064505,1.0,0.9943878493423636,0.9911912462264916,0.0,0.0,0.005158278483289269,0.011641615602880906,0.001518895719238651,0.02644922632132485,0.0,normal,0.0,0.9819071336197625,0.01104368583140842,0.00434830780237614,0.0,0.0,0.0078057296864265414,0.012921377762315917,0.010563657435662637,0.002016952309994991,0.0010681721271779817,0.0,0.009459340388741582,0.0,0.00770970834847263,0.004952520631537684,0.0035075379354178077,0.0,0.0,0.025099022770464923,0.0,0.0,0.007259431701429196,0.017278240240579692,7.227326899081506e-05,0.0,0.0,1.0,0.0,0.0,0.0,0.0,0.0,0.004654113241010516,0.0027323631820072337,0.0006607060965459514,0.006523337036615625,0.0,0.0,0.01522649485476248,0.006149686407718946,0.009751174191367801,0.005375162029596718,0.0019685017294517916,0.0,0.0008761442583072363,0.0,0.0,0.0,0.01192930718319259,0.011083785282164775,0.0070086648762114016,0.011701591754212768,0.0029542852647199396,0.0018400986497891585,0.0009999729190502708,0.013458927424159444,0.005433168161027244,0.0035356579772391865,0.0,0.0052357782118924445,0.002160213666272496,0.011627189917085175,0.005435094778499129,0.0,0.0,0.002741781882602105,0.007674765881364175,0.0,0.007843238851030852,0.0,0.015108441109290372,0.0032696686744855897,0.004043924893697854,0.0,0.0,0.0,0.0,0.0,0.0,0.014219295621982922,0.008313776585414044,1.0,0.0015899434256690368,0,normal,Normal
0.0,0.0,0.0,0.004160890277259556,0.0,0.01152849958349395,0.0,0.005128656181933776,0.003646860453301983,0.0,0.006567387423814931,0.006077639914361894,0.01861086936823538,0.0,0.0,0.0,0.012435459306019461,0.004093798816147488,0.0,0.2755091021859191,0.41304891816812506,0.0,0.002372327098941331,0.0,0.010180130396113839,0.9946682368647586,0.0,0.015848309048370188,1.0,1.0,1.0,0.013141725662368032,0.0,0.0012015895514056604,0.0,0.0,0.0008381182756753135,0.0,normal,0.004656981756379208,0.004019582817365891,0.9934054475652107,0.005153968027215398,0.01643336382928125,0.0,0.01368009696415445,0.0006745596425622202,0.0,0.005779705340733342,0.0,0.0,0.02621169265399839,0.0,0.010863364931240346,0.9981781347862444,0.0,0.0,0.0,0.004051605898476042,0.0,0.010695754914562969,0.0,0.02250891354065649,0.0,0.0,0.0,0.0017761620054869713,0.0,0.028365216205759776,0.0,0.0,0.0179057215085203,0.008188757336092029,0.00960505715793549,0.01096583549991565,0.0,0.00977398395328298,0.0,0.0,0.003378198370012434,0.0015799645036291819,0.014940395157070865,0.0,0.0,0.0,0.02355974734838895,0.0,0.0,0.0,0.009053565956583536,0.00119057767123535,0.0,0.0,0.0008741525447730968,0.0,0.0,0.0,0.0,0.0,0.0,0.0,0.0,0.0,0.0,0.0,0.0,0.0,0.0,0.0,0.00370568927215561,0.0,0.0,0.011606579837262779,0.0,0.006358102351807674,0.0,0.0,0.007915947951741886,0.009959010673222485,0.0,0.01032597326554619,1.0,0.0,0,normal,Normal
0.008720751022799787,0.004631205645274439,0.0,0.008611032875560549,0.0,0.004392760682630096,0.00811281934692517,0.0,0.9871114574048248,0.00047565012818526247,0.0,0.0,0.0,0.0,0.017176049359161658,0.02006556187244092,0.0,0.001839423270876879,0.005062199260338419,0.0,0.057963694391380396,0.0,0.0,0.02478169484052032,0.0,1.0,0.0,0.09606605143868523,0.062365720489087256,0.9932511791359147,0.9945752939860013,0.0005531038572255795,0.04908672391895942,0.0571767062874535,0.06090299260240124,0.0,0.0,0.0,normal,0.0,0.9886512718927797,0.010238802674196868,0.0,0.017783856460056948,9.060425771902246e-05,0.0038100654592842227,0.017724489182324846,0.0,0.0015088324182451255,9.437121656589649e-05,0.0,0.010089650668964879,0.009254697305311026,0.0,0.016871059940089576,0.022893769121570703,0.009930000019735147,0.0,0.0,0.0,0.01644914134249471,0.0,0.0,0.0059595694299580905,0.0,0.01063925605512344,0.9766940388477711,0.0,0.00365874460069098,0.0,0.007124984697292062,0.0,0.005296264935857286,0.0,0.0005354485228311961,0.0,0.007594154774274461,0.004836587896620885,0.009156927238814803,0.01121492595255142,0.007775224617765493,0.0,0.0,0.0,0.0,0.0,0.0075455130726413905,0.0,0.006351531697991503,0.010564379844017653,0.0,0.0,0.0,0.001919001420927124,0.0,0.007263981670672404,0.0031131956666641397,0.0,0.0,0.0013980619522656946,0.0,0.0,0.0,0.01703847281423519,0.0,0.0,0.0,0.003601043989637245,0.00707760603218555,0.0,0.0,0.0,0.012047455865545748,0.0,0.005762767085677297,0.0,0.0023147957177113696,0.008966678316756536,0.0,0.008003233582624659,0.0,0.9944153008526297,0.0023055848991195248,0,normal,Normal
0.0,0.0,0.0,0.0,0.0,0.0,0.0011377869887791209,0.0,0.0,0.0033358438330961587,0.0,0.005763020457776372,0.0051764353738138705,0.0,0.0,0.0020740128604146172,0.0,0.0,0.0,0.4849764507134077,0.014951327038211287,0.0031897641250918946,0.004998416541780958,1.0,1.0,0.009626474510823428,0.06937962478815834,0.0,1.0,0.027105753497312514,0.004003703174775431,0.06553223814054446,0.0,0.0,0.0,0.0,0.9988954715979159,1.0,neptune,0.004624075429081938,0.9974700252910969,0.0,0.0,0.0,0.0,0.0,0.0,0.0009109236155342568,0.006874816508205792,0.014587624935141002,0.0,0.0,0.0,0.0,0.009556506510020556,0.009313620024675484,0.0,0.012541756569860656,0.0020278805292304565,0.0,0.011435843060194162,0.0,0.00716622428114992,0.01410507035057064,0.007198222217327668,0.0,0.008394947272968084,0.001715935786423863,0.0,0.0,0.0,0.012052945400988911,0.003602455669089399,0.0,0.0,0.0,0.020216584509222885,0.004748305191524232,0.9932173285111573,0.0,0.0,0.0,0.010013481200242414,0.016408816081916914,0.007247264423279981,0.0034893169407586174,0.0,0.0,0.007864292938164198,0.0,0.0,0.012492806370625506,0.010070085070432189,0.009258501185012086,0.01011226937625179,0.0,0.0,0.0,0.014128701168548948,0.0020915561970251905,0.0,0.03328014455511219,0.0003922363759764419,0.005246230504075512,0.015180965676567017,0.0,0.0,0.0,0.011840988264152108,0.0,0.0,0.00486049123880968,0.014479063833296807,1.0,0.0,0.0,0.0,0.013728063668879806,0.0,0.019211945551023315,0.0,0.016128531978922195,0.0,1,neptune,DoS
0.0,0.00027271353723869115,0.0,0.0,0.0,0.0,0.01020498908524165,0.0,0.994638032376116,0.0,0.002554429186836799,0.0,0.0,0.0,0.00011371935030877502,0.0,0.0,0.0,0.0017069116111009348,0.012986371516767424,0.02033382316733278,0.022767475714701734,0.0,0.0019664340710625157,0.01311137648119439,0.9994531097395987,0.0,0.13601807438266433,0.33508047263544605,0.9781547181915692,0.983879668022865,0.0,0.03136854051589394,0.022352264223596593,0.0,0.009732630240460423,0.0,0.0,normal,0.00529065897797812,0.9971637112483216,0.0,0.0,0.0,0.0,0.003160222140197385,0.0,0.0,0.010611174647277868,0.022388564891579962,0.0,0.0,0.0,0.02746186004790016,0.00033218081900496097,0.007554529922168136,0.0,0.0,0.009818583857000716,0.0,0.009090241911435122,0.0,0.0,0.0,0.0,0.005153555585713283,0.9977873182183071,0.004835380333767155,0.006267395052644543,0.006626932897385706,0.0068076667656855674,0.0,0.0,0.004143062208786162,0.0,0.0,0.0,0.019044944561438112,0.01527180671774793,0.0,0.009945923326925342,0.0072323527763725,0.004151101826310781,0.011824910721172664,0.0,0.0,0.014222144673928926,0.016606973666624808,0.0013664701956878382,0.00861446347490692,0.006682397932986077,0.0,0.004780514108962556,0.004145684076694393,0.0,0.0,0.01133025619413651,0.004684200192006346,0.000494814749738724,0.013583981292224274,0.0,0.0,0.0,0.008145765874417867,0.0023804765540048974,0.0,0.0,0.011972879792587559,0.016883394915129774,0.007571071273675467,0.0072704906637049115,0.0,0.006001791126426929,0.0,0.0,0.0,0.0,0.003955922545207783,0.0,0.0,0.0,0.9889520206733274,0.018645640494164117,0,normal,Normal
0.0011630566954097192,0.003441231409155733,0.01222197885446782,0.004547412938398934,0.0,0.0012788322484753045,0.0,0.0,0.0,0.007857465500086255,0.005312364242789529,0.0,0.0,0.01017172485666508,0.013106675755802613,0.0,0.014685032142056112,0.0009478576077860461,0.010911035991886689,0.24993138737269643,0.0,0.004645077673026284,0.0021293887909623406,0.0,0.01084347014549498,0.015518307119165999,0.9830831273863219,0.0,1.0,0.0009221035277908536,0.015368495954985777,0.8529153561551035,0.9884830008069737,0.0,0.00037646128980057414,0.005613654772036757,0.01021653172442591,0.0,satan,0.0016291044814731165,0.0,1.0,0.0,0.009250649664653386,0.0,0.0,0.0,0.0,0.0,0.001331397355982683,0.0,0.012260869799974688,0.0,0.011436685030317332,0.0,0.0,0.0,0.0,0.007923023429799786,0.014368394101249547,0.0,0.0,0.0,0.0,0.0,0.027585422184678285,0.0,0.0,0.0,0.013218748198013448,0.0,0.007422701113064243,0.0,0.0,0.0055999362762013715,0.009211477946124723,0.0,0.017936730085875294,0.0,0.0,0.0,0.0,0.0,0.00512847993458363,0.0,0.004965800960909799,0.0019986813706977143,0.00555181332851935,0.011699644142154915,0.0,0.014967401244925753,0.9965689854357518,0.002208551779054508,0.0,0.01181908355317494,0.0,0.0,0.0,0.0072582253247812575,0.0022398001318370895,0.0,0.0,0.0,0.0007931148075483819,0.013387426969926676,0.0048880303274182815,0.0,0.0,0.006289486267465302,0.0,0.010062289058885369,0.0,0.0,0.01041535661379961,0.0,0.0,0.0015271979564175887,0.0,0.0,0.012461438730476152,0.0,1.0,0.0,1,satan,Probe
0.00763882226713574,0.006913840029457029,0.0,0.0,0.001298394468749111,0.0,0.0,0.0,1.0,0.007063650062329011,0.007162267969212961,0.001983588835310747,0.0,0.007518379123020271,0.0008972726510527544,0.0,0.016311620524239522,0.013537984811341884,0.008670971003927871,0.020436372116621363,0.0,0.0,0.006987608592504582,0.019034481007586812,0.0,1.0,0.00204861970003942,0.01653030232815919,1.0,1.0,0.993439598561409,0.0,0.0,0.0,0.0,0.0,0.0,0.0,normal,0.011343864723797016,0.988691578737055,0.0,0.0,0.0,0.0,0.0,0.005276874696880896,0.0003752576131904087,0.010806416393928467,0.0,0.00708042899869191,0.0,0.01836740129932003,0.013195724464682174,0.0,0.0016239717724460063,0.0,0.0,0.0,0.0,0.004896908160872302,0.009332427761949192,0.0056089378413396755,0.009165412621675414,0.0,0.0,0.9988955346911891,0.015400027543470356,0.009987527436382359,0.0,0.0,0.009860749310337034,0.002148425861130301,0.0,0.0,0.005720392787205382,0.016872352353899642,0.0,0.0,0.0,0.0,0.0,0.0,0.0,0.0,0.0001833917743699963,0.0,0.0,0.0,0.018883850268488916,0.0,0.0,0.005940390006636804,0.0012013431895268399,0.0006621268300024713,0.0,0.01920405432698114,0.0068267815397129485,0.006703429703496743,0.02169183648544132,0.0,0.0,0.0,0.0,0.016199041610886488,0.0,0.007687350402240709,0.0,0.0,0.0,0.008399364088965685,0.0,0.0,0.005040530326663085,0.0,0.002526786215444274,0.011695236536145237,0.0,0.01143762618719224,0.0,0.0,1.0,0.0,0,normal,Normal
0.0,0.004866782589410831,0.0,0.0,0.0,0.0018187082784995154,0.0038156460802172623,0.0013329861911961832,0.0,0.0,0.0,0.0,0.0,0.014616950232417792,0.021481836315508217,0.0,0.004798468661913975,0.0,0.014274152943866447,0.5860367166906169,0.013599416760634912,0.012794178958806022,0.0,1.0,0.9968663980498628,0.005416626454410862,0.052858547339912854,0.0,0.9992192119875382,0.015957738810123148,0.02107690270392067,0.05858777106906456,0.0,0.011356495916427574,0.0075615570084711595,0.0,1.0,0.9922152586006261,neptune,0.0,1.0,0.01041584900880659,0.0,0.0020103962106381964,0.0,0.00016117525322590948,0.005701280249938858,0.0,0.006419438466441001,0.0,0.0,0.002498902266540323,0.016992619498972975,0.0,0.0,0.0,0.0,0.0,0.0,0.0,0.019139337032133247,0.006079264988814355,0.0076742794123789695,0.009273720394194988,0.0,0.004239252292356417,0.006965860386102167,0.0,0.006098304429259207,0.0019503093314748577,0.0,0.0,0.012444554402260373,0.005384724714433784,0.0,0.003221133617268903,0.013914920918337183,0.012956860013423612,0.00020595404260785502,0.002958634411095536,0.011741952494139778,0.0062989084370269404,0.010953991341508413,0.0033421543855980756,0.0,0.00843772507905878,0.0013193683280578457,0.007338149164118567,0.008478540768393586,0.0,0.0024640137732077124,1.0,0.0009871580733526262,0.0,0.0,0.002394720853706877,0.0,0.0,0.0,0.01559511957325406,0.005674658629172008,0.005677148791338127,0.0012916313267887392,0.0,0.002165835876911707,0.0,0.0,0.0,0.015571416676706836,0.009855430012852148,0.0003661372745251365,0.0028442547590894814,0.0005773313747486074,0.9941867781087603,0.0,0.010200898307851933,0.0,0.0,0.0,0.0033956184184758048,0.0,0.0,0.0,1,neptune,DoS
0.0,0.0,0.0,0.0,0.0,0.016882542531079698,0.0030119759628374106,0.0,0.004158724141808742,0.0,0.0,0.005256365051896964,0.0,0.0,0.0,0.0002291895180299358,0.005663087233574758,0.0,0.0,0.36090530882990796,0.03516291907412921,0.9887836574102299,0.9933535144500666,0.008396893359218281,0.0,0.08974488298222916,0.08725588448852725,0.006044637251009808,0.9934712091903662,0.08870762767772514,0.07251217334140132,0.0769175518281088,0.011681047996821875,0.02151123546297445,1.0,1.0,0.0,0.00043087299070341525,neptune,0.0,0.9795286531889513,0.0,0.00018432301749817865,0.0,0.017817317926908417,0.01004268952737875,0.0041379295104591865,0.0,0.0032196113698709445,0.003419499889204651,0.0,0.02114050319175604,0.014305247872283667,0.0,0.0,0.012605065300042831,0.004752147549448941,0.0007069519512154435,0.0004365543473297149,0.0,0.0028491576960176512,0.0,0.0,0.0026788060583159846,0.0006496582777640963,0.0,0.005135727226723978,0.0,0.021996324770977446,0.014376777009131798,0.0,0.007851063313056102,0.011370780419588604,0.0,0.0,0.0025692662357621795,0.0004707540607890138,0.0061655250938906295,0.0,0.0,0.0,0.0,0.000812467154651448,0.005259731723290088,0.0023217568346783238,0.010345260839717896,0.008458686301815347,0.019069468694681704,0.010508444724704474,0.0028689412384023424,0.0,1.0,0.0,0.0,0.0,0.0,0.0023226580292160675,0.009141133193964925,0.0,0.002280561281123295,0.00674469417093002,0.0,0.0018945511083347838,0.005799688698104393,0.008795134553010002,0.0,0.0,0.007797029436600146,0.0,0.0,0.004551352982524677,0.006973159732168588,0.0,0.0,0.0,0.0054465891388696995,0.0,0.9996250314222959,0.005244605210423855,0.0,0.0,0.0,0.0,1,neptune,DoS
0.0,0.0,0.0,0.0014775259311534852,0.0006243721135692181,0.011598371961698535,0.0,0.0,0.0,0.0,0.010798549006114997,0.0012384172472580288,0.011788613526183376,0.00574520062771172,0.0,0.0,0.0,0.0,0.0,0.0445506973483205,0.030245989021364293,0.016388826069625828,0.0,0.0008741888800989014,0.02121524239582972,1.0,0.004400461497497604,0.0017239324789944724,1.0,0.2253038250095449,0.2171585734975027,0.0357323991729967,0.2081257565994549,0.005077677770843575,0.008174438289083581,0.0,0.0,0.0,normal,0.006932976382057169,1.0,0.011017586247728145,0.0,0.0,0.008009425995992397,0.012520195012910856,0.0,0.0,0.0029070063962805866,0.0,0.0,0.0,0.0,0.0,0.010190266215157558,0.0,0.0,0.0035593761440784956,0.0,0.015366911459423769,0.0,0.0,1.0,0.0,0.0,0.018754900595656408,0.0,0.0,0.0,0.0022044904406564483,0.003397228013849487,0.0,0.0,0.0,0.005251055793030589,0.0,0.0,0.0,0.0,0.0,0.0,0.010711231392245548,0.0,0.0,0.0,0.0019279197899046618,0.022076672017374174,0.004926694857902325,0.0,0.008395122790268435,0.0,0.0,0.0,0.0,0.0,0.0,0.0,0.009497094264768783,0.0,0.022836747966086715,0.020219983855259964,0.0,0.010147618491868118,0.0,0.0,0.0,0.007299410253696493,0.005744078455186932,0.016273454461909625,0.002241836890956888,0.0,0.0,0.012095158126828844,0.0,0.013196462188032457,0.00014433224658941455,0.0018522295998990327,0.0,0.0,0.007378499377536199,0.0,0.9971930525127908,0.00863822640634689,0,normal,Normal
0.0,0.0,0.0,0.004337807221754664,0.0,0.0,0.009806799106695581,0.0014184891778373427,0.003650714802637151,0.0,0.007830515886264709,0.0024524262981206013,0.0,0.0,0.012083488811064509,0.005530876921224987,0.0035069274543775104,0.0012120627104785851,0.003700070878610206,1.0,0.9982266641583586,0.0,0.0,0.011319786797578849,0.00966432074922731,1.0,0.011278333260439559,0.007037879011032637,0.9939822894854029,0.9937875326184148,1.0,0.020461231108354974,0.9474191737174644,0.005451070523727198,0.013603755596063565,0.014005286867331927,0.008713737117882994,0.013591469668420364,normal,0.0,0.0,1.0,0.0,0.008044479456575639,0.0,0.018021064339109872,0.0,0.0,0.003670184398933112,0.0,0.0,0.0008963788678951461,0.0,0.0,0.003576676562577022,0.008978634531861339,0.006950858766104542,0.0,0.0,0.0,0.0,0.0,0.0,0.0,0.0,0.0006227338819628876,0.0,0.0,0.008986359801777513,0.02289257975255395,0.0,0.018609752102706253,0.010262718291407824,0.0,0.0,0.0019292110845547065,0.0,0.0012743772428924483,0.0,0.0,0.0,0.015895948729366435,0.0,0.0,0.0,0.003821943593431818,0.0,0.004027436197517094,0.0014194876258533356,0.0028088750153190613,0.016166699142512193,0.9916341053109007,0.00048794545656161094,0.004810651153894554,0.0,0.0,0.026904183489062587,0.006120002329118277,0.0063163537852710325,0.0,0.00413165388394402,0.018487058721888137,0.001795118837005009,0.0,0.0,0.004451494877745463,0.011137595717083715,0.0,0.0,0.018492658107718517,0.013842211988312859,0.016326806015444676,0.00811776900740676,0.0,0.008503522744642777,0.0,0.0,0.010688117040689664,0.0,0.0,0.0,0.9943637773262658,0.012418058232265912,0,normal,Normal
0.0,0.0015943945746962809,0.0,0.0013421080601701445,0.019515268152980828,0.0,0.015293786705061459,0.0,1.0,0.0,0.0064174814513713405,0.0,0.0,0.012024624118853442,0.0,0.0,0.0,0.005997668158401699,0.0,0.005972051129558914,0.00757281456323116,0.017959705934661393,0.0,0.0,0.0,1.0,0.0040439676806651465,0.001965691898844253,0.9870491862094982,0.7741334900758146,0.7944715703498767,0.11236356835543253,0.009713064378972418,0.0,0.014518994174734857,0.006291588689022346,0.21395279116675223,0.0,mailbomb,0.006112135969699184,0.9843416839136434,0.0,0.004573779271386,0.01744516197705806,0.014077115266176108,0.005092825627351684,0.0,0.0,0.011881702581633652,0.00642689055246818,0.0,3.479598243511287e-06,0.0,0.0024914960124971094,0.0,0.007949280764305022,0.0,0.0,0.0,0.0018409423463156653,0.0,0.0,0.0045163306587892435,0.0,0.002944618658288291,0.004886399135977003,0.0,0.0011009765309608237,0.0011191653824276044,0.0,0.0,0.0,0.0,0.0,0.0,0.004817598419300702,0.0,0.0,0.0,0.0,0.0014573147200346729,0.002324373286500296,0.0,0.012620040260151238,0.001011945491177722,0.0009572783627952054,0.0,0.0,0.0,0.0,0.005475646505690648,0.0,0.00039648307528114,0.006908400795131069,0.003479190343597164,0.0,1.0,0.0,0.007030383568260956,0.0012838890010678258,0.009196084294282121,0.0,0.016734646073707313,0.0069741044723476125,0.0,0.011929494467332729,0.0,0.017404740042265394,0.0015057399925601292,0.007295487629558416,0.001918646664651747,0.0,0.01605925904431793,0.0,0.0,0.011378057153935655,0.008002847641452912,0.005803289356684226,0.0,0.010270536827856848,0.011825454555924406,1.0,0.0,1,mailbomb,DoS
0.003820543135795731,0.0,0.0,0.007347546575030072,0.008175442299593964,0.00011143204339473969,0.0066518382979278935,0.0,0.00035983845767202167,0.0,0.001493560845526134,0.014579929480762753,0.011086430945976758,0.008570944679469516,0.005985944094433759,0.0070272817180225145,0.003615790636589953,0.0,0.0,0.26780096189558533,0.018260099750123507,1.0,1.0,0.00841941769709507,0.0,0.07906129438900895,0.0705552509391373,0.0,0.9937567780830332,0.052600501393317796,0.03459226958411771,0.06041137451153076,0.0,0.0,1.0,0.9893577222137458,0.004533992120913834,0.0012643252695254074,neptune,0.001830098476863562,1.0,0.0,0.0,0.0,0.0,0.0033314079789902866,0.0,0.0,0.0,0.005330987092907445,0.0,0.0,0.0,0.0,0.015008175397133923,0.0,0.0,0.005583385638862902,0.0014192329338663168,0.015825361295104385,0.0,0.0,0.0,0.0,0.0,0.007838235267046034,0.00488432522365269,0.0,0.016367539854425472,0.0,0.0,0.0,0.010730830129754792,0.0,0.0,0.0,0.0,0.0,0.013801864009211566,0.013527371579321117,0.00908268960094066,0.0015916814291313797,0.003831161734225215,0.0,0.0,0.0,0.013502481638872826,0.0,0.0008570748151996339,0.00939572502668139,0.0,0.9984589626960257,0.007413685657532063,0.0,0.0,0.017583266544258666,0.0,0.0069324913058978746,0.0,0.006177370290892666,0.0,0.0,0.02120098909631684,0.0,0.006523070543290693,0.008001024281964551,0.0,0.0,0.01307931361110018,0.0,0.004856118732212303,0.0,0.00043593152819577723,0.016710151287252048,0.0,0.0,0.0,1.0,0.0,0.008609013200947441,0.019785031060141768,0.0,0.00869874101918189,1,neptune,DoS
0.0033683634408671823,0.006038911801716414,0.008886828770131196,0.011817872222101275,0.0,0.012889539101494938,0.011725121410758746,0.004701928902015459,0.9863465753643038,0.00224889882205293,0.004101645615607724,0.02952683913282167,0.008297009344125278,0.0,0.0,0.0,0.006264736400652749,0.0,0.0,0.017118615332086088,0.021741015327193716,0.0,0.0,0.007383027670888637,0.0026048530882802237,1.0,0.0,0.0,1.0,0.9776334008954763,0.9977455934300227,0.0,0.0,0.0,0.0,0.0,0.00395928748266315,0.0,normal,0.0,1.0,0.003172421878649276,0.0,0.0,0.0,0.003402317301294497,0.010128067547500934,0.0,0.0,0.016861362237721236,0.0,0.01478482028989245,0.014137327969926393,0.0,0.004075570045852081,0.0,0.0,0.0,0.004262433786943346,0.0,0.0009555746752386627,0.0,0.0,0.0065396932018550145,0.0,0.0028548671243461845,1.0,0.011685745041213226,0.0,0.0,0.01089978398115701,0.0,0.0,0.008405620786777862,0.0044903665449557905,0.0,0.0059555355957596826,0.01773080103626958,0.0,0.0,0.0,0.0,0.0,0.002748369525725095,0.0009057299164111063,0.004062808638673435,0.0,0.0,0.015237377687447179,0.008030723028548424,0.0,0.0,0.013631970437061358,0.0022757013234097983,0.01595263237207187,0.0,0.014504051469673193,0.003524055219166612,0.0,0.006567035001147613,0.0,0.0,0.0,0.0,0.01532009791596377,0.0008469771570915463,0.014553172291413856,0.0,0.006577130521584287,0.015796276404348917,0.0,0.0011190153061872527,0.006532163111655914,0.00371114766168426,0.0027001026684472834,0.0,0.004496555871373939,0.00534075295001108,0.0,0.00509993736109129,0.0,1.0,0.001524881950840611,0,normal,Normal
0.0076501224377041165,0.0,0.001675420099283826,0.0,0.00206128277599016,0.0,0.010117304707758693,0.006703765313960639,0.007421401264157305,0.00410826437996468,0.0,0.0,0.0,0.009689044911223427,0.0007363279471820181,6.146618454766095e-05,0.0,0.0027637262090363522,0.0,0.0016544327451696516,0.002886162924599041,0.001995567526742105,0.004028399381821612,0.015202670853919105,0.0,1.0,0.008312214135164486,0.6870373337543949,1.0,0.971427474920187,0.9854573992838385,0.003913814472412407,0.0,0.0,0.0052251235951019034,0.0,0.0,0.011242453587742361,normal,0.0,0.0,1.0,0.0,0.0,0.0031243709388593835,0.000491940730762577,0.007818085895522641,0.0,0.01752988707378658,0.0,0.0,0.004954861180605122,0.0,0.0,0.9835523306459392,0.015703987627077667,0.019245479858381126,0.00921066221617526,0.0,0.01799491302753199,0.005761928554890863,0.0,9.709163002756409e-05,0.009649161329022835,0.0,0.015453310652933856,0.004315164126088091,0.0,0.0,0.0,0.007851211737034422,0.016020764124668997,0.0006470214779897,0.0,0.01567822869789653,0.012000063289210857,0.0,0.0,0.004216789377892036,0.023685029884914374,0.0,0.0,0.012892567793537457,0.002221366829638656,0.001476295807342459,0.0036879157551576603,0.0,0.0,0.0,0.0,0.0,0.0,0.0009836402359365342,0.0,0.0,0.016711906628287476,0.0,0.0,0.0,0.0009699751400955968,0.00466746953512932,0.0014469540920176624,0.0,0.0,0.0218953237320657,0.0,0.008718359085925508,0.0,0.0,0.014078822196274373,0.0,0.0,0.0,0.0,0.004228228768888609,0.0071292848805068615,0.008528597305775916,0.0,0.013947675306819498,0.005895559997990049,0.02790587178160338,1.0,0.0017289477366385741,0,normal,Normal
0.0,0.0,0.0,0.016794582584258224,0.016388904231971233,0.015477271769268053,0.002016474688901214,0.013941493473378119,0.0,0.0,0.012118130781437532,0.0,0.0033970431471400933,0.006676638272770754,0.0,0.0,0.0,0.00613310466946342,0.007885839514790868,0.4517735370412336,0.0121526116459199,0.994659881681162,1.0,0.0023721611418128516,0.01690230815874222,0.03563843541203077,0.04576777380664961,0.007085844645199281,1.0,0.036521592197284146,0.011534871077853996,0.07842272907698415,0.0,0.0021596222240621776,1.0,0.9959023661765012,0.0,0.0,neptune,0.004230158951204161,1.0,0.012961922370509877,0.0,0.011055308196359574,0.0,0.006981385665348151,0.0060756431489473505,0.0011640852375500428,0.0,0.007409755341269325,0.005896218975447504,0.005124663811629257,0.0,0.006415590689805766,0.0,0.0,0.004927575881907394,0.0,0.0008484055478704313,0.0,0.004708131580973474,0.003969131788135966,0.0,0.003933350681270573,0.0017698447609418447,0.013987875996016788,0.0,2.728959550994031e-05,0.0,0.003942768567220764,0.01627514584480194,0.009338458765906043,0.0,0.0,0.0,0.010598623195710958,0.0,0.0,0.0,0.00036256946092988576,0.0,0.0,0.0020660739257779065,0.005937542606851773,0.02272672387147556,0.0,0.0,0.012243479769159536,0.002198312845864267,0.0013608428873204742,0.0,0.9885429630205828,0.0,0.0004945848502274243,0.007669160361779116,0.00893706511976441,0.0,0.0029071476085231187,0.0,0.011596171976396244,0.002052497812364273,0.010698484311382683,0.0,0.005692931399478889,0.0,0.009248887086407927,0.0,0.007065357837437499,0.0,0.0,0.023779816139140916,0.0,0.011339589044923251,0.0,0.0,0.011962800597654732,0.0072531753364236855,1.0,0.0,0.0,0.01991686433824918,0.0,0.017873874011683576,1,neptune,DoS
0.0,0.0,0.0,0.0003823403529842838,0.0,0.0,0.017644538121413526,0.001856057781862778,0.9963227354538562,0.01139796364821355,0.01332781894602238,0.0017411316704664492,0.0012914937753951763,0.00485926332575456,0.010380740857402386,0.0013298306765104843,0.004909103925999897,0.0,0.000534257183835961,0.007947773535532037,0.0,0.016346814445414512,0.0,0.33184098430455483,0.31392475366467415,1.0,0.0,0.003416766663732679,1.0,1.0,0.9976509451966422,0.0,0.01415839850174543,0.0,0.006405760960731003,0.005781067926937145,0.03798344301236114,0.04836564489741044,back,0.0,1.0,0.0061705781880543676,0.0,0.0,0.0064680588575293275,0.004934541518040729,0.010067176573394017,0.0,0.008987600480697468,0.006771917813847943,0.0019431414084525257,0.0,0.012020325591952328,0.016430381020218973,0.0009796707379574657,0.0,0.012864007130231678,0.0,0.0036097586094457424,0.0033654106829975232,0.0,0.0,0.004299606090333348,0.0,0.016151354196041787,0.0,1.0,0.0008098544681927645,0.0100369077791501,0.01190544082310643,0.0,0.007494834382623094,0.007708212328536036,0.012737407816209126,0.0,0.0,0.007475284117097298,0.0,0.014775296348492308,0.0,0.0030457105677328677,0.0071001611008249645,0.0,0.011535167515833231,0.016098991922930482,0.009971711551290806,0.00478862725506707,0.0,0.0,0.0,0.0,0.0,0.0025805648332702658,0.001851958343343594,0.005589053414138977,0.0,0.007772133682260472,0.0,0.0037461701815903643,0.009954439460836155,0.0,0.001982214774433429,0.0035964092237225883,0.0,0.0,0.0,0.0,0.0,0.0,0.0,0.00959286929715283,0.02174419558120022,0.00017614581517225427,0.01488439945621772,0.006054555466462483,0.009715496060247162,0.9957372879967205,0.0,0.010730019181578183,0.0,0.0,0.004341539332999065,0.024087017967408277,1,back,DoS
0.0,0.0,0.0016835975731587462,0.0,0.0,0.0,0.0,0.0,0.0,0.026279013245523564,0.0,0.0,0.0,0.019260764991569514,0.0,0.0,0.0047167418901826645,0.0,0.0006874243136107762,0.9590290903680216,0.027994608019511872,0.0871434493416946,0.0047093245315912476,0.9209322347226641,0.9804985755066552,0.0,1.0,0.0,1.0,0.0,0.0,1.0,0.0,0.0,0.17942871396928672,0.0,0.8322279933814885,1.0,satan,0.0,0.9919987447293597,0.005174004162267594,0.0,0.014200107148917852,0.0,0.0,0.008319966975141207,0.0,0.013539890222530208,0.0,0.0,0.0,0.0,0.0039762878559868355,0.0,0.0,0.0,0.012153055096504476,0.0,0.013203154124578896,0.0,0.0,0.0,0.0,0.0,0.0,0.0032512933540018987,0.0,0.016944362386520254,0.0,0.0,0.0005266393406022984,0.017652839982946415,0.014504973637016064,0.0,0.0,0.008424244443094366,0.015948039991796167,0.0,0.0010241475822764844,0.00488093365314714,0.008100051826231773,0.001201987292081065,0.008439942754748905,0.00427284355408809,0.0,1.0,0.0,0.0,0.0,0.0,0.0,0.0,0.0,0.0,0.0,0.021498463500834508,0.013147263145516522,0.017722382733469537,0.011265585481508267,0.010958738521163648,0.0,0.0,0.0,0.02331477218370105,0.0,0.0,0.00048288130667617,0.003369564208904366,0.0,0.008454151040595189,0.004823211135398603,0.0,0.9843788323423288,0.0,0.0,0.0,0.0,0.0,0.0,0.0009635916107318457,0.007367216827830501,0.0,1,satan,Probe
0.0020150126504582724,0.00785571202170862,0.0071233722068776,0.0,0.017327015379865415,0.0,0.020355028485559333,0.0,1.0,0.0024383314143926935,0.0,0.0,0.0,0.003961328416239341,0.010053315993733571,0.0,0.008503107528542284,0.0,0.0,0.009469226920622843,0.0,0.0,0.0011200355838705605,0.0205477354309237,0.0047844381240646616,1.0,0.013791403960126122,0.009400623252109547,0.9859511192485323,1.0,1.0,0.0,0.0039087816782570565,0.0011027063099700184,0.008531698774836314,0.0,0.0031640485191404915,0.009922483637617724,normal,0.004555032193608521,0.9972819766088666,0.0,0.0,0.0,0.01702494493332053,0.0,0.010465332374868281,0.0055783938604755225,0.0,0.0150244349209895,0.0,0.012741490380979681,0.0,0.0,0.0,0.0,0.0005115603829959842,0.0006846650644803797,0.0,0.0,0.0,0.0,0.0,0.0,0.0,0.013835130674947401,0.9888739139273575,0.005612251734205959,0.015454540665871501,0.0,0.0018718925050398984,0.0,0.004912629146373914,0.015736048206174153,0.001776545554479674,0.0,0.0,0.006692803817871251,0.004038924837784432,0.0,0.0,0.0030666678428346397,0.016308637763627166,0.0,0.0,0.004804057458136946,0.007975666810336826,0.0,0.0,0.013943258970743926,0.002117208338096065,0.0,0.008534495497370074,0.0,0.0,0.0055842292878921194,0.0,0.0,0.0,0.010490809495837203,0.0,0.0015301169522820574,0.014638291297043313,0.010560101189944493,0.026487763453816437,0.0033887418452545155,0.003722343386395398,0.0,0.0004976186286411044,0.022374912167741345,0.0,0.0,0.0,0.008134203441974562,0.0,0.011605091014183378,0.01144084422795405,0.0,0.0,0.01095533456151596,0.0068966353519050805,0.9950801604192573,0.004524369822206898,0,normal,Normal
0.0009019751374135338,0.005382111671985318,0.0,0.0,0.010798165059059178,0.0,0.0,0.0,0.0,0.0,0.0,0.011589109861465543,0.0,0.0,0.0,0.0,0.0010859487060454354,0.003060427975583438,0.01743767389283217,0.07481565921219055,0.029441930809313448,0.01159054416895237,0.005875386381061537,0.9977755261849369,0.9953032071555745,0.4518177995444712,0.13534001574174578,0.003781849963533064,1.0,0.23122961430308117,0.24210753017386297,0.09978737940995952,0.008577978684778064,0.0,0.0,0.0,0.9957764165225641,0.9974830466893936,neptune,0.005402731969197302,0.9995414218583114,0.0,0.0034711784881373644,0.005677206330338216,0.008765188236741994,0.0,0.0,0.0,0.0038366268285834923,0.004567639114862845,0.0029684381896240416,0.0,0.00790086140214183,0.006383778522375229,0.00039151389603203835,0.005476205111725312,0.014896127647265176,0.0,0.0,0.010906339972223948,0.007457651571491797,0.0,0.008226186281395303,0.0,0.0004873620298197677,0.0,0.9985106967017576,0.0,0.0018805857191232886,0.007991245281135552,0.0,0.0,0.0,0.0,0.003679232837300406,0.00533725873319444,0.0,0.0,0.0,0.0006870640994289546,0.0,0.005911125346365901,0.0,0.0,0.005477243264508369,0.0077334462459826515,0.0,0.008342404022454798,0.0,0.021506042558832143,0.0,0.010329747966505421,0.0,0.0,0.0,0.011528802668628262,0.0,0.011571231955363295,0.008808464780456316,0.0,0.0,0.015980139970578514,0.0,0.0,0.006570232991176256,0.013913295412501542,0.00377478725782886,0.005795712362557734,0.0,0.004539358995334755,0.0037780863869921956,0.0,0.007054773038794978,0.9997883423987407,0.0,0.0,0.004740277560065694,0.011923461350124129,0.009047336763156657,0.010287641154527296,0.0,0.0,0.0019255019166776696,1,neptune,DoS
0.010427335110800724,0.012388630379223543,0.007226217559132755,0.00503644185605879,0.008276805031035218,0.006441319494959399,0.0,0.0002611177150183251,0.9944373394717178,0.0,0.01066162129625711,0.0030036920792105176,0.0,0.02123535065442,0.0,0.005176654121240892,0.008807919878068993,0.0,0.0,0.0107385271688151,0.060300607032574886,0.0,0.0,0.008279076922655015,0.0,0.9888646053049607,0.002178623805513993,0.20026251812202236,0.7223215316291172,1.0,0.9921558425389702,0.0,0.01834357053775682,0.030809880250585717,0.0008308876072135754,0.0,0.0026775908069274308,0.004520140289922485,normal,0.017195770447145577,0.9929470108428788,0.0,0.0021611430422128243,0.0,0.0,0.0106781748906739,0.007930138568762348,0.0,0.003077457815914596,0.0,0.0,0.0,0.0014161398137057545,0.008702638091230194,0.011668959611861608,0.023032242849444315,0.013353135583288482,0.0,0.008051544055632801,0.0,0.0,0.0,0.0042805382320052175,0.0,0.0020140912276444406,0.0033174434097095855,1.0,0.009606705266941504,0.0036402635473458196,0.0,0.0,0.0,0.0,0.0,0.0,0.0,0.014311096861247201,0.0,0.0,0.010131543751769756,0.0,0.0,0.0,0.0,0.0,0.0,0.0,0.003071060448278064,0.006542511736015685,0.014697281260424126,0.0021828959065295353,0.0,0.01976566191464397,0.0,0.0,0.0,0.0,0.0,0.005509106183907606,0.0,0.00757889117443731,0.0006043784446267134,0.0,0.0,0.0,0.023540104792119924,0.007003957141811082,0.0,0.010857062860260194,0.0,0.004294368798434932,0.0,0.0,0.0,0.0,0.015304653226324379,0.0,0.0026944702949077176,0.010168502475826971,0.0,0.0,1.0,0.0,0,normal,Normal
0.011060863534539042,0.0,0.0200191495241515,0.0,0.0,0.0034320810051445268,0.003889686864709608,0.002139083563288353,0.0,0.007063341808742915,0.004238396237978524,0.0,0.0,0.007039544052483022,0.009463077255925476,0.013341866769081275,0.0,0.004823914259610911,0.0,0.43561153483981163,0.009489017968552447,0.0,0.0072728372193797824,0.9980766185271716,1.0,0.021704912171788777,0.06345298603135201,0.002903335108736103,1.0,0.01821128921202781,0.006540672148835732,0.07734346829868695,0.002868581630227573,0.0,0.0,0.016733856871709835,0.9875173179876902,1.0,neptune,0.0,0.993213198284378,0.0,0.010092277685467702,0.02465589720410136,0.020105315195157677,0.0,0.008415278088873409,0.0,0.0,0.0,0.0,0.0,0.0,0.0,0.0,0.0,0.0,0.007330244446391545,0.005030981790870286,0.0,0.012568463960177743,0.0017036073025640558,0.0,0.0,0.011930574732027549,0.0,0.004016969935938346,0.015301029991995061,0.0,0.0,0.0,0.012947411227817254,0.0,0.018968643656797207,0.006648041842818732,0.005544551823048066,0.0,0.01733449240314626,0.0,0.0,0.0,0.0,0.008045659503570442,0.004634057665763939,0.004020382234014314,0.007490656721673652,0.006542941309463866,0.0,0.00794897050058153,0.0,0.013658543330241364,0.9875844016005884,0.008789059532128845,0.0,0.0,0.0,0.011218919446057464,0.0,0.012427920740674631,0.007541187239563307,0.0019081071020456118,0.00496047411361211,0.004411714044263889,0.0,0.003475990356464199,0.0,0.0,0.0,0.0,0.0,0.006323094031346086,0.0037934685196101855,0.008697855946590631,1.0,0.00528995188835718,0.0,0.005273406811769489,0.02622069646463159,0.018395750783820906,0.022821678905375693,0.0,0.007958379105565702,0.0,1,neptune,DoS
0.0,0.0,0.0,0.0,0.0002715410318471175,0.008138636913730507,0.004159630310557919,0.0,1.0,0.0012713540501009422,0.009707201856912871,0.0,0.006082199502733967,0.0,0.030161832703228312,0.004392730586235047,0.0,0.0,0.0,0.0,0.00901642431342919,0.0,0.019058932178824553,0.008294939572948648,0.0,0.9982375462264967,0.0,0.0,0.7858382136511809,1.0,1.0,0.0,0.012636065033578328,0.0,0.007083188760961272,0.0,0.0,0.0,normal,0.005037966412937209,1.0,0.0,0.0,0.0,0.009459434040992124,0.009826494069290858,0.0010006285224332158,0.0,0.0,0.006746863629822667,0.0,0.0,0.0,0.0031843422646026204,0.0,0.008724715392810466,0.0,0.00035365365814673096,0.0,0.0005135133830911491,0.0027124984620874697,0.0,0.0059088007366849184,0.009608171462128083,0.0,0.0,0.9985723449111724,0.0,0.0,0.0,0.0,0.013579364712044685,0.0,0.006342446302508413,0.0,0.0006062340164762319,0.0,0.0,0.0,0.0,0.0,0.00823615047438928,0.010378634825207358,0.0,0.004487560343311629,0.007918833679252436,0.011626233445057508,0.011848661100228761,0.01629583956477038,0.0067319739786693015,0.014924984805927133,0.00028334718787253007,0.005744093627547683,0.021207022381981085,0.0008745453352147214,0.0,0.006269432490048588,0.010272921910857897,0.013582853602208868,0.003530826976368209,0.002765732418006332,0.0,0.007844862092759631,0.0,0.010066019700723459,0.011542515765452725,0.006503732301879747,0.0,0.010816586344591046,0.0,0.013296630420316133,0.0,0.0,0.0,0.0,0.0029597091759591353,0.0,0.0026451183155724108,0.011334165543707921,0.005346892795739936,0.0,1.0,0.0,0,normal,Normal
0.008535673870116807,0.0005925563293584895,0.009396147577310512,0.0,0.008302315523799763,0.0,0.015606285486767747,0.0,0.0,0.001381590383680063,0.01386385077018676,0.0,0.008984167170389459,0.00037623617764829766,0.0,0.0,0.005469524875309565,0.0,0.0,0.45108785287408926,0.04555851141189538,0.011219388561944819,0.0,1.0,1.0,0.08783552064128494,0.07324326586418183,0.0,1.0,0.06382592496711015,0.07120373052920968,0.08153312014439017,0.0,0.00360719984237347,0.000529886472487115,0.0,1.0,0.996318765987654,neptune,0.0,1.0,0.0,0.0,0.014874962714669447,0.0,0.002316045500720493,0.007465139474378746,0.002256607395926821,0.01572750411094078,0.0,0.001714359087433567,0.0,0.0,0.0,0.0,0.008104198232106861,0.0,0.01270448717513999,0.0006738582329569919,0.015053179717450172,0.003702357990456892,0.0,0.00111868277080115,0.009047824132099707,0.0,0.0,0.0019915491481979223,0.0017223345400802193,0.007464322202328545,0.007890768861145439,0.0,0.0,0.0,0.002994979557604519,0.0023129750982628897,0.0,0.0,0.0,0.0,0.0026435563590081206,0.0,0.0,0.0,0.0,0.02527278383561617,0.0077360493984879935,0.0,0.003998156266214627,0.0,0.0,0.00883910642150714,0.9934857438050452,0.0013514647228126168,0.0036376442503361713,0.0007215782129398519,0.0023728009614869977,0.006566500372330216,0.0026148206136935546,0.0,0.0060611443962807765,0.006975754327732725,0.010268897503113873,0.0,0.00781595340506138,0.0,0.0,0.0085614454995903,0.00882895520225384,0.0,0.00030963617701232246,0.0,0.009313331410815636,0.008009196362576106,1.0,0.009720158311406471,0.006291975942207368,0.0,0.0,0.0,0.0,0.0,0.007502407990513547,0.016096795503714408,1,neptune,DoS
0.0,0.0,0.0004665709950339856,0.0,0.0065166446391691085,0.007824027552105104,0.0075608600057991675,0.004202451029400272,0.0,0.0,0.007597479510537482,0.004897609564820363,0.0,0.0,0.0,0.004030147479741446,0.0,0.011493361068278656,0.00391902181416016,0.8766781953820272,0.0,0.03422577913817215,0.0,0.9310964593222585,0.9996820158437103,0.00816108029710217,1.0,0.007998233179212699,1.0,0.006492813354417573,0.0,0.9773567804601115,0.0,0.0,0.03301378146637713,0.0,0.9543031432573257,1.0,saint,0.0,1.0,0.0,0.0,0.005444554978125447,0.0005121763077745473,0.002525965593780151,0.007076565482706909,0.012398229969862019,0.0,0.0,0.0,0.007267927341677204,0.0,0.0,0.008613816117786373,0.0,0.0026702261941153223,0.007805051475446956,0.0,0.0,0.02002404579647383,0.0,0.0,0.006936675772593381,0.0,0.013024319569661559,0.0,0.0060321262112578225,0.005116037197158065,0.001564754271861583,0.0,0.012385398666023645,0.0017848427373943643,0.0026049800000467905,0.0,0.0,0.0,0.0,0.0,0.0,0.001970251619791512,0.011507239210944134,0.01689237643754721,0.0,0.013404792859204985,0.00727822278524258,0.9950106902742909,0.0,0.0,0.0,0.019020584374365216,0.0,0.011788482900836306,0.011532463003656858,0.015785369926145213,0.0,0.01557180779294187,0.00854561922080958,0.00451290530496924,0.0,0.013766857256995961,0.0010757735997412267,0.004038539226447391,0.009058035822735294,0.0,0.015021822863020956,0.0,0.0,0.003609511322290095,0.0,0.0,0.0029670799485692722,0.0,0.9899139757349791,0.011356123593045846,0.0,0.010076787935135058,0.0,0.019720990995241154,0.0,0.0,0.002359337846034984,0.0005275890876555789,1,saint,Probe
0.008308059623414391,0.00013446763572867368,0.0,0.0,0.005543090993609766,0.01124456615661937,0.01667081393944108,0.014047106170368466,0.0,0.0,0.0,0.0,0.0,0.009934210745357065,0.0,0.0,0.0,0.0,0.004754184275199868,0.4874966369412538,0.04432206136621112,0.0,0.0,0.9900212634276987,1.0,0.067861302087136,0.0485776252780995,0.0,1.0,0.058856541242640295,0.04926259690443406,0.06489868868961338,0.0032896845805248766,0.02132683788223176,0.0,0.0,1.0,0.989358749594278,neptune,0.01716905975839692,0.974485079798932,0.0,0.009820898618791917,0.012630204401825341,0.0,0.0,0.0,0.0,0.0004985833344026702,0.0,1.0,0.011815422562313858,0.0,0.007040592898006109,0.020035425125954125,0.0005091252494270971,0.011444984499540276,0.0017969865889783754,0.0,0.004906292048835042,0.0,0.008878298839122774,0.01043116501622467,0.0,0.002762774293475495,0.0,0.0,0.003997267117005393,0.0,0.0,0.0,0.010463529880290949,0.0005396943220170378,0.001977398508073561,0.0,0.010412182126444503,0.0,0.0,0.0003415128865915028,0.02405367286872108,0.02218547764590476,0.0,0.016617476784825266,0.001629731523174643,0.0,0.0,0.007907385127822996,0.0,0.007711637216700639,0.018616565203639888,8.661898823574805e-05,0.0,0.0,0.0,0.0170448211468601,0.0,0.0,0.006502374267788757,0.0044801314846341905,0.0,0.0,0.006528002699067772,0.0,0.0,0.004198746451196903,0.006464009603523354,0.003701297496328403,0.0,0.008228807364859227,0.0,0.004514792028460893,0.0,0.00035331736575245666,1.0,0.0026342132026814517,0.0031772226052807777,0.0036418474846860722,0.0,0.0,0.0,0.0,0.0,0.013283002298526771,1,neptune,DoS
0.0004980115612431608,0.0038395464444269814,0.00951149015075963,0.0,0.0,0.008060899762139287,0.0,0.0,0.006418041109299745,0.0,0.0071041087596889095,0.0,0.0,0.0,0.0,0.0,0.0,0.0,0.0014576443698049067,0.012629091620382614,0.0054508525187739595,0.0,0.0014424972467410127,0.010609038548886725,0.0,0.20149243173838524,0.4048370847315172,0.0,1.0,0.0021439610209790126,0.0,0.015120625849795382,0.0,0.0,0.0,0.008896389346340346,0.0,0.007961010015801366,normal,1.0,0.015594146868617438,0.0044011106760288785,0.0,0.0,0.0,0.018136456970825398,0.0,0.018782575873731153,0.0010132630790094907,0.0,0.0,0.0,0.0049192868002453675,0.010411228589287905,0.012386370965927422,0.009161653859917174,1.0,0.0023500315819789718,0.017136039782103988,0.006706046778277698,0.0,0.014753715429580679,0.0,0.0023975805559386006,0.0,0.0,0.0,0.0,0.0,0.0006722719163391661,0.004611675650666321,0.0,0.011938210854803842,0.008371951716756162,0.013297728959499627,0.00720441035110837,0.0,0.00703425855593321,0.008727931330298332,0.009787835226132795,0.0037061302441115237,0.001264685701133052,0.012835606048392553,0.0,0.004390831814859629,0.0,0.0,0.0019327062203933275,0.0,0.001040599659890924,0.0,0.0,0.01149477092460396,0.0021623132125128007,0.008245198437908188,0.0,0.0,0.0,0.0,0.0,0.0,0.0,0.0,0.0016593266343960858,0.0,0.0,0.0,0.0,0.020478038292091067,0.0,0.016727117464445437,0.0,0.00040529183248470694,0.015335241609616544,0.0,0.0,0.00070991419867785,0.013316244966469479,0.0,0.0,0.005739336794565338,0.9959291633067274,0.0035341680971896416,0,normal,Normal
0.0,0.0,0.0014584897774551403,0.0,0.0,0.0,0.01156082452240378,0.0032240978087934385,0.002119997681613292,0.012515445420886784,0.00031163014246945737,0.0,0.004151799475836811,8.480623624817138e-06,0.004293407819435885,0.0,0.0,0.0,0.0,1.0,0.9990053373743271,0.0007989657172645331,0.00817410600532447,0.0,0.0,0.9887080202923167,0.0,0.0,1.0,1.0,1.0,0.009532045031310665,0.9967689316467438,0.0,0.003739421408912318,0.004489869797865185,0.0,0.0,smurf,1.0,0.0,0.006510547505807893,0.0,0.0,0.0,0.0012115682691787684,0.0,0.0,0.006920591846070673,0.0033631003323470418,0.0006061809990111329,0.0,0.0,0.0,0.004265957801798001,0.005561275033157507,0.0,0.9945246914518103,0.013814279401773802,0.0043611278532761,0.0,0.00041468723080581474,0.01728508950873525,0.0,0.0,0.001648217542296465,0.00427761657747285,0.009087361718903288,0.013384785100360164,0.0,0.0,0.003964711292486979,0.008651624735513981,0.0,0.0,0.003944529629649659,0.0,0.0,0.013446936343104867,0.0,0.003548674565100698,0.005954210290765663,0.0,0.010696714083985401,0.015543716193029185,0.0074465404783544634,0.0009110086940789073,0.0,0.014072741211289602,0.0,0.010282490245100058,0.0,0.006254724160158533,0.0,0.02459059801694191,0.005977731469530235,0.003158255367585662,0.014289420081690339,0.0,0.0,0.0,0.022136228347506528,0.0,0.0,0.003161028296358212,0.0,0.0,0.0,0.002639210408847978,0.01957535295194115,0.0068179673147384535,0.0,0.0,0.0009524783494400616,0.0,0.0,0.0,0.02785416881515023,0.02398909463777146,0.0002190045929228089,0.02157367144360341,0.9970832706630728,0.0,1,smurf,DoS
0.009691486014325283,0.0086775518928594,0.0,0.007174331560619232,0.0024221801833343155,0.0,0.0,0.0,0.0,0.0,0.0,0.015798439777926495,0.0034313940268497936,0.0,0.008237083770423408,0.0,0.030995355124087305,0.004185316318766537,0.0,0.5474908891537634,0.030405643018598525,0.005168502623006554,0.0,1.0,0.9864866529412624,0.05999528080193866,0.061372278285999636,0.0,1.0,0.07226830093578583,0.07222108608417384,0.06671748959836583,0.004767517155953577,0.0,0.0,0.03226595440062522,0.9824938219942787,0.9749921506048537,neptune,0.0014333439365469137,1.0,0.025532884554197693,0.0,0.02171269016110073,0.0,0.014109101299821796,0.003224117668830987,0.0,0.015109340160893617,0.00121782515376543,0.000306399311298188,0.007528289333764934,0.03305403443659747,0.0,0.0,0.0035748137649350424,0.000520828190069313,0.002102004153748688,0.0,0.008164563359424993,0.0,0.0,0.008144643308270324,0.0028964345872663022,0.016671852139194344,0.0024659849138152596,0.0027076266360383677,0.0,0.0005931843988124084,0.0008364780189005089,0.0057991798197062315,0.013647196440731355,0.017887087270935863,0.0,0.0,0.0,0.0,0.0,0.005238090850111236,0.02677096614185996,0.0,0.0,0.0,0.01808873616336363,0.006025161281001795,0.0035028287981819263,0.0,0.00550011095781596,0.0,0.0,0.015086309365217002,0.9812847913154389,0.0,0.003593479159278745,0.0,0.0,0.0,0.0,0.0096470040316622,0.0193171814400469,0.0,0.008582109762434701,0.015184311363175558,0.010024638018110493,0.013553284010364422,0.003323117672541316,0.0,0.0,0.00701802040973343,0.0,0.0,0.0,0.007399816903805893,0.9937166860403014,0.0,0.017287702155985116,0.016660731997259655,0.0,0.0073032816593974524,0.0,0.0,0.0015259262283939521,0.008054929430507188,1,neptune,DoS
0.010140057558111149,0.017755437046265896,0.0,0.0,0.0,0.0058914006634622285,0.013216513200736617,0.0,1.0,0.0019348217697247115,0.0,0.005952467164361854,0.0,0.0,0.018384295781283394,0.005671301094003779,0.008016524524131603,0.0,0.0,0.06386557280182155,0.06452114999248529,0.15788706453220358,0.16844715782953112,0.8533859896904635,0.8248351539670484,0.9829486462667175,0.0,0.0,0.9796872257733633,0.9937476102758328,0.9996324960264323,0.010960811360258362,0.0,0.010670850339012945,0.045748020886653945,0.023664644595417,0.6645106807921908,0.6799381110954333,apache2,0.014660571272547582,0.984083160341028,0.0014586648705280703,0.0,0.00859172692420702,0.0,0.007285262198237884,0.0,0.0,0.006985685163442595,0.0038394953503604417,0.0,0.006792277018957741,0.0,0.00011894725910961756,0.002302718731103253,4.8318014358986867e-05,0.007424958894062661,0.0033186150084369916,0.007635897301460244,0.007234257541868619,0.0,0.0,0.0,0.0002501950558859857,0.007298336214580126,0.003898720943046877,0.9956991599559001,0.0,0.0,0.0010010256292555537,0.012116656605829043,0.013196837705798223,0.012343154945532961,0.0,0.0,0.0,0.00012632578046089808,0.0,0.004115723979482144,0.01088216292720146,0.0,0.0066517775249448335,0.001078365842102167,0.0007696525072740452,0.0,0.0,0.01222196673823792,0.0,0.001527072081889935,0.004702842814955661,0.015009351380773315,0.0,0.0,0.0,0.0,0.0,0.0,0.007203289725084482,0.0,0.01037928809661489,0.0,0.006434028465914256,0.0,0.0,0.0,0.0,0.0,2.06283358634775e-05,0.0,0.003082571731006281,0.0,0.0022699966681353455,0.0,0.0,0.0,0.0,0.9927014461783821,0.006624032653709374,0.006035458492387653,0.0,0.0,0.0076661275396132595,0.007804193973933562,1,apache2,DoS
0.0,0.0,0.0,0.0,0.0,0.006097204571014037,0.005553714472906387,0.016853874693852404,0.0,0.0,0.004657830828179147,0.0,0.0,0.015167990284147888,0.0,0.014839938759941218,0.00672895264646247,0.010639769224265152,0.016137479129130012,0.21771850664966516,0.03074019370337863,2.660043499653896e-05,0.0,0.9932770525140795,1.0,0.11697691993748581,0.08123199222678126,0.0,1.0,0.07025218087595111,0.052692577010724946,0.33567267471378115,0.0,0.0,0.00019620515685001984,0.0,0.9546673203093761,1.0,neptune,0.0,0.9852220211627218,0.02393392946221122,0.009961440885432129,0.0017657921481369905,0.026378766438585596,0.0010004087510991936,0.0,0.0,0.004690166147383041,0.006145948327034791,0.0,0.0,0.9951805826335977,0.0,0.0,0.0004533364143167879,6.791977914370974e-05,0.006865919742348304,0.0,0.006135810903203827,0.0,0.017392553333529317,0.010508608504901032,0.012184683304247924,0.014101332117779712,0.0,0.0,0.0,0.0,0.0023041785193836607,0.0,0.007560588937779765,0.0026296434404152326,0.0,0.006132399805761274,0.0,0.0,0.0,0.0,0.0,0.0,0.0,0.0,0.0,0.0005475907931011167,0.0,0.0014854148139736576,0.0,0.0,0.0,0.009029766183124432,0.004894586839175931,0.0028636997143695444,0.0,0.008902976916202067,0.004122333528314536,0.0003630194755243052,0.0,0.0,0.0,0.0,0.010341013078107864,0.010694808779164861,0.0,0.0,0.0,0.009646051437453007,0.0,0.0,0.017715467343075105,0.0,0.0005957456417808897,0.0,0.01640989271917691,1.0,0.0,0.00492311965184968,0.0,0.0,0.004448645531342742,0.021735071191395085,0.007712041599431713,0.008573030706562191,1,neptune,DoS
0.007064638917216488,0.0019412958200315093,0.0,0.005066276566095198,0.01598255796415747,0.01201932493171731,0.0,0.0,0.004033112448478547,0.0,0.006477504767126044,0.00024307646433837808,0.021365182097453972,0.021143236020077026,0.004481514727876937,0.0,0.002660590138177676,0.0,0.0016697723521392736,0.4568352447111552,0.009518590241100272,0.0,0.0,1.0,1.0,0.0910569246395175,0.0657700527046319,0.0,0.9885961330540219,0.07372082249118234,0.062352076065324474,0.0546701996361487,0.0,0.0001062525525743733,0.0012871464371052921,0.0,0.9808775500505958,0.983231639857729,neptune,0.011303946655725334,1.0,0.0,0.008758252282762023,0.004813361657996842,0.001784490612055477,0.016814392151492247,0.02441885925388442,0.012396579957346743,0.0,0.015440761161653207,0.005571579559496685,0.0,0.0,0.0,0.0,0.0,0.0,0.0,0.0,0.00818570212957883,0.0017330850531760667,0.0,0.0,0.0,0.009014543645284926,0.007947170467100018,0.0,0.0,0.0005650300520642826,0.0,0.0,0.0006252987436438265,0.0022370317912679704,0.0,0.016976610657785753,0.008450565246505474,0.0,0.0029421252312940177,0.009948001287195142,0.0,0.004570524463514767,0.0007822761806447414,0.0,0.00227556121758837,0.0030053064450528085,0.004921406757714144,0.0,0.0,0.0,0.004895144032514708,0.023199356318613834,1.0,0.007616942725534287,0.0006484928828934194,0.0,0.0,0.0,0.025601648049108153,0.0,0.004395497299554721,0.010890241039836213,0.0,0.0,0.013917986084176307,0.007281307515526201,0.0,0.0054219204747319024,0.009449588014742247,0.009167172156262239,0.0,0.0,0.0,0.0,1.0,0.0,0.0,0.010906880908901769,0.0,0.010269081495878771,0.00944036137730455,0.0,0.005860851199591109,0.0,1,neptune,DoS
0.0065850095978148915,0.008609283726305985,0.008660305540104694,0.019358303510842646,0.0,0.0,0.0,0.006826165618430628,0.9970018710589039,0.01063338959012732,0.0,0.0,0.0,0.02372159085597894,0.0,0.0,0.0,0.008731445300677204,0.0,0.0,0.0,0.0009343491720245921,0.013690607029301307,0.0,0.0,0.9862583181000444,0.0,0.005792045411083282,0.7604698501229459,0.9938655370022015,0.9865713541900843,0.012611983352794887,0.0017595717052383136,0.0,0.0,0.011776502914295295,0.0,0.0,normal,0.0,0.9866165078994986,0.005630944442501156,0.012478217952790346,0.005081486016435056,0.0,0.005466832662295946,0.0,0.0,0.0002298499183525438,0.008300254737851082,0.009773939216866522,0.00031817043412736985,0.0,0.012026359456774754,0.0018652681391593644,0.0,0.003405702160375148,0.0,0.005534160049922204,0.0,0.008590321981515811,0.0,0.006400946574190066,0.011776804501540583,0.0,0.0,0.9963320266038187,0.0,0.0,0.015218344866812804,0.007118607299240333,0.0,0.01617263710992935,0.0,0.0,0.021296336122413995,0.004954857682169136,0.0,0.0,0.0060773426014705135,0.008736220587625002,0.003461664063700671,0.0,0.008648831380259238,0.006962082917632338,0.0,0.007598662087916749,0.013551683207469672,0.004642746054747427,0.0,0.0021904253264156256,0.0,0.016896843809930517,0.0,0.0071454497986639465,0.0,0.009465236591781567,0.0,0.0,0.0,0.009361005327717414,0.0,0.000879801879454049,0.0,0.0,0.0,0.006728423914229595,0.004256979264896059,0.002419781547067004,0.01668347043459489,0.0,0.0,0.006511865372478617,0.0019353392883938963,0.0038182819357572063,0.0018444743563125244,0.004396353697690932,0.0,0.0,0.0,0.0,1.0,0.0,0,normal,Normal
0.0,0.0,0.00294316819580587,0.0,0.0,0.013608138271738289,0.007304760874393688,0.003593366099746186,1.0,0.014427153929907297,0.0,0.0,0.004457456704612489,0.00030028515554086774,0.009182550548260516,0.017652520229349218,0.0,0.0,0.0,0.0853705021651943,0.06663583734582153,0.0073808577640421804,0.0,3.554994379918914e-06,0.0003511603023919618,0.9963271872952052,0.00514245751982384,0.007933046054735934,0.28774413978877617,0.7605057599321683,1.0,0.008202810858405367,0.023591226970672282,0.04139489599664809,0.01044010643121564,0.0,0.0,0.008549093012909858,normal,0.0,0.9769946710902958,0.010811169356779322,0.012773652180336208,0.0,0.009754182292762535,0.0,0.00012871023543521134,0.0,0.0012789018647684327,0.0,0.0,0.0,0.0,0.0,0.016909903370629607,0.0,0.007567383139887954,0.016434046112882614,0.017932640887985886,0.0006221205541189079,0.0,0.004808522326107175,0.0,0.010642272535096945,0.002221704958397011,0.009865744806900134,0.9976657146906366,0.012616681495989289,0.0,0.0,0.0,0.011730894116252593,0.0,0.0,0.0,0.0,0.0017570623808051717,0.0034718894069169287,0.0,0.016570119988814497,0.0,0.0016491530794328574,0.0020342752009389646,0.0,0.004713045467914138,0.0058993807641585915,0.006552415178474039,0.012075014548327148,0.009430299461609372,0.0,0.007546395008623102,0.005859008669263751,0.012778055570219918,0.01451269968642875,0.0,0.04226925872620949,0.0,0.0,0.0,0.0,0.026172666475700282,0.010853725024671327,0.0,0.007077597879704975,0.0,0.0,0.0,0.013408306255782107,0.005507774427254233,0.0,0.0,0.005385675551876242,0.014742422350510723,0.0,0.0015683626253434476,0.0,0.0030929196834702344,0.005074036637232437,0.017486006079914077,0.0,0.007319757459086505,0.995644863181682,0.013440279421523982,0,normal,Normal
0.0,0.0067149687430817645,0.0,0.020692213566656254,0.0,0.0,0.001551113921841469,0.0,0.0008886402693838558,0.0,0.0,0.008719705264309197,0.011755508147655172,0.0016551638337580544,0.007373785669643573,0.0,0.006113022186614072,0.0,0.002216284873193492,0.0,0.013474056379713505,0.0,0.0,0.007469328334471651,0.0,0.9904401155808759,0.0,0.0,0.0023862335494455886,0.8923545014949179,0.9947804906954532,0.005488430854057095,0.9918611037195278,1.0,0.0,0.007093583082176118,0.0,0.0,ipsweep,0.9970460048234029,0.0,0.0,0.0033273024275714954,0.0039278711353010224,0.010363611717987642,0.0,0.0,0.0,0.009423634867060498,0.004355907612491068,0.02671573004103619,0.0015010646099151868,0.0,0.0,0.0,0.0,1.0,0.0010864304447575693,0.0,0.0,0.0,0.011788450824780847,0.0,0.007882987995596502,0.0,0.00519381361414737,0.0,0.0,0.005844656028224193,0.0,0.017216859698968516,0.0,0.023613397869709504,0.0,0.0,0.011354663085155745,0.0,0.0,0.0056219754394875,0.008503828770375704,0.0038115062640732764,0.013072336893247756,0.013864074291476312,0.0,0.0,0.008187531164120042,0.0,0.01148222301678211,0.0,0.0,0.0,0.0,0.0,0.0,0.00017620323073945857,0.0,0.0,0.007071611000998801,0.0,0.005913920391168547,0.0,0.0,0.01429318565934792,0.003174345691984538,0.028303240347844292,0.0019239245434019203,0.00716306222854868,0.007740010724810222,0.004729973462581781,0.0,0.0,0.013596724612215285,0.0,0.0,0.0035182999531357395,0.0,0.024063504403586174,0.0,0.0,0.0,0.0,1.0,0.0,1,ipsweep,Probe
0.005826860795556993,0.005924739963522765,0.009327351174654538,0.007505344896714591,0.0,0.005895207143896153,0.0,0.0,0.0,0.006923644266287107,0.0016312366213839854,0.0,0.005478245531230151,0.013694432840770415,0.00751818674472982,0.0006869308799387998,0.0,0.0026697555470935287,0.005862543846103879,0.5295699338698121,0.019837276999449996,0.0034299975624860115,0.0,1.0,0.9836051210874587,0.07085857029091921,0.05929205103881986,0.0,1.0,0.0760977826404898,0.0762589763730203,0.06142538988621859,0.007835621854155693,0.006295941644859454,0.009182183982377861,0.0,1.0,0.993021556822772,neptune,0.0,1.0,0.0,0.0,0.0022882560414453795,0.009892048483791962,0.0,0.0,0.017593594514408922,0.0,0.0018505372308654283,0.0,0.01342946536445077,0.002573821406651005,0.00022753691521961578,0.0,0.0012231296801724135,0.008483288845751353,0.0005698466599731759,0.0,0.0,0.0,0.0063182935024550255,0.0,0.0052290378984409785,0.0,0.0,0.0,0.004645825436013108,0.0,0.014064275559002448,0.0,0.0,0.008249426552999371,0.0,0.9936660706857217,0.0,0.011190773770696162,0.0,0.0,0.0038418980204657613,0.0,0.0,0.0,0.0,0.0038348769470905697,0.007810462707009808,0.0,0.0007302115597750508,0.009783258221497821,0.0,0.0,0.0032465426468088845,0.013738773586125972,0.0,0.0045562302675266975,0.0008167321585922748,0.0019620465968848417,0.0,0.003425431472797254,0.0,0.0,0.0,0.02576445063375581,0.0,0.0,0.0,0.0007060700816804448,0.0,0.0,0.0022520815592909304,0.0054071470871157054,0.0,0.006223583007120287,1.0,0.0,0.0279464421250052,0.004618202839290941,0.007436854757961856,0.008977290775148163,0.006417502177163493,0.002039139138579972,0.0,0.008624506765588843,1,neptune,DoS
0.022616314643963027,0.004561176409330382,0.00045728324455626674,0.0,0.0,0.006435858918586876,0.0007369691635045293,0.0,0.0,0.009582536651789415,0.0,0.005260276496107599,0.0,0.02147166202717579,0.012390494565837526,0.0,0.015253383058797497,0.011078542177451647,0.003357886109155952,0.5288936892375844,0.5260360025788818,0.005065414743958484,0.004850681753466769,0.0,0.0,1.0,0.0,0.011124726814543295,0.9813792449677449,0.9943705807513767,1.0,0.0018529468795059195,0.8497560768190288,0.0,0.015376553714502762,0.0,0.0010410680806804647,0.0,normal,0.001648127827683398,0.0,1.0,0.0,0.010158251824050637,0.0,0.0,0.0,0.008064086210285506,0.008613804322581846,0.006445349618005064,0.010844744024398594,0.013179481019438659,0.0,0.005069857395580174,0.0,0.01474301002604797,0.011412728979824078,0.014837752344364089,0.005279820388344604,0.025711287034590937,0.0,0.0027626332190008617,0.0,0.009870505475807811,0.0,0.002056918843398054,0.0,0.003433156600163332,0.0032230658663771495,0.0,0.0,0.0,0.006668059578215332,0.030277454967627803,0.0027156052914104993,0.0,0.0,0.0,0.0,0.007344780738057314,0.0,0.0016912076779657082,0.013039277219605181,0.0,0.02285095822367908,0.0068113069283074245,0.0,0.0049122144464720414,0.011142111079541488,0.0,0.0,0.9908835336531069,0.006885692250028164,0.0,0.002193918330368452,0.0,0.0019629243123983485,0.018010779599157433,0.0063580045261582875,0.01188409946875837,0.0011058950793911833,0.0,0.011217969816130631,0.0075757293074497625,0.0072456445061396925,0.013124100973880747,0.0,0.007613971322578941,0.008881842231507179,0.0,0.005837199976457391,0.013530144015169979,0.0,0.0,0.003632107879908149,0.021440273326185012,0.014512109913299875,0.0,0.0,0.0,0.014654376347522027,0.9913806289452546,0.0,0,normal,Normal
0.0,0.00458352119537913,0.0,0.0,0.02006189752730433,0.010088219586747752,0.01466671374147074,0.002847964322325188,0.0050921828222601695,0.014588761735005552,0.0,0.0,0.011724421631812096,0.0,0.02115226897762101,0.0,0.0,0.011351192794730047,0.0,0.0,0.0070912635670844736,0.0017108040829795163,0.0,1.0,1.0,0.5045219199316329,1.0,1.0,1.0,0.039063809696754354,0.04709399425744396,0.028311404505822674,0.002466132104189323,0.0,0.0090638086078377,0.012050804784116655,0.10987356875823978,1.0,mscan,0.0,0.9886902115555678,0.005587282617070918,0.0,0.0011819841437826235,0.0,0.0,0.0033121729689709195,0.0,0.0,0.0,0.014481723694766248,0.0,0.004456133575944712,0.0,0.0,0.007435077390014434,0.00308015137073122,0.007495542677079349,0.011103071961338917,0.0043525261334071055,0.01122638753290829,0.006374466397955765,0.003218022665052672,0.0034959185129440746,0.0,0.0,0.00901456649685511,0.0,0.0,0.0,0.9888986821585114,0.0074376070898968406,0.0014850827647314958,0.0,0.0030847606675070745,0.0017152228265167738,0.0,0.012078470904668976,0.0036906818812239388,0.005094554998867968,0.0,0.0,0.0,0.013174644547357743,0.0104982952312276,0.03586910272891014,0.002069988577503549,0.00045218937907281353,0.0065072617380971835,0.016570066658937056,0.013685176867963148,0.003224481653002349,0.000838519189827028,0.0,0.0,0.0,0.0,0.0,0.0,0.008547988183445333,0.0,0.0,0.0,0.01438432451388565,0.0037683987805978707,0.0020072411533690166,0.0,0.009831233513876898,0.006345020536593703,0.012026798464793145,0.019269536522669845,0.0,0.005686499690047579,0.9973954899466371,0.0,0.014828426862518678,0.006590823181028676,0.0,0.0,0.006527818891490803,0.006570211051973286,0.006541327408720873,0.0,1,mscan,Probe
0.0,0.018184394820437762,0.01329670391907627,0.011010970080554953,0.009054575359429898,0.0,0.010048007762704994,0.0,0.9972164136878208,0.0,0.010575074603130308,0.004030006577191599,0.009388510892070552,0.010805894466148219,0.0021165343596968402,0.005412379123625128,0.0,0.00817900242692187,0.02395892390982394,0.007699521493463965,0.015148245826596287,0.0,0.020823630932964337,0.0,0.0,1.0,0.0,0.0,0.5525359254111201,1.0,0.9887361891738298,0.01438765678782422,0.013375730488979243,0.030008180756129897,0.0,0.005170864288200207,0.0,0.012201884963250984,normal,0.00599851752168845,1.0,0.0,0.00029159299748916074,0.0,0.013455423019779127,0.0,0.0,0.005608086248579419,0.0,0.007769603660329649,0.004132628746497619,0.0,0.0,0.015296522495270928,0.0,0.0,0.0,0.0017977514516271977,0.004219889590556815,0.010840872906949246,0.0,0.0,0.002687405896044002,0.0,0.0,0.008291101462626406,1.0,0.0,0.0,0.006776232052278051,0.0,0.018490997445815786,0.004973161519162089,0.004778270097379734,0.0,0.0,0.0002538627845146667,0.02137676963218476,0.0,0.0,0.0,0.0,0.00874798032603728,0.0,0.005618106699093132,0.0,0.0025883483866876787,0.0,0.013191433619855204,0.000308984561964029,0.004089317570899741,0.0,0.0,0.0,0.005739162371685,0.02977987738402687,0.0,0.0,0.00038241629672289675,0.0,0.0,0.004533675955859257,0.005285345252635953,0.0,0.0,9.041788206635424e-05,0.0,0.014062453404175225,0.0,0.002898588345848762,0.005250252260555627,0.0,0.0,0.012020464511953478,0.012989484102665814,0.0,0.0,0.003829363948864809,0.0,0.008561467353603618,0.0038056796140808896,1.0,0.0,0,normal,Normal
0.01644914029770366,0.004027355134817617,0.0,0.019752224723056114,0.0,0.016435997256014103,0.0,0.0,0.0,0.0,0.007182756292227964,0.012055221248579969,0.009668936060966743,0.008624210456677908,0.0,0.004330778799531919,0.0,0.0,0.0,0.2412976666864993,0.019395069335028006,0.003454481325388245,0.0,0.0,0.0,0.0008951691014101176,0.9459258999291994,0.002416866232905049,1.0,0.0022240026618440415,0.0,0.9850723287970962,0.9856784272088057,0.003521460473837605,0.0,0.009823153695349895,0.0,0.003123494790433185,satan,0.012974758419728963,0.0,0.9856232835409655,0.0,0.004910362731748527,0.0,0.0,0.0025676936109673637,0.0,0.0012531448581550803,0.008024536217589933,0.0021619780164503118,0.0,0.0,0.0017666200899178932,0.0028467420373195916,0.00702864062641882,0.0,0.0,0.0,0.010816792568441359,0.007808070696269102,0.0,0.0,0.0,0.005630987509544213,0.0046524343255633606,0.0,0.0,0.0,0.0,0.0,0.000896897346405624,0.0,0.0,0.0009622537175077556,0.0,0.0,0.0,0.0,0.0,0.00744927538053267,0.0,0.0,0.0,0.0,0.0,0.0,0.010954647295001096,0.0044119376417120545,0.003613348402389364,0.0,1.0,0.0,0.0038576904587043445,0.0,0.0,0.009936727752640703,0.0,0.0036094388960530256,0.0,0.011437698758632694,0.020107961215741134,0.008678472015625573,0.012370277163702622,0.007401602541011199,0.0,0.0,0.0,0.0,0.0012479272352209363,0.0,0.0,0.003513488614778181,0.00636817375999498,0.015249064494901104,0.007749242771610403,0.0,0.0,0.014256804607584017,0.0015711489993863704,0.008777589012998879,0.9849382230883789,0.006287455271029304,1,satan,Probe
0.0,0.0,0.022808035707675804,0.0,0.012999125757565884,0.009147509942785296,0.009062828136364175,0.005889899450325748,0.0056678985227040825,0.0,0.013738400992431003,0.008025957702317222,0.007467608198033893,0.0,0.0,0.0,0.005464849633155731,0.0046777127805073485,0.0,0.0,0.008774077141247246,0.0,0.0,0.4807343882344209,1.0,0.5047623116140357,0.9911280853889256,1.0,0.9797806130603335,0.11993582042671869,0.09060818616115683,0.040974487802252865,0.0,0.002640966178482933,0.0,0.010679750644187884,0.38807270020250684,0.8445158131115016,mscan,0.01212588432365673,1.0,0.0,0.0043188743065870495,0.0,0.004010118806477565,0.004299252937332607,0.0,0.011652801985027935,0.012598362599410027,0.0,0.0032236912964931893,0.0,0.026348208479652455,0.0,0.007415184583280931,0.0,0.0007110862406590489,0.0,0.017246121107315063,0.0,0.009350738816123512,0.0,0.005150564293253232,0.002623410803663228,0.0,0.00933512260232914,0.012039741848761349,0.005519950816018626,0.0,0.0027215664883320444,1.0,0.0,0.006460881396023046,0.012132579195520821,0.0,0.003067126445541232,0.0,0.005876977651382005,4.921971371713483e-05,0.00886440474906561,0.006347226977598144,0.00013426846532983195,0.0,0.0,0.02044382823500536,0.0064020676579541105,0.0,0.011272778252512591,0.0013453942313544414,0.013008776526110235,0.0,0.0,0.0,0.0,0.004369194069555723,0.0016568461341771735,0.0,0.0024820351726112574,0.0,0.002069717250193379,0.013268249505903369,0.0,0.0,3.606270564669333e-05,0.00862330583473754,0.007443789049602161,0.0,0.001361574710026481,0.0,0.01283609783732124,0.0,0.0,0.002950647964558899,0.0028533147102685432,0.9950695255275788,0.0027971838859850405,0.0,0.0,0.000125119402670801,0.0,0.002896378674853934,0.0,0.0,1,mscan,Probe
0.007970943209991935,0.00935692214132707,0.005592267043998712,0.013511116121462694,0.013985685840238965,0.027827192411567895,0.0017518703045810572,0.0,0.0,0.0,0.0,0.0013249517485444623,0.0076856873911094895,0.0,0.0,0.0,0.007086674979223693,0.012305515886284465,0.0,0.11923844742377816,0.0,0.007871088860907741,0.3304985493118006,0.9762315659722133,0.6756868891629366,0.05285623220739132,0.8290449516267799,0.0,0.2660046112207163,0.010502961322359197,0.042847821194717875,0.7207091588465085,0.8742713758342106,0.0,0.01858500418331945,0.3220778316436757,0.8525650604256751,0.6595609351433463,normal,0.024710571497703372,0.9850513450880632,0.005247953512159064,0.0,0.0,0.0,0.0,0.0,0.0,0.0,0.006129024641722896,0.03090688879940474,0.007361240892121036,0.0,0.0,0.0,0.004121553812433951,0.0,0.004957158580440398,0.0,0.0,0.0,0.0,0.0032556377445700124,0.0,0.0,0.01664633754259437,0.013472122984901767,0.028437555384109078,0.01640210121411319,0.0,0.0,0.01166866107913095,0.01713127962812563,0.015706227525758266,0.0,0.006265283060628313,0.001715741399714296,0.002649797774140021,0.0,0.0,0.00899877334901358,0.0,0.003584107052408669,0.0,0.0,0.006792187935175357,0.0,0.0,0.0,0.0,0.0,1.0,0.004847828656400656,0.0002062509698125575,0.0,0.0,0.005488048478143928,0.0,0.0,0.0,0.0028195537802975425,0.006543579938398824,0.0,0.0,0.01756256396413064,0.0,0.0,0.013655060128060142,0.006542378503700086,0.0,0.0,0.0,0.010697227071503952,1.0,0.0072042177931826495,0.01215948356912367,0.0,0.0016186555951817586,0.012557488503229861,0.0,0.0,0.0,0.0,0,normal,Normal
0.0003256094689521012,0.004639996907092182,0.0027737190454581212,0.001811661147989572,0.0,0.004052670162688941,0.0019883474047189117,0.012912569214736259,0.007959294123259181,0.0,0.0,0.0,0.0,0.0029337340294681466,0.004866742062494735,0.0,0.0,0.009910621486233702,0.008796693164007769,0.07001575661847206,0.07427022325651292,0.224209710220423,0.24655936694602937,0.751229078906094,0.7781005545663809,1.0,0.0,0.0,1.0,1.0,1.0,0.0015425304916875774,0.0,0.008578850869581132,0.04215516000464877,0.03752985440343055,0.6917260923441653,0.6712297447656156,apache2,0.005416441642965227,0.991707270686961,0.01073093308022086,0.0,0.005097540070733721,0.0,0.008202257042807096,0.008135244731519064,0.0,0.0,0.0,0.007391714435018939,0.0,0.010426264060287316,0.0,0.0020530778230430694,0.008195318726304227,0.0,0.0,0.005318203441741297,0.0,0.0058887260816388376,0.0,0.0,0.0,0.0,0.0,1.0,0.012166428642007966,0.0,0.0,0.0007880239326435965,0.0074297203217876555,0.0,0.0,0.015317934280077623,0.005908285062280609,0.01716406635281758,0.0,0.0,0.0,0.005041017397324718,0.021777703754180467,0.0,0.0007061677415278978,0.0033034580980370373,0.006769362183484554,0.0029727507285890777,0.0,0.005226428258389977,0.0,0.0,0.009588883543540701,0.01815992404212024,0.0037233462789870446,0.002151139763796182,0.002812525604404625,0.020058294717697968,0.010146422447832391,0.0347110174809118,0.0,0.0,0.0,0.0,0.0,0.006437359039110031,0.0,0.0,0.0,0.0,0.0,0.01643412582855709,0.011436932625321352,0.0,0.0,0.0,0.0024806807026107685,0.0,0.9929974247224712,0.0,0.008902699203956798,0.005053119481185654,0.0,0.017065612696154486,1,apache2,DoS
0.01577155986136021,0.0012535344252495105,0.00861001020735373,0.0,0.0,0.0,0.013029842729684977,0.018840295764543557,0.9954437237797054,0.0,0.004817647858840517,0.005816141847757693,0.0,0.0020418887317055663,0.008392302538645546,0.011276585041022403,0.0,0.0,0.009331441681450364,0.033039090825116385,0.01678162468198005,0.0,0.00047128407084696223,0.0,0.0,1.0,0.006033173717779761,0.014895003775398444,1.0,0.9855499420534231,1.0,0.0,0.0,0.005103828278458055,0.006713069107645942,0.0,0.0,0.017103293671533393,normal,0.004569563338442682,0.9922776579623812,0.01437903691399236,0.025409117317734535,0.0,0.003192072536364709,0.013581461961082501,0.0,0.001595695756146008,0.0011662027273483097,0.007921474346794582,0.003262760630065701,0.004178174177796513,0.0,0.0,0.0,0.0,0.001706001478589705,0.0,0.0,0.003865948426491576,0.008502429789510314,0.0015918069913939403,0.019055968114185255,0.014688560703119276,0.0,0.002419223224366867,1.0,0.009661866343957175,0.0,0.008263364117646964,0.00660017752679968,0.01626623684116871,0.0,0.0,0.0,0.008161859250200475,0.004225378697172312,0.01690820859460337,0.0028903958383507,0.0,0.0,0.0,0.009121022870862873,0.0,0.008907155206105645,0.009817027959823636,0.003387183575069537,0.0006374594744149194,0.0,0.014940325877883352,0.0,0.0,0.0008731237924327486,0.0,0.01573734172741685,0.0028490129764073436,0.012575439930177176,0.0,0.0,0.0015283336013037756,0.0,0.0018087326306086816,0.0013303533828827718,0.003963324980568171,0.010659986437568863,0.0040462742867682965,0.012186886253545708,0.010115335382831514,0.007322386443991202,0.0,0.002790177507993854,2.0748759275309436e-05,0.009671417716858357,0.00836791617187474,0.004978890378625268,0.0,0.0,0.010682439241565185,0.006010973001824055,0.0,0.0,1.0,0.0,0,normal,Normal
0.011576392126757524,0.0,0.0,0.006823946031796127,0.0,0.003542234522488279,0.0,0.0,1.0,0.006795773684400199,0.006727948393809764,0.001738926519174037,0.004632713943418819,0.0,0.0,0.0,0.01908863995981625,0.0029680688533996946,0.005463612740187294,0.031907739279628144,0.02068505272212659,0.0,0.004161312382062208,0.0,0.0015465250518857485,0.9951785563341685,0.0030933238092097875,0.13260060596299222,1.0,1.0,1.0,0.0005668586597818598,0.0,0.002256200387552759,0.0,0.0,0.0,0.016280161596733733,normal,0.005106099567525125,1.0,0.0,0.0,0.0,0.014665009741814936,0.01541310192990732,0.0,0.0,0.017636178747136987,0.017591514701665704,0.0028105833325744053,0.0,0.003207691107045977,0.0,0.0,0.009439746302389338,0.0023903445866836786,0.0021189644233864124,0.0,0.0,0.0,0.012679128818943319,0.0,0.009785148256378438,0.0,0.0,0.9953259092232293,0.0,0.0034909311237488324,0.006900346356770018,0.0,0.0,0.006528311646247563,0.0015201149624876897,0.010277890863837229,0.0,0.0,0.0043092861165940285,0.0046587385796843924,0.0,0.0,2.6817796201180664e-05,0.0050407935983684165,0.0002812006084968952,0.0,0.002513597236727899,0.011176575011766247,0.022038812184379843,0.007722909753826777,0.0004048112687916563,0.0028338958604430813,0.0,0.0,0.0,0.0,0.0,0.0,0.0,0.0,0.011507835141969095,0.0,0.0,0.0,0.0,0.0075602326077166705,0.0,0.004870636549547326,0.0,0.0,0.006770640817091308,0.0,0.002848630015351841,0.009650982630012121,0.004175053165727747,0.010500545827589936,0.0,0.003912287231635393,0.0,0.002657399878662759,0.0,0.0,1.0,0.0,0,normal,Normal
0.0,0.0,0.0020827782536985712,0.003427274959605452,0.0033625729208185667,0.0,0.0,0.0,1.0,0.013487696963917037,0.010115059502074262,0.0025948913819662006,0.0,0.00042027629930646316,0.0,0.0,0.0,0.011780304999554606,0.011050792583956508,0.0,0.0,0.0024363154883857087,0.018304810978084597,0.0,0.0,1.0,0.0077720284221282545,0.0,0.06683027939393293,0.041352222932365915,0.875289105574569,0.2074517511351463,0.06968038356150374,0.0,0.00096178906806667,0.0,0.0,0.001032809278746688,normal,0.009839144216096891,1.0,0.008209429212027369,0.0,0.0,0.0,0.0,0.011251337789085164,0.005610850945065156,0.0,0.006737148119775658,0.0,0.002679311792937182,0.013737777961758908,0.0,0.01783242605634381,0.0,0.009908562651374327,0.0,0.0,0.0,0.00046872270273967654,0.0,0.0,0.014473336669017175,0.001896798545082383,0.007472428553595048,0.0,0.0,0.0,0.0,0.0,0.009499535474109288,0.0,0.00769649420802119,0.0,0.008264712545795815,0.0,0.0,0.0,0.006587118320275068,0.0,0.0,0.0014556488012840247,0.0,0.015965319982604666,0.013557974735490115,0.0,0.0,0.00966428875477779,0.0,0.0,0.00381437918964884,0.015556265621522306,0.0,0.001934683327154408,0.0,1.0,0.0,0.0,0.0,0.0,0.0,0.0,0.011458464089156935,0.0,0.010945317306647084,0.010093577983177828,0.013473560073744801,0.0,0.0,0.0,0.0,0.015811674154068846,0.002368869106979534,0.0,0.015895011047865098,0.0034904016848067393,0.0,0.008529133602149496,0.0,0.0,0.9977255474102287,0.0,0,normal,Normal
0.0,0.008966034728086245,0.0016310735034188832,0.01005328069574232,0.004186617620755233,0.003735317574649687,0.053139514118225366,0.0,1.0,0.0005655666648061459,0.001405360330800295,0.0,0.0,0.008417940762943396,0.0,0.007789303047792685,0.0024196412120715783,0.0007214311213558263,1.0,0.00017137697058411264,0.0,0.013250254786815203,0.0,0.00898329018491135,0.0,1.0,0.005966255569030257,0.0,0.35983475922111624,0.1045290316723153,0.3063656162856925,0.03262802287291287,0.028329646965242886,0.0,0.0,0.0,0.021692699440149094,0.016881907245398533,normal,0.00643488010827327,1.0,0.0,0.0,0.016068639738304892,0.0,0.013034258626336438,0.0,0.0,0.0,0.004569223305903714,0.010726289069801258,0.0,0.0,0.01483915851470575,0.003502426251140278,0.0,0.010051602938779752,0.0,0.0,0.0,0.0,0.9883099549725216,0.004538553585401181,3.302387314405607e-05,0.016468791734276435,0.005071410815895536,0.0,0.006588460103725099,0.022427897270755594,0.0,0.0,0.004292059004274906,0.015134825115077768,0.0,0.015432339317002504,0.01288517303655217,0.0,0.004886841637705486,0.0038970942576271477,0.012369595355792507,0.0,0.0,0.0,0.0,0.0,0.011127083776039484,0.0,0.0057541455251879925,0.0,0.012028771171217771,0.0,0.0,0.007235953882054589,0.0,0.0018785443123669238,0.004714901664548442,0.0023981322148919205,0.0,0.006461150359504562,0.00089967801560739,0.005243893917347034,0.003002938241136873,0.010939580976153667,0.0,0.004669550201574122,0.0,0.008934799538557706,0.0008569384617586097,0.0,0.006063392565111276,0.002926955374144542,0.0034766463717821787,0.003869814868167396,0.0,0.0,0.0019509461377964598,0.006434900119529625,0.002951363356257843,0.0035995693866256663,0.0,0.0,0.9976392035935686,0.0,0,normal,Normal
0.02401681003462443,0.0,0.0,0.0,0.0,0.022609309330860635,0.0,0.003489039302438998,0.9673531121581541,0.013613610933594651,0.0,0.0,0.0,0.0032471729076009653,0.002465928005503084,0.0,0.0,0.017001137021813544,0.0,0.0007411407945548416,0.011821803224967179,0.0,0.012182421122439186,0.0,0.0,0.5009595821425158,0.9863786698663236,0.00664827352819436,1.0,0.9704479556635108,0.9671778049607107,0.029427967234079054,0.0,0.0,0.0,0.003967351397548681,0.0,0.01726502543821984,guess_passwd,0.0,0.9843343556039319,0.006978195773638278,0.008794416712716467,0.011779967926875126,0.013959709541914805,7.779473209840224e-05,0.0,0.00046671442476634554,0.013053821903239553,0.0,0.0,0.0,0.008083143860892065,0.008827497498490456,0.016363186296980237,0.0,0.0,0.0,0.0,0.014018178803593627,0.008964702817971513,0.0,0.0022565211052186433,0.006041681723709871,0.0,0.0,0.0,0.0073798169912490455,0.0,0.0,0.0008327192191649224,0.024033069820990096,0.0,0.0,0.0,0.0,0.01101523415966665,0.0,0.003476070252917668,0.0,0.0,0.006398668748500936,0.0005349221822973201,0.0,0.0021550188588946866,0.0,0.003668512870943423,0.004341414919829165,0.0,1.0,0.0006267474126595149,0.00902576362530588,0.013983858002954673,0.0,0.0,0.0072661372680897065,0.0,0.0,0.01100033686803378,0.0,0.009789730230664928,0.0,0.0,0.015827556096343228,0.0,0.0,0.0,0.0,0.003879375257833862,0.0013159773340053883,0.00697029975237485,0.0,0.0,0.0,0.004132412440753805,0.0,0.0,0.0,0.009536574243170889,0.0,0.0,0.977922669511429,0.013015182058519564,1,guess_passwd,R2L
0.0005795516302428297,0.0,0.0057324320464612845,0.013594627575512228,0.0,0.0,0.007448617983801761,0.0,0.0,0.0,0.004196257791880539,0.0,0.0,0.0040704972211370195,0.00633219394765003,0.0,1.2638468464435551e-05,0.0001483483169117502,0.0,0.6364464035005944,0.6427523322597886,0.005849560915978712,0.0,0.010973918462734787,0.011045227638657744,1.0,0.0,0.005246732657152618,1.0,0.9917053083420987,0.9771005757295991,0.002428136387206157,0.9862631936818386,0.0,0.013094636449090695,0.006132068436115241,0.007918843781615803,0.0026572081731994646,smurf,0.9951541330061527,0.006820158856991356,0.0,0.012041390166975578,0.012863231419154152,0.013926812127419195,0.008373745866698897,0.015303703240966587,0.0,0.0036484413192431958,0.0,0.0,0.0,0.006595721963106303,0.005382077766369449,0.0,0.0,0.005420788473367652,0.9943334705545444,0.0,0.0,0.0,0.011239487479706028,0.0,0.010677759316534885,0.0,0.0,0.0,0.0020879643130778044,0.0,0.0,0.0,0.01182943152045743,0.0,0.0,0.007077955753114649,0.0,0.0,0.0036921530022609745,0.0,0.0008156391113236846,0.005936899002130437,0.0,0.0,0.00898981312837162,0.0,0.0,0.0006833921260393524,0.0,0.0,0.003799299660440364,0.0,0.005175579682400075,0.004985453850323639,0.01622610493749118,0.0,0.010856796820109395,0.014186193496163655,0.0,0.003974838358079135,0.003811290611848842,0.0,0.0,0.0,0.011534345712628121,0.0,0.0,0.0006467205308532773,0.00435411208872201,0.0,0.0,0.0,0.01330332976645994,0.0,0.004927043051323522,0.013616550500363055,0.005500322744249703,0.0006855086694968483,0.0,0.0,0.0,0.0,0.9903015244492748,0.0,1,smurf,DoS
0.00987543603932496,0.0,0.0033923440754340924,0.0006517909478206485,0.0,0.0,0.019165588558776564,0.0034390957234466586,0.9954448892529132,0.0,0.0,0.017372320648270462,0.00211867254865748,0.0046505977035710576,0.0023411572772421957,0.0,0.007816143958529718,0.0008177019183248719,0.018707735724756223,0.0010470603627266272,0.037923557870401324,0.0012146516492350463,0.0007031105459427855,0.0,0.0,1.0,0.013846341244212378,0.1579598970872454,0.7417352323899105,1.0,1.0,0.008738909689715075,0.0171263694493194,0.013007506951625688,0.005341887563485974,0.011605007161379308,0.0031319230552307505,0.0,normal,0.013252266933825696,1.0,0.0,0.005527508787315347,0.0,0.0,0.007343396771978416,0.009714022064621328,0.0,0.014829183456209531,0.006985216925608268,0.0,0.014507523195155808,0.01094653349815086,0.006123686933833358,0.008414977584667433,0.0,0.0,0.00879588058328638,0.0,0.006107525045140893,0.0,0.005248346510772798,0.0,0.0,0.0,0.0013633058204434968,1.0,0.0,0.0,0.00825782449046407,0.0,0.015540554463899323,0.0,0.0,0.0,0.0,0.004016830572677942,0.002963557408879349,0.0,0.009533410047965062,0.0,0.0,0.012125806021693256,0.0,0.0,0.010970834210188603,0.0,0.0,0.002069356554168677,0.0,0.0076151413141968315,0.0,0.0023290221894396858,0.0002514795161856885,0.003930525500080973,0.006602956849439772,0.005212243610239673,0.005673656282398826,0.0,0.011124151518829275,0.006971553375651025,0.0018211943470569684,0.0,0.008868578871090266,0.0,0.0,0.0,0.005484263562912734,0.0,0.0,0.0,0.0037736881871187657,0.0,0.016230630450059708,0.007920130809008908,0.012759099990959564,0.028618556351001787,0.0,0.0,0.0008804087889842058,0.0,1.0,0.0,0,normal,Normal
0.0003634038249782099,0.0,0.0001590409100048639,0.01513745275489592,0.009763604915355559,0.0,0.0019880109975533382,0.010381269018076438,0.0,0.0,0.0,0.01100233868970926,0.000684715989011461,0.0074866703680288894,0.0,0.006387931834377961,0.0,0.0,0.0,0.013894159171861965,0.03412213505450987,0.021266263467037593,0.1511763111865925,1.0,0.7149666325438453,0.2515316610605648,1.0,0.9475260781683597,0.10767459225627676,0.34885219035930737,0.2834248769719039,0.2269066544273875,0.0330984919079186,0.021641289466717943,0.003261342376514397,0.010630463574140141,0.8354997804171022,0.680837013320917,mscan,0.0,1.0,0.007179340579000052,0.0,0.009551575525957264,0.0,0.006637464113546534,0.003327982760870869,0.0,0.005099682510670979,0.0,0.007766633584333318,0.0002555153426546018,0.0069267348292227264,0.0018395298511171877,0.011512362994445007,0.0,0.0,0.005931974005167532,0.0,0.0,0.0,0.017279624168676937,0.0,0.010948386355771632,0.0012116211664800279,0.00466170879413204,0.0,0.014800874650029843,0.0,0.01066968614990245,0.0,0.002790880498663168,0.009203301332207816,0.0,0.004189113076760369,0.0,0.016390076032027495,0.00994965803038678,0.0,0.0006319924988886931,0.0,0.0,0.007905660304590712,0.0031685515759457203,0.0,0.0036454411463052983,0.016476868504633473,0.0,0.004035668108878066,0.0,0.0,0.014639343403886854,0.0,0.0,0.0029186659244937363,0.009637997733476575,0.0,0.027817160488775743,0.0,0.0,0.0,0.0,1.0,0.0099577245364727,0.0,0.0,0.0,0.0020698217279262452,0.0,0.0,0.0,0.00893467964026692,0.00541701759626803,0.9868445851531306,0.0,0.0,0.0,0.003915886390979444,0.0131508554130855,0.0,0.006403459363836104,0.007739282456361075,0.0,1,mscan,Probe
0.010362840951978184,0.0,0.013072209588944486,6.050322300924577e-05,0.0,0.0,0.0,0.0,0.0013707007131425516,0.0,0.0,0.007957350748536674,0.0014606822437238265,0.0030294818032209313,0.013009790460328496,0.0001642170533272729,0.0,0.0,0.014190852269769263,0.004279963542245314,0.05581343293895001,0.0,0.013019926534778329,0.0,0.0,0.9896610855080327,0.0,0.9878731577137734,0.0,0.3341591358280626,0.9968388319245376,0.0023066548512066234,1.0,0.5040671825621749,0.0,0.0,0.009290683970682506,0.0061697994549127465,ipsweep,0.9908727585519449,0.0,0.009271647219599116,0.010395294934578482,0.0,0.006843940604273206,0.015405413580833777,0.0015428436369955179,0.0,0.0026643113419827368,0.005239877067537298,0.0,0.0,0.005467273548494954,0.008066224330792548,0.009288615484092853,0.012752479566972065,0.9990827027385808,0.0,0.013932351899891763,0.0,0.002580781215989191,0.0,0.0,0.004074657790472329,0.014027114794956124,0.0,0.0,0.0,0.0,0.0037529606740029594,0.00382073845054276,0.0,0.0,0.0015920407154851994,0.0,0.0,0.0,0.0243005967211967,0.0012083245245671787,0.014634099258728621,0.0016584972537131114,0.007338660119094795,0.0007500559235192343,0.0,0.0,0.0,0.0,0.0,0.0,0.019532950043769842,0.010382881883741209,0.0,0.0,0.009547131986752319,0.005642292088995208,0.0,0.011797638609992318,0.0,0.0,0.0,0.007750085653559746,0.009174302646044583,0.0,0.0,0.0,0.007304408855456315,0.007338835762098768,0.010949762619316914,0.0,0.0,0.010305967251674623,0.009012036022191895,0.006627833193584706,0.0,0.014063727222135556,0.0,0.011061700439363,0.013501290900864903,0.0,0.0008224767891474692,0.004396852217165709,0.9896162203483418,0.0,1,ipsweep,Probe
0.00031711994268245286,0.0,0.0,0.0,0.002311526330840851,0.0,0.019340700882161475,0.0017302014290420992,0.9920950087727969,0.004571319310486353,0.0,0.0,0.005379647771643911,0.010633710181696157,0.014586737477085722,0.002619794832005597,0.0,0.0,0.0,0.026350947510464053,0.006035984055113678,0.002127407187463172,0.003124689790595085,0.0,0.0,0.9896725506944972,0.0,0.00439717792585113,0.9910777581288233,0.5165486849688204,0.524846046937762,0.04274248886856072,0.0,0.0,0.0,0.0031607411170064036,0.005990337087607938,0.0,normal,0.003147885382070279,0.9888714225755584,0.0,0.0,0.0006472749625528804,0.003971435633436266,0.012230196121316636,0.0,0.0,0.0,0.0,0.0,0.0,0.0,0.004986571713356348,0.005784830690821909,0.0,0.013612380089867523,0.0005547060770264821,0.014411518708785483,0.0,0.0,0.0,0.00204601478404767,0.0,0.0,0.008192346934874292,0.9856009915690119,0.0,0.00875341122613447,0.0,0.0,0.016505649468427547,0.009975162292591797,0.0,0.0014007967968370858,0.005252233317028326,0.0,0.0007168284314239027,0.0,0.0,0.02309855578176464,0.0,0.0,0.0007967182762703615,0.008482937184737489,0.015334828658548969,0.0,0.003629495149816504,0.004719472308492666,0.0,0.020878973343925408,0.0,0.0,0.0,0.0,0.013860676679110215,0.0,0.007193230535016668,0.0,0.0069418477755436745,0.0,0.0,0.00852195246917464,0.006475911829913689,0.0,0.00647390580033185,0.0,0.005488747701408452,0.004932624693670378,0.010748114300791619,0.021746239097857147,0.005841930558669672,0.010599576689252953,0.0,0.0,0.0,0.0,0.011349612818608941,0.005311747666571371,0.0,0.0,1.0,0.0,0,normal,Normal
0.013613321231205221,0.006459160825203006,0.0,0.0,0.0,0.014790209819315338,0.032360045317711805,0.0,0.9838806709566631,0.0011287094366564038,0.0,0.004044812424353914,0.0,0.00595540202904857,0.0,0.0037312894179094215,0.0,0.013172425269659607,1.0,0.02229374812413427,0.010645103756841917,0.0,0.0025805763642367443,0.01278692124126307,0.0,0.9918553644757075,0.0,0.0,0.9975415202690535,0.06465295234532868,0.06175778936445056,0.8781654137469799,0.0,0.004641148332116501,0.0,0.01635038157406976,0.8624408511272101,0.0,warezmaster,0.004818550925948273,1.0,0.0,0.004225492035074534,0.005577959225787006,0.0037253488185852008,0.0,0.009392519140651494,0.0,0.00423266594460669,0.003751278346017861,0.006768172168277777,0.0004224656744037195,0.0,0.0,0.0019509798287682754,0.0,0.0,0.010487927738775792,0.013164740688497026,0.018554858350597777,0.0025942653308084684,0.9873762892815795,0.0,0.0018117934240722761,0.0,0.0028059046928686072,0.0,0.01780872873996616,0.0018951796190605752,0.009726421687967697,0.0,0.0032410943132749575,0.0,0.0,0.017572084466295962,0.004459031784839333,0.007615856807207066,0.021646471942279182,0.008947916685218459,0.012837662994896833,0.0,0.0016680243052181814,0.010060664704277616,0.011837640251818509,0.0,0.014602796395943078,0.0,0.0,0.0030568000512307533,0.0,0.009404113617739856,0.0061592803245228405,0.023595782438356312,0.0,0.0,0.0,0.0030354701014481318,0.0,0.0032642194979243884,0.0,0.0,0.016058118686383453,0.007764622875536222,0.0,0.0,0.0,0.011984348907829042,0.003438018689789256,0.003086808548167888,0.0,0.0,0.003450880267940222,0.006890414333969781,0.0029276036710696885,0.0,0.0,0.008696948596591765,0.023230166258717447,0.0,0.005908186119767167,0.0030924166005056727,0.9981384784320797,0.0031984789806469194,1,warezmaster,R2L
0.011687183255418173,0.011160315980474888,0.0008721554773253722,0.010534085616342592,0.0025121675833805453,0.0,0.0022103036489342807,0.0,1.0,0.0,0.011765461452698,0.0070067107203960685,0.015133818448594263,0.0,0.0,0.0,0.006071887384492162,0.0,0.0,0.0050244286742749875,0.058975460081756026,0.00842303394413665,0.0,0.0,0.0,0.9832460975790351,0.0005988707561194672,0.24352927768395383,0.3308641984588346,1.0,1.0,0.003379209617502092,0.022293876998225756,0.03649444324059529,0.008297058009389563,0.0,0.0,0.0011228202203414238,normal,0.007325436778856721,0.9925142575023039,0.005196493125341363,0.0,0.0,0.0,0.0,0.011667011732579748,0.011746838965584148,0.0,0.0,0.0,0.0,0.0,0.0,0.005978146962191158,0.0,0.0,0.004062247993896531,0.0,0.0,0.0006367620830978267,0.007049483325622773,0.008612429591853259,0.017779773842172133,0.0,0.00223322444751974,0.997083140785256,0.0,0.0,0.0,0.012646264270131751,0.0,0.0,0.0,0.009694165494748585,0.0,0.0,0.005466890529908499,0.005554756989510812,0.0,0.0,0.008609527294881437,0.010872054105572798,0.013634322551852793,0.0,0.0,0.0,0.005197985754579918,0.0,0.0,0.0,0.007311767955749955,0.0,0.0015438985025487068,0.00201717800197835,0.0,0.01784716668054886,0.0,0.0,0.0,0.0,0.0,0.008065417156474228,0.0,0.009950038011382244,0.0,0.0,0.0,0.015016739791106012,9.89386869402466e-05,0.0007519257885144043,0.0026131767488971535,0.0,0.0,0.0,0.005163056700075291,0.00773768360614432,0.0,0.0,0.0,0.0,1.0,0.0016529355559306653,0,normal,Normal
0.038021219588996714,0.011753476165011977,0.006794655204995418,0.0014178386166426372,0.00046150567121293416,0.004016044789063389,0.014196725568232201,0.004206129452385849,0.997875456334174,0.0,0.0,0.0,0.0,0.0032467289227422914,0.005021693200884099,0.0,0.003446731794445187,0.013497067380171602,0.007237286449945832,0.053555204494160645,0.06631292642218986,0.0005002431155660129,0.0,0.9838499535975044,0.9913538830785217,1.0,0.009735559546356723,0.0,0.9869852962482614,1.0,1.0,0.0013884845437858357,0.009094584765783769,0.0,0.008391202452257303,0.0,0.4741719783209696,0.4653206175886091,apache2,0.002614423145856254,0.9921270121070097,0.0,0.021600809669123144,0.0,0.0,0.004163930167975787,0.0,0.0,0.006486103793412518,0.0,0.0,0.0,0.0,0.006094992009492364,0.0,0.0,0.0,0.002432266367285765,0.0018442137767233375,0.0,0.0,0.0,0.012530230934703792,0.00018958527592573057,0.0,0.006051756236155369,0.9932610736251724,0.0,3.473911776134425e-06,0.0,0.0,0.0,0.0,0.009422319546561458,0.0,0.0,0.012511984015192872,0.0049783225541007,0.006367777740251339,0.0,0.022037873586274577,0.008083080518732511,0.0,0.0,0.0,0.011087156559840728,0.00469746293566236,0.0,0.0,0.00761324147692814,0.01439569861483375,0.0,0.0,0.0,0.0,0.0,0.0027824142677250674,0.00816321041087896,0.01204319032773765,0.004024852149779252,0.0,0.004026680613332593,0.0,0.0,0.01709723768696748,0.003520809503222263,0.006306180067690275,0.0,0.0,0.0,0.012568928833008931,0.0075433426964385064,0.0,0.0,0.0,0.025116274197374788,1.0,0.0,0.0,0.004679819230415653,0.005166041409428132,0.008829344432548424,0.0,1,apache2,DoS
0.003328378045198045,0.0,0.008080328446993905,0.01509242325214947,0.004770137595427288,0.003583849619505328,0.011326201801594622,0.0,0.008722481778819858,0.0,0.0,0.0,0.0,0.004930769387046982,0.0,0.0,0.008086827107440724,0.0006711242220188594,0.018575722678280275,0.39449964403805227,0.02321864824438506,0.9881707966146456,1.0,0.009330653354229916,0.0,0.03041176746676958,0.06449554801397249,0.0,1.0,0.03618210705964582,0.007510534191672835,0.07592552454382154,0.005721582595947926,0.015710781779910588,0.999826140130359,1.0,0.003080267924651867,0.0,neptune,0.0,1.0,0.007650269189934301,0.021826917112095272,0.00025270729823804436,0.0,0.002208626066754215,0.013164316238484151,0.0022642220307366075,0.0,0.0,0.0,0.0,0.0,0.0,0.010776900102227507,0.013285200878474812,0.0,0.0,0.006320495626493508,0.006806873187246434,0.0,0.0035758138486228098,0.0,0.011921820572539323,0.027692200188744482,0.0,0.009552502397830518,0.004456173897118711,0.0030742682791622283,0.008773326133768081,0.009524704961281867,0.0,0.00640535336266043,0.0,0.0006424505283141754,0.0033917837599329666,0.0,0.0,0.002278769453256165,0.0,0.00802240251155847,0.0012269686542485062,0.0,0.0,0.00642561568112754,0.0032415072824785104,0.0,0.0018254539911991155,0.004818452404845815,0.0,0.004314555372449044,0.01126711646349844,0.0,0.0001808621885583865,0.0,0.0,0.007658853581371105,0.0032790555459056314,0.0,0.0,0.0,0.0,0.018421955016374062,3.06467277200659e-05,0.0,0.002773957874078117,0.0,0.0050443475465163255,0.002984108489114043,0.0,0.9880923990268103,0.0057935110516308674,0.0,0.003490183568015029,0.012441040146222031,0.011467232213664986,0.016256173964953224,1.0,0.0023250430396025007,0.005070172917328181,8.107443813830545e-05,0.010751970555904636,0.0,1,neptune,DoS
0.01203437419065384,0.016787594076601933,0.011118099695544888,0.0,0.0,0.0,0.0,0.0009912579512437372,0.009829067862023626,0.0007439909932987305,0.0,0.0,0.0,0.0,0.0,0.018748493531713987,0.007369641963202915,0.007834918688182696,0.004247228510062607,0.03962623795509247,0.0003832795845029658,0.0,0.004861242778215309,0.002982333645371913,0.007064103045476433,0.03518924881323539,0.6738260751706985,0.0033471477261468865,1.0,0.006021023172034254,0.0,0.6912177399144799,0.9870833582435878,0.0017152770545008267,0.0,0.0030241211588062774,0.021752650399201344,0.0,satan,0.0051175200650634715,0.007053229926811713,0.9939422514186357,0.01442526814278861,0.0,0.01567565468701157,0.0025286626617830495,0.011287314983160044,0.0,0.0,0.014234997913379453,0.0,0.01045705941658989,0.0,0.0,0.0,0.0,0.0,0.0,0.008023349848544956,0.0,0.002990108087452436,0.005854245886626661,0.0,0.006491687530677703,0.0,0.0,0.010300202712425818,0.001976698085764028,0.009124226953728914,0.0,0.0050618319093149455,0.01771746223591489,0.0040333927654351495,0.0017145595151391026,0.0,0.0022043603350249716,0.0,0.0,0.0018803659531893499,0.009905679023951607,0.010951059028099711,0.0007615026334616831,0.0,0.004918448487852024,0.016036219666357886,0.0,0.004210041159124591,0.006546534547944202,0.0005036754033325255,0.0028061699052570315,0.0,1.0,0.0024005732741895665,0.01193324871058895,0.0,0.0040076192844557875,0.0,0.011441795649410962,0.0,0.004611756234911366,0.007798766872751912,0.0,0.0,0.006444575147985845,0.01935464534661081,0.006756664124796772,0.0012933173733470872,0.0022852339871283493,0.0,0.009415217181770819,0.0,0.009722881788116249,0.0,0.0,0.0,0.0,0.006492714700761767,0.0,0.0,0.0,0.0,0.9997108507533439,0.0,1,satan,Probe
0.0,0.0010619800065845056,0.0,0.003371429050588133,0.004902824760412937,0.0,0.0,0.0,1.0,0.0,0.0,0.011825467006219184,0.0,0.0,0.00834706911998835,0.0,0.0,0.0,0.024316787218922872,0.04632765902516144,0.04617317573598987,0.0044902311994140225,0.0008442628364895337,0.0,0.005884017578196529,0.9974139476665486,0.004873034047090018,0.08358443957263702,0.41195701360682613,1.0,0.9883563440512353,0.0038006840171461403,0.005085886799361954,0.0030642888510245183,0.0,0.0,0.0,0.0037380951139787183,normal,0.0009630087280631363,0.996078242873433,0.0,0.014666417232955715,0.0,0.0,0.006362547027383044,0.0,0.0,0.00036145487724591934,0.01619004362603997,0.015426991750609782,0.0,0.0,0.0021818494763885445,0.004523961127161628,0.0,0.017035442803594526,0.0,0.0,0.0,0.0,0.0,0.0,0.010351245067179538,0.0,0.0,0.9997175005637711,0.0,0.0,0.004128890579003588,0.008475806925338801,0.0,0.0,0.0,0.0013754265901744956,0.0,0.0,0.018198362680928008,0.0,0.0,0.003441788516083318,0.0,0.002642092768790159,0.009204931373164303,0.0,0.0,0.021427554101090724,0.0,0.0,0.0,0.006899142423885849,0.0,0.010751421019066627,0.0,0.0,0.0,0.017043983417571157,0.010388723403631664,0.010991905008819991,0.0,0.0,0.008429302979636734,0.0,0.0,0.0,0.020963528720495228,0.0,0.01159975836035734,0.013895642304473035,0.0,0.0028937804350280673,0.0,0.0,0.0,0.0,0.0,0.0,0.012250345430922861,0.0013305631148287326,0.00015710530414475376,0.007606036657595994,0.9966693493566323,0.0,0,normal,Normal
0.0,0.0,0.0017390111836070715,0.0,0.0,0.0,0.021488195030138765,0.005396218121581071,0.0,0.0,0.010751827534920386,0.009073602064223977,0.006838361052871453,0.0005556367776056626,0.0,0.0,0.006785627280927069,0.019905487343147905,0.0014850787782606603,0.9958160401817022,0.9843893638098031,0.0,0.0013246223129066517,0.0,0.004736533229918653,1.0,0.01315250855213428,0.0,0.9967964213807304,0.9780631625097459,1.0,0.0,0.8641620556569114,0.0,0.013707412450311502,0.0003317636577062531,0.006190380659673195,0.0,normal,0.0,0.00023867099865524803,1.0,0.0,0.004475436728258543,0.0,0.0,0.0029242297410792015,0.02690566080503118,3.22142741486268e-05,0.009901923264137902,0.0048909803917845515,0.0,0.0,0.010892469076918185,0.00047622757389021873,0.009070071901707711,0.0,0.0,0.0,0.019069256421462004,0.0,0.0,0.0,0.0,0.0,0.0,0.0,0.0,0.007740631957446758,0.0,0.0,0.0,0.0,0.0005451755887042274,0.010463460346052193,0.0,0.01939051071962592,0.007470086674553642,0.015622729485862132,0.0,0.002012188679436029,0.0013354704660383492,0.016181938977645704,0.0,0.0,0.0,0.0,0.0060773985159268,0.007351180564528477,0.0,0.0,1.0,0.002926913202367015,0.0,0.0,0.007634256146592962,0.014726110379289422,0.0,0.010042334059635642,0.0,0.0,0.02577148018343967,0.010705359154712102,0.0,0.001958944003281882,0.0,0.0,0.008357779587651926,0.0,0.0,0.0,0.0,0.008634208889808407,0.0,0.011200499307045005,0.0,0.0,0.0016722782506071827,0.0,0.0,0.006371312142266315,0.9907976223524251,0.009697971802826999,0,normal,Normal
0.0,0.0,0.0,0.003484394837247886,0.0,0.0,0.0,0.0,0.0,0.0,0.0,0.0,0.009894985900447201,0.0,0.007117423747896111,0.0039054978163288647,0.010205261196803293,0.0032969531502639584,0.0010660425711050108,0.37464302766941,0.019995442967777423,1.0,1.0,0.011755608912425814,0.0,0.04267438220009953,0.094690620081517,0.0,0.9832597591698242,0.04404121570323068,0.021223390990576425,0.08644260397177657,0.0,0.011987061978679525,0.9951304425176566,1.0,0.0,0.0024404474923802807,neptune,0.0,1.0,0.0,0.006619068198252661,0.0,0.010314692636000756,0.0,0.0,0.0,0.006989037176138203,0.0,0.0,0.004585632945907335,0.004365947550661988,0.0,0.0012587788594927332,0.0,0.0,0.0,0.0,0.0,0.007222568054800613,0.0,0.0,0.00850300262172824,0.0,0.009890009041647982,0.0,0.0,0.0,0.0,0.005945085209251751,0.0,0.00686578876849552,0.0,0.01428964574299634,0.0,0.0,0.0,0.0,0.0,0.0,0.00031686262290022544,0.0026322616470951465,0.0,0.030380720430160203,0.0,0.0,0.003128045819533651,0.0,0.0,0.0,1.0,0.00962101017078355,0.0,0.0,0.019228567597800745,0.0019181627243273231,0.002126654087932099,0.0,0.0,0.0048953123351022435,0.0,0.0,0.0,0.010575452248459561,0.0,0.0,0.004919257773882611,0.002351984971185445,0.0,0.0,0.0,0.020227893580810574,0.012087280866504346,0.0,0.0,0.010915989592945635,1.0,0.003967855691376413,0.0022402118507992273,0.0,0.0011310147194049328,0.0,1,neptune,DoS
0.0,0.00588094699332346,0.0075068526848687915,0.0,0.00027872270305162236,0.0,0.003723517041783211,0.02141328088447639,0.004991076828837342,0.0,0.0,0.004955572616577739,0.0,0.009425158905233827,0.015849779554899197,0.013848103477921099,0.0,0.019432433286185477,0.0,0.0,0.0,0.0,0.0021499995082834727,0.0,0.010299725088690415,1.0,0.018100181212234327,0.0,0.832198496196799,0.8202092917784708,0.992812567028664,0.0029908217965492557,0.0,0.008041617274671588,0.0054978882551807605,0.01666675353890055,0.0,0.009719186051835306,normal,0.018523980377993306,0.0,1.0,0.0013305241887876078,0.012045147562508596,0.017222107288102056,0.021615244577946384,0.014228700476273866,0.01415669440761664,0.006389703136925474,0.007906831199600272,0.001674209629163929,0.0011444702446662828,0.0,0.002334384567950057,0.0,0.0,0.006644154653563248,0.013286260278994664,0.007489660622840655,0.007904388724111583,0.0,0.01913024497369231,0.00694979967850517,0.008532653226256839,0.0011399026730474608,0.011174405990738613,0.000598226516034328,0.0,0.0,0.018005845255989045,0.007343187663246347,0.016032405731380976,0.0,0.0012389958831651702,0.0,0.0,0.003067047989272137,0.0,0.01648936356187843,0.006263948640451349,0.008983425313459257,0.0,0.0,0.021978344394593622,0.005745353929544471,0.01159420706793671,0.0,0.0028756311913497074,0.0009154435850954318,0.02264468161110427,0.0,1.0,0.0,0.011930697250210986,0.022406121042628357,0.0,0.0028285695445692278,0.00541907832429322,0.00328582119972059,0.015413356027397405,0.0,0.0014705057624874313,0.005634738154270078,0.0,0.003936439530490462,0.007272987108156021,0.014313835366107638,0.0,0.0,0.004281764800228013,0.014301789770874707,0.0,0.008816818775860366,0.016768353848226305,0.0,0.0,0.01779344830427087,0.001418379018108504,0.0,0.0,0.0,0.9898647341825488,0.010928201849631154,0,normal,Normal
0.0,0.0010482457726165133,0.0067043238717403595,0.0,0.0007107945484234165,0.002461199729820865,0.0,0.0009699252305909935,0.0,0.011947194106518866,0.003262440075933841,0.0029490229572254377,0.0,0.0,0.003876082802385591,0.0049972849553422,0.0028772428370898947,0.0,0.00927902744554123,0.0,0.0,0.9953742760063636,1.0,0.007025414283834729,0.0,0.9905167046659807,0.014158419712562462,0.007973631753622838,0.5253022871466092,0.0036169912898087026,0.0,0.9905895937134742,1.0,0.0,1.0,0.9939740930249491,0.013496600284824807,0.015381105549661846,nmap,0.00618631036362225,0.9967035509084037,0.0,0.006043645085265177,0.0,0.0,0.0,0.004544663284496067,0.008606625296031551,0.0,0.0,0.008696204854535667,0.0,0.0,0.0,0.0072839301592025965,0.0,0.0,0.0,0.0,0.0003790197244959667,0.0,0.0,0.0037467372964403935,0.0055783764502556335,0.0,0.0066574560719235175,0.0,0.016442123704092558,0.020629944818421123,0.013494047680206551,0.0,0.009154914872872066,0.0012965693142246188,0.0,0.010729649173575129,0.0,0.003928578475220172,0.0,0.013171885330181493,0.002969160603053411,0.0,0.0,0.0,0.0,0.0,0.0,0.0,0.0005908804863166551,0.0,0.0,0.0,0.9959544462516122,0.002499520187789434,0.0,0.0,0.0071899261916463135,0.0,0.0010670533822493794,0.0051976066480683624,0.0,0.0,0.0,0.007836987431688956,0.0,0.0,0.004163608893988157,0.013305546791242696,0.0038885857493285063,0.0,0.003646502098021648,0.0,0.0029796415633361723,0.0,0.0,0.0,0.0058764182591600714,0.0,0.0,0.002277391644569319,0.0,0.0012747399779163668,0.0013916187989680936,0.9929023667203491,1,nmap,Probe
0.014180081795596343,0.001160576704328813,0.0022543048453849343,0.002409193444980562,0.0,0.0,0.014051652726187143,0.0,0.0,0.0,0.007118314973568687,0.005200225881246365,0.0,0.006693502023706146,0.004249948644685788,0.0,0.002248016362737837,0.0015296193510852955,0.0010386687666735237,0.4398105793248199,0.027543210421900638,0.020661546660319007,0.005890483263871335,1.0,0.988685603842564,0.052185455380973314,0.07314757513356598,0.0,0.9958184315712824,0.03979393471757521,0.05462947947271314,0.07823575547275069,0.0,0.0,0.0,0.012700539732618664,0.9898980635940241,0.9992251061002737,neptune,0.0,0.990964059613685,0.0017008920487994387,0.009311488924607503,0.016187438164408593,0.022647839621887055,0.0,0.0,0.0,0.0,0.0016807384936832332,0.005344712670954447,0.0,0.0,0.0,0.0,0.015512918420526337,0.0,0.0,0.0,0.0,0.0,0.0,0.0,0.0,0.02173388135355451,0.017799150306178745,0.0,6.339265827885193e-05,0.0,0.0,0.007900989654476786,0.00823694117799615,0.0029880081531352817,0.0,0.008767416629184814,0.0,0.0006940939199660624,0.0022240561869655458,0.006134438029168084,0.0,0.01099255873092862,0.008963280384363363,0.0,0.0,0.0,0.0,0.0,0.007720277466192212,0.0019700808127954177,0.0005214218534133738,0.0,0.9972118184683458,0.0021680800348603552,0.010486687021368216,0.005386090401442897,0.002339631000681918,0.00659322223869577,0.0,0.0,0.013025582387005873,0.0,0.01976330952235568,0.0,0.0,0.005394629300244197,0.0009532531763133666,0.003799540146762098,0.004149871347961765,0.0,0.0,0.006060262460326178,0.0,0.0,1.0,0.00024327433846607426,0.0,0.0,0.008853093591507778,0.0,0.0,0.013299003241102447,0.0,0.0,1,neptune,DoS
0.0,0.006944558900572636,0.0029332626283829102,0.0,0.0,0.0037704017524222023,0.00390957125008203,0.19758722361579625,0.004663660746291135,0.005413034983971026,0.0,0.0077413024748877995,0.0,0.0,0.00507440633485422,0.006816757991674415,0.00406992278421279,0.0,1.0,0.0031146301118518387,0.0,0.0019121223850623024,0.0,0.024484769346085306,0.004197978219652572,1.0,0.0,0.004175390969275027,0.3675733546530122,0.1981718348408248,0.5093392370488503,0.05110548838720043,0.013459573060318634,0.005006155809554368,0.006737676091897717,0.021345484018499183,0.0,0.0,guess_passwd,0.004074663873311168,0.9982905678165859,0.0,0.0,0.0,0.0,0.0,0.008089971064917573,0.01740275761035603,0.0,0.0023669299252599978,0.0,0.0,0.0,0.011407537616246344,0.004079437373691151,0.0,0.011789658596728383,0.0,0.020611151761236766,0.0,0.0,0.9959245448111198,0.0,0.0,0.0023422320982803817,0.010643372239778919,0.0,0.0,0.0018135600229186154,0.016856362563661253,0.004930399476521648,0.0052586457976056015,0.0,0.0025125396651221894,0.02520068831140891,0.006625461097699707,0.0,0.0028691587825487043,0.01724959382792837,0.016213732104501916,0.0,0.00027686523282351215,0.013781073207860848,0.01768517862186112,0.0,0.0012777575344851025,0.0022607146535646465,0.005557274482877846,0.0,0.002137039223149354,0.0,0.013212168248793068,0.0,0.0,0.010957769695891328,0.00570511688352767,0.0,0.0,0.008671310747605068,0.0,0.0128150341901849,0.0,0.0,0.0,0.010347798100932138,0.005521550320649351,0.0,0.0,0.004302336022149595,0.011010603796454362,0.013843092511901595,0.0,0.015365189466397016,0.0,0.011297265142730011,0.0,0.007136191956798115,0.0,0.0,0.0,0.018826169474894863,0.9958297517799533,0.0004954771705744201,1,guess_passwd,R2L
0.0,0.020590457224524336,0.005650171215119266,0.014241531299355441,0.013725876822866197,0.0,0.005134537533802187,0.0014592583425804876,0.9957874715419414,0.0077879382546378875,0.0,0.0,0.011299820776538492,0.03466836268886541,0.0,0.0,0.0,0.021034672357728188,0.00608868124144212,0.018444285133209042,0.04254917261417558,0.0,0.0,0.0018475767518822783,0.0,0.9935040230472577,0.004963171291548836,0.10545514115857306,1.0,1.0,0.9896800757490574,0.006825031070533251,0.0,0.011661297654303958,0.0,0.0,0.008068091165281408,0.0,normal,0.01564528365492249,1.0,0.0,0.0,0.0,0.0,0.0,0.0,0.0,0.007096112234387753,0.0,0.007829492221184828,0.0,0.0,0.007411307687935511,0.002184879084579388,0.0,0.0,0.0,0.008416695833470527,0.009600638063253012,0.013144434714610987,0.01089176500353269,0.006747681475160332,0.002678321272949949,0.010252085601181673,0.003815550997757133,1.0,0.014018566512461509,0.009981985849488421,0.0,0.0,0.0,0.002634070816873426,0.020289053178572693,0.0,0.0,0.0,0.0,0.003477221689768994,0.00023348750044299146,0.005580932582949252,0.004712184647510336,0.02035040012345286,0.0,0.0,0.0002624303355217964,0.0,0.0,0.011881322521062788,0.0,0.00913131422712667,0.0058517643314622845,0.004673585051635663,0.0,0.0,0.02804646315566127,0.0,0.0,0.006531508418951956,0.002215141762871434,0.0,0.0,0.002429408702781939,0.024867436964038467,0.0,0.0,0.0,0.0018478846882432893,0.012144356409048991,0.0,0.0073701451402508715,0.01239593983720979,0.006284142726485204,0.0,0.0037571157862065527,0.004232718578845152,0.0,0.0,0.0,0.015745071715453404,0.002454825549107585,1.0,0.0,0,normal,Normal
0.0,0.0,0.0,0.0,0.010264949986807595,0.0,0.0,0.0,0.9929199159846513,0.0033608703421029442,0.0,0.01652057055886635,0.001977908326189715,0.0,0.0,0.008215001934176364,0.0,0.0,0.0,0.016301655646105095,0.014482217818967184,0.0,0.0,0.012882742771472036,0.001490178180196972,0.9836729108974234,0.017684247853387444,0.14335388291182743,1.0,0.9826169716044821,0.9904777831030737,0.00013623792628387837,0.005325555429038755,0.009401234208696712,0.0033967059011975197,0.006344114819228442,0.008795800968689994,0.0,normal,0.006114263983167726,0.9946112305309476,0.0052574445523647555,0.01406468645479289,0.0,0.003233927198349148,0.00800797104900254,0.01489304247903034,0.005963671452562456,0.0,0.0,0.0,0.0,0.0007620431278344909,0.0018279772920527175,0.0,0.004842646661458291,0.0,0.0,0.005547649051713053,0.003116810840828835,0.009412769327299914,0.0,0.0,0.0,0.003349424971524565,0.0,1.0,0.0009428038869668208,0.0,0.0,0.0,0.0,0.0,0.0,0.0203213481120371,0.010887886328773024,0.004582559795382124,0.00141771392222008,0.004247175701372106,0.0,0.0,0.0,0.011273897181498047,0.0,0.0006309564812646659,0.0,0.019354492764584105,0.002662875209393039,0.0,0.0036982738235865177,0.015115023124833133,0.0,0.004820384823717404,0.002510643563774508,0.003295840289703459,0.011755775162366935,0.00943770743693088,0.005465569539277559,0.0,0.0,0.0007423844719766639,0.004859545034578752,0.0,0.0,0.0,0.0,0.0,0.0157866669313183,0.002506363181875556,0.0,0.0,0.005999900055846957,0.0,0.004944290030838425,0.006628233929498235,0.0,0.005685095750942764,0.008874575334826655,0.004713369728503282,0.008509051348060877,0.0,1.0,0.0068737709088971454,0,normal,Normal
0.0,0.0,0.0,0.000975821182954729,0.0,0.0,0.0,0.0,0.0,0.0,0.0,0.00042851956431635177,0.0,0.0,0.016129313602659595,0.006689814288417916,0.0,0.0,0.011743703395062246,0.18332845984940851,0.3183843149620051,0.0,0.002895235314670454,0.0011580608923429793,0.005339492032290955,0.982624494812262,0.029279269975551178,0.007720266657709105,0.9929094524020472,0.996791576865251,0.9895302542647471,0.0,0.0060356805587473295,0.012399794699310563,0.0033573681065404144,0.0008822345874637636,0.01812984800523926,0.009433017445729953,normal,0.017720783909681983,0.01574122277752184,1.0,0.0,0.0,0.0009066027924681617,0.0,0.014201247200206171,0.0,0.0,0.017423440591078265,0.002228908667907917,0.0018869612645660608,0.006315817328049022,0.00879596905621186,1.0,0.0,0.0,0.0,0.0,0.007160315938467957,0.0,0.001501996776040227,0.0,0.0,0.0,0.014601520065651722,0.0017961368169369313,0.0021881765186405238,0.0,0.0,0.008839276459706912,0.003256853286114899,0.0,0.0,0.005252955977425163,0.0028577951202569175,0.0,0.0014287689526975317,0.0,0.0,0.0,0.0,0.007342943701454138,0.0,1.074396237052874e-05,0.00992076446815825,0.0010409667504523105,0.002543630918418169,0.01787995687411945,0.018990203249989585,0.0,0.0,0.0,0.0,0.0,0.0,0.005320870341265679,0.0043315150468785125,0.0,0.0005192671129197255,0.0,0.004768163643703476,0.0030800477543744664,0.0,0.009331772551810093,0.0,0.0047035741198172285,0.014885376683725709,0.0,0.0,0.0,0.006008783833825429,0.0,0.0,0.0,0.0,0.0,0.0,0.0,0.0,0.0,0.9968332351880724,0.0052189640243472,0,normal,Normal
0.0,0.02318620140450668,0.00932876197451585,0.0,0.0,0.0,0.003744812820937827,0.0,0.995106509609151,0.023419967272782144,0.0,0.0,0.0,0.003928403527758552,0.008783820436973929,0.11059399741129106,0.0,0.0,0.0,0.00493665491334469,0.02002288597413262,0.011854978660060167,0.004171940704261813,0.0,0.0,0.9945642071400644,0.0007967386469404875,0.11830949014257179,0.9926323600140533,0.32055570054598903,0.3138211436911002,0.36960287278177983,0.007834577900797602,0.0,0.0,0.026641480437824654,0.65814958125162,0.00789207929740078,normal,0.008997820971555158,0.9949785912279736,0.0,0.00922318036005518,0.0005499037900435432,0.0024138424992888666,0.010024787909540185,0.0,0.01866715282226347,0.0,0.0,0.009384581485283608,0.004384441420022749,0.010144655243531885,0.0,0.0,0.01119360998955947,0.0,0.0,0.001733237089415444,0.0,0.005934628104298982,0.02245265596527982,0.01726477051304419,0.0,0.0,0.008812004191939834,1.0,0.022865044125408157,0.0,0.0,0.020546402824030946,0.0,0.0,0.0,0.020080444454827408,0.0,0.0,0.0,0.008345069387229866,0.021183175716437134,0.0033511673331153027,0.0,0.0,0.012378786478554987,0.0,0.0,0.00030024612690023045,0.0,0.0007224936251391161,0.006245221957032848,0.0,0.0,0.00825549008383709,0.008555847575232388,0.01908803435443004,0.008659441394721202,0.002090255358388135,0.0,0.006363049038761098,0.005144764501244585,0.0,0.0,0.029804120143085148,0.0,0.0,0.005623755144450923,0.019210553494481593,0.0,0.0,0.0,0.0,0.0,0.003502005673950643,0.0,0.0062182393072257,0.0,0.010225020225876333,0.0,0.0,0.00861340687394436,0.0,1.0,0.010837742521425005,0,normal,Normal
0.0,0.036878777071923594,0.0,0.0,0.0,0.0,0.0,0.0036990854439518522,0.0,0.0,0.0,0.0,0.0,0.0122387086323898,0.0,0.0,0.001827537514295361,0.0,0.0,0.0,0.03261181268240213,0.0013511302890991293,0.005717400617354495,0.007202568831960138,0.0,0.9992235206798987,0.0,0.0,1.0,1.0,0.9772688846157905,0.0262792196360343,0.005283167973227336,0.0,0.0,0.009099864462963868,0.0,0.0,snmpguess,0.004803891565366093,0.0,0.9918116525442243,0.022605231067719535,0.012258566409034995,0.011532039749083471,0.0,0.005015993163703063,0.0,0.003695581094218816,0.022281489556145617,0.0,0.0,0.0,0.008706804132216433,0.0,0.0,0.0,0.015092085337509576,0.0,0.0019588693812332796,0.009302485981758044,0.006502004159362743,0.005847547027940959,0.002079024507446187,0.010083094813499713,0.0,0.01366307990427196,0.010661930965206973,0.008634586335607864,0.0,0.01418631915762184,0.020168855984458493,0.008703062761704041,0.0011040772160146215,0.0,0.00433418376194264,0.011247686784553259,0.0075791081395316495,0.0,0.00491354002991402,0.0004981513140295836,0.0,0.0037815654519692877,0.010577928117829318,0.0,0.0,0.012632020397666172,0.013509020164744017,0.0,0.018288216627107657,0.01246130323722391,0.9971598652749558,0.007060738415771919,0.0,0.006410753480757939,0.0,0.01467132108403488,0.0,0.0,0.01017447695952735,0.0050372515730612135,0.0,0.004908061971037163,0.0002965774902309364,0.005087334052087319,0.0007807171379605537,0.002793106870146101,0.00454025094310093,0.006299967046289291,0.013886024609925985,0.013192575849585251,0.0,0.0001767636848051267,0.0,0.00964374653297749,0.003168581203362388,0.02688845833948548,0.0,0.0031834647246044897,0.008546900070625342,0.0,1.0,0.0,1,snmpguess,R2L
0.03969389852626553,0.0,0.0,0.004963033541510118,0.0,0.0,0.013125569443103613,0.0,0.9772067324470127,0.0,0.0,0.0,0.004749646952887695,0.0051677299359677445,0.010068024555779388,0.0,0.0008292777611827892,0.0,0.0,0.06955337387451052,0.07486759656532983,0.0,0.017737563271781245,1.0,1.0,1.0,0.0,0.0,1.0,0.9743181891137139,0.9923207878810872,0.0017051449965157263,0.00701404810003288,0.0,0.004835989134311102,0.009224119481622373,0.5493061508652876,0.5470518099267414,apache2,0.024562758161578976,0.9943044134998965,0.0013500313005407384,0.0014179970935238944,0.0,0.009549180884400061,0.0,0.0,0.0059306387483792355,0.01021657584446198,0.0,0.009496788687531588,0.01906297154318628,0.011225356580993957,0.0,0.009371300322460342,0.004996789574255062,0.01381755030362899,0.0,0.0012865379233081814,0.00012896129942893746,0.004982863596604854,0.00026182305503273293,0.001892044596731056,0.0,0.013991627850067625,0.0036040060899744193,1.0,0.0,0.0,0.004713569736761854,0.0027331494693719044,0.0,0.0,0.0,0.0,0.0,0.006746353713222448,0.0008111826779845148,0.0,0.0,0.0,0.0,0.0003838924506666607,0.0,0.0,0.0,0.0,0.0,0.0,0.0,0.0,0.017520724093533616,0.0,0.004424818186378006,7.267130530926796e-05,0.0,0.01772938714776088,0.005211137393905028,0.0,0.009776602570375785,0.0,0.0022517999750203115,0.008725859395635359,0.0,0.01290578239250176,0.0,0.0,0.0,0.002101856110099416,0.0034921382759765304,0.0,0.020417589057149906,0.0,0.0,0.0,0.0,0.9920098496767907,0.0,0.0,0.0,0.0,0.0,0.0,1,apache2,DoS
0.0,0.006245542160937351,0.0011242419052604486,0.00359345320242982,0.0004885583947284748,0.0,0.01655884788115709,0.007554145764868411,0.013791497039682703,9.439557346916757e-05,0.0,0.0,0.0,0.0,0.0,0.0,0.0,0.0,0.0015346990596017136,0.002471490661524771,0.030990544362534428,0.005701235045320374,0.17151864196367095,0.9906819217491779,0.5464302683405148,0.9965530465912972,0.0,0.6349788612428684,0.27311778843012235,0.34888650579972913,0.3261264777857872,0.08369623763446761,0.006030375185827136,0.01838851151487103,0.024226228396455225,0.0022563457346827386,0.8935838777597511,0.7033193117868705,mscan,0.0,1.0,0.0,0.008253636092908068,0.019011998539931952,0.0,0.012805375344273277,0.0036343614796139523,0.0,0.0,0.006918378060631698,0.005079414899550541,0.00789534201112162,0.0060605470007514895,0.00991298751006754,0.0,0.0,0.0,0.0,0.006825129278484219,0.0014677438421540154,0.0,0.0,0.0,0.006275192073570376,0.014329165941519915,0.006500663954227164,0.0036005768010299844,0.0036133054862774413,0.013634289275107094,0.004511588111779022,0.0,0.0,0.012692409138468483,0.004835311269746382,0.005623407661052571,0.018053198337741022,0.0,0.017955811476350704,0.0026631061331678176,0.0,0.010612169627693782,0.0,0.0,0.0,0.008500774854818583,0.0,0.01610255741707648,0.0,0.017854790966583114,0.0,0.010895900099625204,0.0,0.0,0.004715126931137833,0.0,0.0,0.002917029331147382,0.0064258491251808015,0.0021845872688786715,0.0,0.0,0.0,0.9946668662852246,0.0,0.0,0.0,0.0,0.0,0.020730466187616866,0.0,0.0027469583786984574,0.0,0.00814608698364217,0.9938466098634962,0.0,0.0,0.0,0.001269917934107399,0.01233947352093871,0.0038292929472018055,0.0,0.0,0.011564561908740494,1,mscan,Probe
0.045606249852788605,0.0,0.01711026631732174,0.0,0.0019976624461263736,0.0,0.0,0.0,0.9939484182906487,0.007865189818762159,0.0,0.0,0.00435084866337812,0.016600811807404033,0.004583425167418585,0.0,0.013720707077857898,0.00795053789125105,0.005301506970676685,0.030753760314010777,0.0,0.0,0.010457123781540054,1.0,1.0,1.0,0.0,0.0,0.9899055626336255,0.9766417651119261,0.9839416168642172,0.020816042682615932,0.0,0.0,0.0055475693477287725,0.0,0.01626071937347486,0.03738970283213812,apache2,0.012844229907001415,1.0,0.0,0.0,0.006709334208953477,0.0,0.0,0.0063057650645091355,0.0004023223092036814,0.005574955027624307,0.0,0.003941411878478297,0.005182267429964427,0.0,0.0,0.0,0.0,0.0014229678081106745,0.0,0.01181473677377988,0.0037816101975648737,0.0,0.0054467816308981344,0.0,0.0,0.0,0.01616883005197324,0.9981492846417347,0.01424285627353665,0.0,0.0022083036889794854,0.003167978600315878,0.0,0.0,0.0,0.0,0.005788559524424553,0.0,0.005308663783915345,0.0,0.0,0.0,0.011023725414635177,0.0036542733616482977,0.010310412177569724,0.004853225860005139,0.00038670682190165856,0.0,0.0,0.0,0.0,0.0,0.0020048490677895005,0.0,0.006981893345450799,0.011268350134209739,0.0,0.010924770232553957,0.0061447369973251795,0.0,0.0,0.0,0.0,0.0,0.007160485937445464,0.0064573480799874,0.009271941796267816,0.0,0.0,0.0,0.012902790268942994,0.008851935104428348,0.0,0.014799224215148293,0.0,0.0,0.0,0.98938206291652,0.0,0.0013342368253883997,0.0,0.010432779763865193,0.0,0.00579250339342304,1,apache2,DoS
0.0,0.0015953233619136011,0.0,0.0,0.016821840848607154,0.009403072135328374,0.010954210576385579,0.006398026176426631,0.0015952297128071751,0.007200582808018003,0.012774844044844894,0.0,0.0,0.0,0.005234347700516416,0.026578706121643172,0.0,0.019098329031407305,0.005033457311232056,0.2618701347726057,0.02909306242708813,1.0,1.0,0.00016309583783720384,0.011436524551590556,0.08634424728234603,0.05051301933845544,0.020709120649148614,0.9976172729524756,0.031725412124738665,0.048703032483109115,0.07035271453098377,0.010020100332823877,0.0,0.9853323305860539,1.0,0.007748423125581982,0.0,neptune,0.00884767273977542,0.9937253872023676,0.018919199352709512,0.0,0.0019869191395362855,0.00538801016185569,0.0,0.01258019376929605,0.0,0.01696585358901333,0.0035449916659645608,0.013475834590644756,0.0,0.011274328316563758,0.0,0.011763717754412385,0.0,0.0035371671677349517,0.0,0.004159777680481054,0.0,0.0,0.004299037106596993,0.0,0.007169610840724483,0.0,0.0,0.0,0.014116781822807354,0.0,0.0,0.0,0.0,0.0011739344428032868,0.013372798395954427,0.0024750499890967403,0.01571098574322923,0.01505592221973855,0.0054657923594524736,0.006775772126003061,0.0023740730007881443,0.004612563981328998,0.011055471794573694,0.0,0.0,0.0015374127021567955,0.002611834489474091,0.004957392511672642,0.0,0.0009936800563611176,3.83954242571816e-05,0.0,1.0,0.011131864873704043,0.0,0.002620183304236633,0.0,0.0,0.0005492487302518992,0.0,0.0,0.0008266633469905173,0.000922334084754048,0.0,0.013503953993685685,0.0,0.0,0.013011736865021618,0.0,0.0038003840117597333,0.011842926407359565,0.0,0.012523803678215326,0.01091442647892895,0.0,0.009661050006997124,0.025857856855575657,0.0,1.0,0.0,0.016424646333737983,0.0,0.007453097188978031,0.00647033078757826,1,neptune,DoS
0.18771224857297666,0.0,0.0,0.0,0.0005052235499605096,0.013984278315091499,0.0,0.0,0.0,0.0,0.0,0.0,0.0,0.0,0.0019514745092079214,0.0005840456152347846,0.0,0.0,0.0,0.006989583689279032,0.046173209627087056,0.0,0.18056820271176435,0.49870934845338394,0.6723004468175483,0.7390078793904963,0.5108166884597003,0.8311808699176517,1.0,0.20870113653247888,0.19704510143714152,0.01905521332049105,0.011696098318365156,0.010160947948653073,0.0,0.04447234857228478,0.08752272605721159,0.2662528477463715,processtable,0.0,1.0,0.0,0.0,0.0,0.0038631648562613453,0.003357149296637219,0.02016964865834139,0.0039674659477594324,0.0,0.0,0.016662824857943993,0.01622858139691025,0.0,0.005100230811139935,0.0009763933568435099,0.0,0.0,0.0,0.0,0.0,0.0,0.007682969241674076,0.005941213993682624,0.0,0.0,0.0,0.004728743662201264,0.0,0.010047360500621463,0.0037447029160219206,0.012845225019956472,0.008225537380662677,0.0,0.005863160911393973,0.0,0.000757205521459333,0.0,0.0,0.003594594585615556,0.0,0.000619325615880338,0.0035181070052406342,0.01928763257307364,0.0,0.0,0.0,0.0035683372077218484,0.0,0.013243657691075373,0.004714186379787558,0.0,0.007496710035002805,0.0,0.0,0.009101756136176203,0.01954228778517986,0.0,0.015078868779075915,0.017018660614396212,0.0,0.007940225251997526,0.009215616922036101,1.0,0.00016468521364967,0.007600926818465312,0.005934080214028924,0.0,0.0,0.0,0.0,0.0031407328771963622,0.0,0.0,0.0,0.0007291981659888714,0.0,0.0,0.0,0.0,0.0,0.0,0.9949411838219991,0.0025926190824497137,1,processtable,DoS
0.022320304343944254,0.0,0.0,0.0,0.0017256567386593428,0.0,0.010870363075006544,0.0,0.994754313120583,0.0021463692313788926,0.0,0.0,0.013309226197221687,0.0,0.0033691262364890944,0.003905852353668368,0.0015249897847538726,0.0138686660521388,0.006274425617425927,0.026673956766741818,0.029860642894651644,0.0,0.0,0.9365624410694685,0.9318197055912151,1.0,0.008500134584525244,0.0,1.0,0.9895034916514155,0.994999065671748,0.004512171616256094,0.0,0.0,0.004965870470287215,0.011077935493635456,0.06281099840773298,0.07668355532226392,apache2,0.0,0.9897753963173267,0.020389998570785117,0.0,0.012120910007187598,0.006101148374666016,0.0020977284576661425,0.006242732501024475,0.009116117442339818,0.01714168414307459,0.012268472473886238,0.0,0.0008349151299805937,0.016151115919463697,0.022535534345749064,0.00802526011667446,0.0,0.0,0.006554278359728036,0.0,0.013624591200325583,0.005208837725854377,0.002278367847275305,0.003503145780104627,0.012486455234833225,0.00658492304788981,0.0,0.9886015120528803,0.010547789745799386,0.012314960134059218,0.0,0.01726716162895301,0.009433341395204997,0.013244301502533223,0.0,0.0,0.00016341545955142267,0.00470943477779657,0.011114998560388653,0.0,0.013713791714839357,0.0,0.005590912066679606,0.0,0.000524031946962074,0.0,0.0,0.0,0.0,0.0005838529096324468,0.0,0.006328804753511809,0.0,0.0044106038665337735,0.003542058696268945,0.001666360274534467,0.009517331520140991,0.0,0.003110008182915822,0.0,0.0,0.0,0.0,0.022771476947683892,0.0,0.0,0.008291714476028902,0.0,0.0,0.0,0.02596326069846495,0.0,0.0,0.0064343644276326755,0.0017660004900087883,0.0008018906724449785,0.0013859675471125626,0.9957000365832412,0.0,0.0,0.0,0.0013185409241375072,0.011850458476968818,0.0,1,apache2,DoS
0.0,0.009204425672746878,0.0,0.0,0.014639608394895443,0.00872310151155286,0.0,0.003358279698232376,0.006187578210331187,0.0,0.012069999002297866,0.0,0.004667575174566048,0.0,0.022451747216988283,0.0,0.0,0.004576901362871933,0.0,0.9889004797881391,0.0,0.06108414087013744,0.0,0.9328432196427067,0.9964642501533412,0.0,0.9822481979639619,0.0038700127285419077,0.9913763196650804,0.0,0.002999349612362137,1.0,0.004971438059192412,0.0,0.027671469528117294,0.0,0.9944610858326584,0.9903729044502462,satan,0.0,1.0,0.0,0.0,0.0,0.0052251284293880875,0.0,0.0088053666435733,0.02685791335957856,0.004527059489814946,0.00414079657755257,0.0029506281149596224,0.0,0.0041574712432250124,0.014546715848888187,0.0,0.019890753976983918,0.0,0.0,0.0012115537274523947,0.003855125457737152,0.0,0.0,0.008418241792766191,0.0,0.008325447639790132,0.017025670315247095,0.0,0.011237019537315604,0.016485680083832572,0.0,0.0,0.0,0.00021392405625171015,0.003166421628650971,0.00967054265800342,0.0,0.0005184115663034228,0.0,0.0018273210999888195,0.0,0.0001358649108623476,0.0119535377041265,0.0,0.0120197339697494,0.019488240543642617,0.0065012925471510654,0.9996097609544381,0.008724255602283484,0.007411762701668064,0.0,0.0,0.0,0.0,0.0,0.0,0.0,0.004520758009853109,0.0,0.0,0.003781215272169743,0.002792723606847632,0.00797370654496012,0.0,0.0,0.010012245839333063,0.0,0.009461954712531646,0.001362358733275342,0.0,0.005813798283602552,0.013240574187316818,0.002378657702400178,0.009492401386657164,0.9951181543480814,0.0,0.009803764722620548,0.016379878092452727,0.010474481819947984,0.009838792434193095,0.0008562512316445209,0.0,0.011678505234273343,0.0006622908118586165,1,satan,Probe
0.006894698990826747,0.0,0.010407614251370878,0.01477378466299237,0.008139941574977813,0.020089150519666667,0.004067154574304545,0.0,0.9811111082269931,0.0006080111203072989,0.0,0.0,0.010452931223066744,0.009144658222253044,0.005396829936678841,0.0,0.012198195832024375,0.006074383002109175,0.0034736648317767295,0.015733162823121927,0.029502399368757162,0.0,0.007111814365563857,0.012041321005292514,0.0,1.0,0.012969300930879071,0.0,1.0,0.998420730338891,0.998614071019624,0.0,0.029094286009490437,0.0024736562229395378,0.005291099546289992,0.0,0.0,0.013909315827102782,normal,0.00427793135360792,1.0,0.001639628159740081,0.0,0.013011322722691161,0.0,0.0,0.0024833750857250593,0.0,0.006192382230770044,0.02399857516133969,0.004716557954410435,0.0,0.0,0.018777078336549964,0.024212145324481515,0.008300374708070221,0.002639901799508392,0.014718594405702692,0.0,0.0,0.005367212305454882,0.0,0.0,0.0,0.006035107605927158,0.0037317771433207853,0.9848652967522554,0.0,0.0,0.00694444587595237,0.0026150068994545157,0.0007325402393013967,0.0,0.01828535521368717,0.0,0.005992279918722705,0.0,0.012759709234557515,0.018186820227128392,0.0,0.0,0.0,0.0,0.0005609031041101931,0.0,0.0,0.007911095518348442,0.0,0.0,0.0,0.0,0.0,0.006812086855472732,0.0,0.0,0.006408292380370983,0.0009551111705664662,0.0,0.0,0.0,0.026721476536884933,0.005021559056062838,0.0014773501628113697,0.0,0.0,0.0,0.0,0.0,0.0,0.0,0.0,0.0,0.019011552392758254,0.0,0.003316013296781019,0.0,0.004430372055910312,0.0,0.0,0.0,0.0022068770524307784,0.9899608372514954,0.0,0,normal,Normal
0.0,0.0,0.005381221205009406,0.0,0.0,0.0013332181309054151,0.012156648073423842,0.0,1.0,0.0027833327208152186,0.0,0.0,0.0,0.009432429396963257,0.0011040711237571233,0.00529764240867248,0.010993810890740177,0.0,0.016198805871796947,0.010284609351359402,0.0,0.0,0.0,0.0018182181028021085,0.0014025591416598996,0.9952356388410711,0.00456554982358501,0.00381922009112676,0.8944558783598382,1.0,1.0,0.0,0.0,0.013652387121717912,0.0004201138793158217,0.0,0.008069097137012494,0.001049172944464943,normal,0.0,0.9931763454574448,0.003992583011631459,0.0,0.0,0.0077133904322354545,0.0,0.0,0.019192582823107016,0.007512441102388339,0.016380926015390877,0.0,0.006607095880208904,0.0018156164453697419,0.0,0.005582516533959798,0.0,0.0,0.0029092195302560975,0.0,0.0,0.010519837066499201,0.00487920512213881,0.0,0.003867987367390469,0.025667066723868915,0.00792945737071769,0.9888862125398646,0.0019882741504294622,0.004658974245848692,0.026698806832791157,0.01034261055091644,0.0,0.0,0.002741075120501045,0.009593060911455526,0.003918370176803177,0.009399176347752591,0.0073282858881114936,0.0,0.009699466015503125,0.009365928959111198,0.0,0.004950070029917713,0.00477530666195985,0.0036657325126664476,0.0,0.004157077541793796,0.0,0.029493015953675226,0.0,0.009248863722187136,0.0052222708676131855,0.0,0.0016811945242219486,0.0037845431897100446,0.0005917855803807517,0.011067989158455235,0.022474861643824,0.004877685155807681,0.011480142161029987,0.0052296256569760845,0.0,0.0,0.0,0.0,0.0,0.00020650496919770518,0.0002588004417953546,0.0,0.0,0.0,0.0008491922399350075,0.005220748034033516,0.00014470665747253955,0.0,0.016328429540341506,0.0,0.002001313746892423,0.0012169139336577486,0.004645349379635567,0.0011541961552201643,1.0,0.009220581419828136,0,normal,Normal
0.023249993976913526,0.0,0.0,0.0,0.0,0.006257110078617516,0.0,0.0,1.0,0.0,0.0,0.0,0.000685718336757468,0.0,0.0003510500926959971,0.0,0.0007164172907250009,0.008836756205869906,0.006662880973075607,0.10065941838201035,0.1059583613755677,0.006013690565111247,0.0,1.0,0.9998915686962443,1.0,0.0,0.013799251098678769,1.0,0.9918774866321309,0.9925280972185726,0.019702161233010166,0.0025648515985422895,0.012451516227881015,0.0064858759306024305,0.0,0.27695614753422737,0.2735345157121185,apache2,0.004663955957219765,1.0,0.0,0.0,0.0,0.0002658771096207746,0.0,0.0,0.004532767447218224,0.0,0.0,0.0,0.0,0.0,0.0,0.020401917152156807,0.004076626534788525,0.0,0.0,0.0,0.0,0.007543288242842774,0.001168682600600759,0.005196781807574089,0.0,0.0,0.0,1.0,0.023599179739808056,0.0005038958889322933,0.0,0.0,0.012571610273106746,0.010287105816663896,0.01000983451303242,0.0,0.011192266144467356,0.0,0.015518727322397206,0.0,0.0052941198759723475,0.0,0.0045070900729303745,0.0,0.0,0.0,0.0,0.0,0.005488228752804131,0.004832627220970134,0.0005482799589780301,0.001709893129795654,0.0,0.0,0.0014855778739747735,0.0,0.0,0.0005448800267830791,0.0,0.019434198529638142,0.0,0.0,0.0,0.0,0.0,0.0,0.010218509846159185,0.00010216879131514591,0.0062313804737063605,0.0016015644771697971,0.009124663648515288,0.0011275702964197256,0.0006802417916132438,0.008927566322234683,0.0,0.008613703218039224,0.0,0.9927065195406081,0.010472893536327316,0.0,0.012847655012168033,0.0,0.01892702694901539,0.0054261351647221625,1,apache2,DoS
0.007579806471957365,0.0,0.0008639859473893877,0.0,0.0,0.0,0.011237907811838668,0.0,0.006226334074879117,0.008857675858178241,0.010186257414671756,0.007537016531888027,0.0,0.0003762380364574011,0.0,0.00376277603663955,0.023347982907746867,0.005024402097990876,0.01499879242728609,0.5579296448778365,0.007528466975482034,0.0,0.004944724263988439,1.0,0.9902185041354452,0.00914172572298898,0.0538150490525306,0.0,0.9949170386900207,0.016606379321943053,0.020362589841078565,0.04558845513598726,0.008951441719858025,0.0,0.0038363138513776013,0.0,0.9887249191617171,0.9961187316858883,neptune,0.0,1.0,0.013502193941334317,0.004400108124836732,0.0,0.0,0.0,0.0053665998533611444,0.009928037988564507,0.015897813770485453,0.006005177330556687,0.0041850831597190705,0.008976776761085598,0.0,0.0,0.0,0.013864610801117519,0.0,0.01311937182508923,0.0,0.005339188335559044,0.0,0.0,0.017111355458329303,0.0,0.0023976511391552223,0.0,0.015167354145865184,0.0,0.007729042474010727,0.0,0.0,0.008297666264443023,0.008356983119312811,0.011171483048808068,0.0,0.006837790325225437,0.0,0.003270937152611869,8.359264193352649e-05,0.9997364035492946,0.0,0.004562208685079643,0.008068409592528114,0.0,0.008384297161316825,0.007276065556667995,0.0,0.0,0.0,0.005759772593314453,0.0,0.0028670410727274554,0.02245784223988733,0.0,0.0,0.002140826659332306,0.0,0.0,0.007732519071268158,0.004809346081355584,0.0,0.0031027976614066755,0.006435546399389518,0.0,0.009619777216001582,0.0,0.012059919151528976,0.0008190059597263232,0.0,0.0,0.004451572001323834,0.0,0.0025630675442519712,0.9871052034509492,0.01395200701540797,0.0,0.016304675854147608,0.0,0.0,0.0008768653228305222,0.0,0.000735122055067596,0.013161040408447214,1,neptune,DoS
0.023887750191711424,0.0065183496525077315,0.003318604983626202,0.0,0.0,0.001384649154532987,0.006736473747588363,0.0,1.0,0.0,0.0,0.005956783361904199,0.012811749073051455,0.008690599997528817,0.0,0.016671606268797132,0.0,0.0,0.011095577959782901,0.021539665989383144,0.015277939628168244,0.024826057128409202,1.550183459486222e-05,0.0,0.022430746281318737,0.9887565530659038,0.0,0.9830968410397882,0.9985865594957232,0.00892380768304994,0.0,0.050804331628095833,0.0,0.0028930971252228606,0.007598409614622257,0.0,1.0,0.0,normal,0.014431899073307925,0.9972483802778226,0.004389830966811038,0.0,0.00923232441264028,0.014599938200255702,0.011425744736062561,0.0,0.0,0.005317678480419803,0.004904238518778093,0.002636570431163863,0.0,0.0,0.006159109249744535,0.007094593407403517,0.0032538556717941454,0.008643683926137914,0.0,0.013026874361672105,0.0,0.004264398351266442,0.0,0.0,0.0,0.017915667805933233,0.0,0.0,0.004171931486010665,0.009215633314892321,0.004260226091878077,0.0,0.0003992326758109977,0.0,0.0030937183896043554,0.0,0.016477741566830757,0.0057940395436855965,0.0012843158160173321,0.01044951293886122,0.0,0.013819505046572261,0.0,0.010526178783608637,0.009852889526807629,0.0,0.0,0.01568682609012509,0.0098968438241691,0.0,0.0003528636660922298,0.0,2.554270746812479e-05,0.0014256801010266043,0.0,0.0,0.0006761382667172404,1.0,0.0071317616500650195,0.0014677666865081955,0.0,0.00027017169549407855,0.014659763635315437,0.0,0.0013468316564705842,0.0,0.0,0.009780760594583689,0.004794009689107037,0.0,0.0,0.034861312831384064,0.008312872330411135,0.013842357214372792,0.0,0.002893986399677142,0.0,0.0,0.0,0.0,0.0,0.003819749109324188,1.0,0.0,0,normal,Normal
0.009372962531903324,0.0,0.026389425289942127,0.004213455590329113,0.0,0.0,0.015881782678413475,0.0,0.009570593327749321,0.001862378073708666,0.01395960211370644,0.015055579218553985,0.0003794057478877334,0.0,0.0004624854249836793,0.009958686103298446,0.0,0.0017413316152374966,0.0009519532880129853,0.04022411527370556,0.026162888796266194,0.005712713064651003,0.0,0.0,0.0,0.9971170404407848,0.011043607338549895,0.0,0.26428029424917,0.07606913440247794,0.3464167030655149,0.032146989334168624,0.311548396537787,0.0,0.002214228403916932,0.008116355830266734,0.003866593015365186,0.0,normal,0.0,0.9925038091857076,0.003167874381217723,0.004557764107134029,0.010433959380870493,0.005770355933748443,0.0,0.0,0.00023061840091142955,0.0,0.00323851919374757,0.0,0.007754863653068587,0.0,0.0016403698209971566,0.0017476906532059965,0.0045181376188860485,0.0,0.01610419012541439,0.006216483881734748,0.0,0.0,0.0073120709842160484,1.0,0.0,0.0,0.0001616190766147292,0.0,0.008658935336737467,0.0,0.0,0.0,0.0027581853405446157,0.016077299497349692,0.001066291949438117,0.0,0.0,0.0027688889818931733,0.007420784636841921,0.0,0.009040368597491463,0.01105261562422305,0.0,0.0,0.0,0.019605376328596196,0.0,0.0,0.020566283061873754,0.0017300842377874924,0.0,0.014352729412490906,0.0025692643573192683,0.0006097722487511219,0.010573272457527738,0.0,0.0,0.0068515150424930185,0.0,0.0,0.0,0.0039340322901348325,0.0,0.0,0.006646536454066399,0.0,0.0,0.0,0.0002475275319732211,0.0,0.0,0.0,0.007336850296163502,0.016825248134288567,0.0,0.0,0.021442347983778465,0.0012976933361956563,0.0,0.0015513970160413227,0.0,0.0,0.9972444814134768,0.0,0,normal,Normal
0.0018895442412988973,0.0,0.020866906104159044,0.0,0.0,0.011199972061405213,0.0,0.0158096493972813,0.0,0.01312927710434964,0.007495388297954106,0.01113837641953086,0.013142289295607509,0.02684546459117584,0.002901426233077558,0.0,0.0019269336780518493,0.0,0.0,0.2636878052297978,0.428973893989592,0.0025382652790185674,0.0035187683987987824,0.0,0.0,0.9965297273802093,0.0,0.02650144274875693,0.992595073275513,0.9922540285463094,0.9930036282176813,0.0,0.012384509761622833,0.0017100676087254633,0.011369098412864225,0.010011096662174675,0.0,0.006437013137970757,normal,0.010502760150607178,0.0,0.9984047968160833,0.0,0.016118639805322178,0.0,0.0017813680423747927,0.013510697656029188,0.002532438732207128,0.0,0.0,0.0,0.0,0.002913968036073464,0.0053477015696446984,0.9854947932541601,0.0,0.017126209722510125,0.0,0.0,0.0,0.005708753172182033,0.006153897196556608,0.011072309471627746,0.009880547186865233,0.0,0.0,0.0,0.0,0.012163050003589793,0.032443742312935765,0.01717480977463764,0.0,0.0,0.0,0.0,0.0,0.008001471010972436,0.0,0.0004852962089497071,0.0,0.0,0.00031119733572971306,0.01693292187619731,0.008856945135927045,0.0009150959026823705,0.010597923445308233,0.0037732996286869557,0.0,0.0,0.0006465006871535495,0.0,0.0,0.0,0.006731419205923553,0.005222951836967241,0.00029422199795903507,0.0027664787912201117,0.0,0.0023503005567374396,0.003938288863250011,0.0,0.009979879206205603,0.012377270556469777,0.0,0.001152245436170886,0.006988185923746289,0.0,0.0,0.009894712457623293,0.0,0.0,0.0,0.012550103805107128,0.0,0.0,0.0,0.0,0.0,0.0,0.014569458026158277,0.006387190321745088,1.0,0.0,0,normal,Normal
0.009128803882909445,0.0,0.0002635632118211637,0.007455268845684672,0.00734286700264343,0.008743850254574201,0.0,0.010408027422920399,0.01056876865172598,0.012931109168676425,0.0,0.010191005222491679,0.011584893797274438,0.0,0.004398589832534376,0.0029732100915247435,0.005250360252031353,0.017055805747924903,0.0,0.011971657156699981,0.004057066518333042,0.006016999226331536,0.003270824824547961,0.0,0.0019201920873514852,0.9847414808182559,0.022916578417823005,0.0,1.0,0.534609224369924,0.5281449885567788,0.0312255156214052,0.5436897312278789,0.009769379956619476,0.0,0.003114090584389384,0.007274191062486682,0.019050407469956423,normal,1.0,0.012487773248108265,0.0010997927293805812,0.002262278815206762,0.00133328649354788,0.0,0.01871282144435958,0.0,0.00038539655512497684,0.018476650091854795,0.0018161931060527315,0.0,0.005899444706148481,0.0017207944426500285,0.002143712271581454,0.0,0.0,0.005180292704673314,0.004333568149499339,0.0,0.012663073105658364,0.011829557454742201,0.0,8.672998948804008e-06,0.006002355281563956,0.0,0.0,0.0,0.0,1.0268498029730499e-05,0.0,0.0,0.0,0.011983638148092038,0.004804355680950596,0.010356679489765612,0.010681718310848735,0.0,0.0,0.0,0.0,0.0,0.0,0.0,0.004931533562146642,0.02129496013816393,0.013814518688987282,0.0,0.0,0.005715673794992999,0.0067897672956424016,0.0,0.0005195237054024654,0.0,0.0,0.0,0.0,0.0005908767451515041,0.0,0.001813426727510485,0.010690658716462258,0.0,0.006515798985329346,0.0,0.0,0.0,0.0,0.008848961765734164,1.0,0.0008305430910051306,0.02024533626764244,0.001818788463513542,0.0,0.0061613869716831615,0.0,0.0,0.009367119799340733,0.0,0.0,0.023906157993527986,0.013827938948423185,0.0,0.9862077759709115,0.0,0,normal,Normal
0.0,0.0,0.009000609106579283,0.0,0.0027905895526432987,0.0,0.015628346025154012,0.013649670168996039,0.9979048764968783,0.0,0.010211505020333413,0.008594554112635003,0.00535073478790988,0.0,0.0026901406844396063,0.0,0.0,0.0,0.006978349879718745,0.011601993064158113,0.0007235302295259122,0.017832826544866353,0.009085880445958427,0.0,0.0008593932024104776,0.9796285372867388,0.0,0.33090694896718525,0.08187593584062333,0.13711152351896425,1.0,0.0,0.05016401608390096,0.06259559223971047,0.0,0.0,0.011413664506784256,0.0,normal,0.014668927711744531,1.0,0.010064581722730653,0.0,0.0,0.0,0.0006325678502722891,0.0,0.005485951621122449,0.014767664295973842,0.004155445030191208,0.02358792291252355,0.0,0.007113766149929833,0.01431489463756966,0.0,0.0,0.005142041759115529,0.0,0.0,0.010253146649234128,0.0,0.0,0.014199308638775616,0.008558524145947294,0.0,0.0,1.0,0.0026003559198983332,0.01814553309175017,0.0,0.0008841590950734875,0.0,0.0026429018361275743,0.0,0.010903511232153544,0.007555549076409957,0.0,0.0,0.0,0.0,0.00019976335301328895,0.0,0.011474055129690155,0.0,0.010200481175723008,0.0,0.0,0.0,0.0,0.005163006878319919,0.0,0.0,0.0,0.0,0.0,0.0025553622652772197,0.002885568699208298,0.0,0.008868011032292643,0.0006883433525769146,0.00023957003898411011,0.00011724998144125569,0.0,0.0,0.0016856685326691993,0.0006905826408196322,0.01129744105091978,0.003885652394772467,0.0002706819353188206,0.0023962815343600455,0.017256194013630027,0.01903136667378898,0.018567977901538076,0.0,0.0,0.0,0.0,0.0,0.012506178045663745,0.0,0.0,0.9986881507205504,0.0,0,normal,Normal
0.0,0.0023263446305455426,0.0,0.0,0.0,0.0,0.00018483557316041816,0.0071471434210667005,0.0006989316314298594,0.0,0.0,0.0,0.0,0.0,0.0,0.016569777333847676,0.0,0.0,0.009279016689107909,0.0,0.011261840348165608,1.0,0.989005783694795,0.0,0.0,1.0,0.007616132547183161,1.0,0.2399349573938181,0.3499912181218479,0.32547925030105185,0.047279361105735,0.0168403055452703,0.035236839690138085,0.9959999459025052,0.9868623205884306,0.0,0.011014452742100386,mscan,0.02869143820794354,1.0,0.0025709328871244544,0.0008472833343526998,0.0,0.0,0.03687636836946308,0.0008541202696700471,0.004469746862892352,0.0022539399160458554,0.0,0.009625501811673638,0.0,0.008726347412466796,0.003686128016405757,0.0,0.0,0.0,0.014189690202683852,0.0075522901877841135,0.007658501201008419,0.005706499150073593,0.0032562727091827266,0.0,0.0,0.008756665149553464,0.005787576884098148,0.0057124765731184505,0.008953117599897331,0.0,0.0,0.008220308370336372,0.0,0.0017013902118157456,0.0006462791079024473,0.004891887371884458,0.0,0.0,0.0,0.0,0.010429502129051258,0.0,0.019385871984532076,0.002324379677675715,0.0,0.0,0.0,0.009064769612941196,0.0,0.006186467098539539,1.0,0.015764891764168426,0.0,0.011310230374851309,0.0,0.009519911646742986,0.009495942539360602,0.0,0.002762764485126541,0.0,0.0,0.00518780966060078,0.0,0.0,0.004332551868583004,0.0,0.01437620987093533,0.0,0.0014128063208947604,0.0,0.004442420080850602,0.0,0.008005467441021619,0.0,0.012507017397955901,0.00133873525171117,0.0,0.0,0.9993270309519707,0.01366337264301659,0.007744533479599164,0.0,0.001818839922536038,0.007804267481764392,1,mscan,Probe
0.0,0.003355342676581427,0.0018481057847328692,0.0,0.0,0.0,0.0006459782132489585,0.015463057364253635,0.0,0.0,0.0,0.0,0.008384816826246639,0.0018716623916414294,0.0054890318654389385,0.0,0.0,0.0,0.0,0.9950335877786984,1.0,0.005317937914686967,0.0,0.001064847792363063,0.004313296153973726,1.0,0.006193927475449474,0.0,1.0,1.0,0.982760786893041,0.0,0.881158998142222,0.0007437018539168984,0.0,0.0,0.0,0.0028749707362762324,normal,0.0,0.006851570522532239,1.0,0.001065566012200334,0.0,0.0,0.012039004782292575,0.0,0.0,0.0,0.0,0.011878681946605574,0.0,0.016748442228037296,0.003331374958774256,0.0,0.0,0.011855512037545724,0.006680775757204365,0.0019738984588575917,0.0,0.0036971496288972,0.0,0.0,0.010729485748681107,0.0,0.0,0.0,0.0,0.020742062547504846,0.0,0.0,0.00968274377686382,0.0,0.0,0.016479229851294012,0.004466486381951189,0.0,0.0,0.013169619365722288,0.0,0.020110390124469732,0.0,0.014358364489984428,0.0,0.01308300237834132,0.0,0.01485685543924307,0.001795736078293668,0.0008756160354558815,0.0015454376925912161,0.00026610376362020994,0.9862037601273436,0.01083376720337278,0.0,0.0,0.0,0.011467505537642347,0.01139450857949532,0.009010264248755714,0.007121575825280667,0.004031613771839352,0.012007737306118357,0.016260441413707055,0.017081333160768316,0.0,0.01209823425417278,0.0,0.0,0.0,0.010630236959671042,0.006622584539396237,0.0,0.003592770934848784,0.008695811738776373,0.025275328956218188,0.0068987831882231536,0.0,0.015815826107727516,0.0,0.007922765107232227,0.019506979565835948,0.9920353347502461,0.014884250723033694,0,normal,Normal
0.010894538926378674,0.0,0.024100071003094636,0.0,0.0,0.0,0.0,0.0014255275084926492,0.0,0.008247496568043924,0.0,0.001996177762740043,0.006528135810347022,0.0,0.008264131823389734,0.003902145073793282,0.0,0.01274866432807533,0.018126989709724293,0.42529069868567826,0.41072227722501914,0.002362937481320006,0.004848087610221799,0.0,0.0,0.9993637724976325,0.0033697950748139945,0.0,0.9814276576719758,1.0,1.0,0.010301919328739528,0.029560867209659884,0.0,0.0,0.0,0.020247331338907694,0.001435117593832565,normal,0.02356150463468677,0.002430999191696841,1.0,0.02462911165702291,0.0,0.0,0.009865282499072594,0.007539413322292841,0.0,0.014832278243528686,0.0,0.004326710589767313,0.0,0.0003286218147346967,0.005810929188709006,0.9882550205813186,0.0,0.007912286290152632,0.01810842048627599,0.0,0.00927641966976716,0.011194826160212395,0.011479919340200838,0.0,0.019638394994744818,0.018354501238263033,0.0,0.0,0.01800498321361675,0.022649362330913445,0.004072177939595591,0.0,0.004098188976501946,0.0,0.004522695184189759,0.0,0.0038445686419681597,0.005277869555049785,0.0,0.0,0.0,0.0,0.0,0.004776618846216312,0.0,0.02318610478273616,0.006791446370388538,0.0,0.0015580440326201052,0.0,0.006471653742881264,0.0,0.0,0.0014660439836490335,0.0,0.0,5.630898676728509e-05,0.0,0.0,0.006165281783746999,0.005384597376704654,0.010781091048294968,0.0,0.0,0.0018767438436211475,0.0,0.01205814832481028,0.0,0.0,0.0,0.0,0.0,0.0,0.0,0.0,0.0,0.005758760112389657,0.004737103881894642,0.0,0.0,0.0,0.0,0.9961756180850136,0.0035240174413676707,0,normal,Normal
0.02462158472415389,0.00808777184174209,0.007712391163113159,0.010307394315327787,0.005969522396044207,0.0,0.0,0.0,0.9948790091425679,0.0,0.009020011973977827,0.0,0.004781161832365399,0.0,0.0,0.0,0.0,0.0,0.002552794490686889,0.04408438065642745,0.05223872873358629,0.0038052338287033376,0.0,0.0,0.007847718479488609,0.9951645122522452,0.0,0.10128940602480017,0.4146240274248984,1.0,0.9800652015256283,0.018389165441643953,0.0,0.012737440035014466,0.008667688433982013,0.004737100741335145,0.0,0.01009243632831218,normal,0.009654817116404027,1.0,2.6545018588024123e-05,0.0,0.005273131499518828,0.004689948033200538,0.020678306691841657,0.0,0.0,0.005673376373105978,0.0,0.0,0.0,0.0,0.0,0.002813168889249459,0.0,0.0020242460001806497,0.0,0.0,0.012971753656059631,0.0,0.005350312290586067,0.0,0.0,0.003274471412920482,0.0,1.0,0.0,0.0,0.011165765071024562,0.0,0.016048502999652044,0.0004054748333743883,0.0,0.0,0.0,0.0,0.0,0.004055958468585691,0.004834874171931229,0.0,0.0,0.0,0.0035208629569664293,0.0,0.0012470235284385697,0.010443301074805397,0.0,0.0,0.0010684150740872674,0.0,0.0,0.0026070133059676644,0.0,0.0,0.0,0.0,0.0,0.0,0.0,0.0,0.0019417361514210056,0.008489230257965956,0.0,0.0016306656387611593,0.0,0.004759216197686165,0.008426212831148458,0.012295548532492588,0.0,0.0,0.0,0.0,0.0,0.002682439967129254,0.0,0.0,0.01633373763896754,0.0,0.0,0.002763604191513575,1.0,0.0009207472187532352,0,normal,Normal
0.016180432066934983,0.0,0.0005295961965476009,0.0,0.0015242636727469214,0.0,0.0,0.001129770709264728,0.9947563941572711,0.0,0.0,0.013408713052040047,0.010473710329476795,0.009561378379307331,0.0,0.0,0.0,0.0,0.0,0.04630054912582037,0.04307105002750762,0.012014972153736194,0.0,0.0,0.012433068652195955,1.0,0.0,0.0,0.5001858617551008,1.0,1.0,0.010978118460306384,0.01059598737514406,0.010806544191793253,0.0,0.01054071222759712,0.0,0.02063083887447974,normal,0.0,0.985562631003456,0.0,0.0,0.0,0.0,0.0037970877775312774,0.003980158574421758,0.013219468856452346,0.0,0.006770875857675918,0.0026280450618101094,0.0,0.0,0.0,0.0,0.0,0.01168685521926923,0.0,0.0072812666574383,0.0052078605364429854,0.0,0.0,0.007793559109811798,0.003929177721559862,0.001919234374522105,0.0,1.0,0.0036418315039780788,0.004678773003465347,0.005719295230708444,0.016411195653237037,0.0,0.0,0.002126743577759538,0.011451659141859421,0.0,0.0,0.0,0.0,0.0,0.014271738626215637,0.01665869481467069,0.020749799841600733,0.0045396665806435406,0.0,0.005380839646687954,0.013184423560359305,0.0071922226666582025,0.004204820760196676,0.0,0.0,0.015732739684909847,0.0,0.0008533931512596345,0.0,0.0,0.0,0.002811687808193155,0.0008731303745910751,0.0,0.004294092763208086,0.00320538370268969,0.0,0.0,0.0,0.0,0.009279169776830657,0.0,0.003380256895596799,0.0,0.0,0.0,0.0,0.0,0.0,0.0,0.0032706239627506594,0.005858187367950157,0.0,0.004093309335147236,0.00029019971127616366,0.9905303741548126,0.004496667069734035,0,normal,Normal
0.010476836981829605,0.0,0.0,0.0,0.0,0.0,0.0,0.0,1.0,0.004594227808473508,0.0,0.0008004029743124653,0.0,0.01869568785157523,0.013167881388887004,0.013204846172093174,0.01911441762379131,0.0,0.005413045984137415,0.0,0.06269329496796049,0.0062832456127201765,0.009716361394910743,2.562699782079049e-05,0.0,0.9881329601700303,0.004022825991074801,0.04880763340526673,0.7846905856320665,0.6214823181731658,0.7883509000549607,0.023593235346037467,0.004193525666634121,0.0,0.008526740321748601,0.0003908564688661302,0.005596003568462262,0.0,normal,0.0007061587733701312,1.0,0.002500607453137985,0.004456118879762687,0.0,0.0,0.008496076401504385,0.0,0.0,0.006195573488731926,0.0,0.0,0.0,0.0,0.0,0.0,0.0,0.0,0.0013188845551306652,0.0,0.0006567565539933805,0.0,0.001203245528538966,0.0,0.0021125025229368176,0.0,0.0,1.0,0.003508030941239857,0.0,0.0,0.015123851193164915,0.0,0.0,0.011444199811801154,2.27380405034863e-05,0.0,0.0,0.0015868637934579476,0.01473619801790666,0.0,0.0,0.017514618325075317,0.009128540140650732,0.004348412162197984,0.0,0.002075729719952998,0.006783830386395221,0.003927195401643122,0.0013841600141771258,0.0,0.0,0.0,0.005200018517076247,0.016872253638000167,0.000888109197537343,0.002073518603602123,0.0014762765173456996,0.0,0.005006448086649641,0.0031138666837594183,0.0,0.000505872860565616,0.0,0.004705627200420869,0.012365229654092275,0.014378151351681872,0.01347694481128225,0.0,0.0010005169808995982,0.0,0.0,0.0014864828256583981,0.019745257209656527,0.0,0.0,0.0,0.014011194961336126,0.0,0.0008144265361649616,0.011885707687479543,0.0,0.9945653735087221,0.0,0,normal,Normal
0.005099915020729588,0.0,0.0,0.0,0.005285983465450592,0.005007879895262558,0.0,0.008135818078530782,0.0005676606457061787,0.0009266537357846554,5.8520335638262675e-05,0.004468858031453532,0.002448319526613066,0.007616595129045686,0.0002597464955977414,0.014151656849720726,0.007139784093710697,0.0,0.0,0.2826870289697463,0.0,0.0,0.003917099436184357,0.9875274724748592,1.0,0.11967118931887642,0.043882450022928635,0.0,1.0,0.07476662973605348,0.0690384990484056,0.07342027875441483,0.0,0.0020702432245511652,0.00378988888077943,0.0,1.0,1.0,neptune,0.0,0.9986216056493088,0.011987923800728361,0.0,0.0,0.004427636222243767,0.005376386716897226,0.0003068328293669036,0.0,0.0,0.0008995835817954184,0.00912009845762564,0.0,0.005089137386204444,0.0070476097585417145,0.0,0.007407005927772923,0.004784189352068455,0.012000608034444865,0.0,0.0,7.343632757367012e-06,0.00984443243190789,0.0,0.0,0.0,0.0,0.00033304216620750135,0.0,0.0,0.0,0.0,0.0068634685375806685,0.0003724092846124283,0.0,0.0,0.008332326304107608,0.9947176891206969,0.004451366593204577,0.013488939088929208,0.0,0.0,0.005860514101446584,0.0,0.004360280761970786,0.017700329763517982,0.020171969902380852,0.0,0.003277726041525783,0.0009827923180625896,0.0,0.00310113953352618,0.00026340809537536903,0.0,0.004101604100652131,0.0,0.0,0.0022474344985576,0.008097570859507882,0.006245431663321115,0.02713841524736295,0.0,0.003022477011740172,0.006758648388023067,0.0028762413137122713,0.011600051646818973,0.0,0.007852845104133917,0.001623140137559662,3.150807235025978e-05,0.0,0.0053142824874005505,0.005099340665730202,0.00729615175265905,0.0,0.9856232935501635,0.008889710175040599,0.0,0.0,0.0,0.0,0.0,0.0,0.017280776979250904,1,neptune,DoS
0.0,0.0018849929310706776,0.00885433037141739,0.003918165524002227,0.0032575214288615797,0.0,0.0,0.0,0.002078354619528704,0.003332478124401564,0.005663033777136052,0.0023155307988076967,0.0,0.0061373575244907256,0.0,0.0,0.0,0.0072605865538487345,0.0,0.00944839020474135,0.018897472458112484,1.0,1.0,0.019214500305405013,0.0,0.9973725115960365,0.0,0.0,0.9935937413279924,0.5523710130195536,0.5587693968516697,0.022292319861011586,0.0,0.009408586188121161,0.5308823118749689,0.4725017475477113,0.016161073372317602,0.028852982397616612,processtable,0.0072272421806036345,0.9982291058034775,0.010267875108934935,0.0,0.0,0.0,0.008669056884163834,0.0,0.0015285559142592425,0.0,0.0,0.006685200096686634,0.015044871012390122,0.0,0.0,0.007951134343787067,0.0,0.00746570942340113,0.004674383680787767,0.0,0.0,0.0,0.0,0.007219660838100933,0.005486977256771371,0.0,0.0,0.0,0.014748244218424257,0.0070762416746813495,0.002631220555159144,0.003475544734898885,0.00114079073413101,0.0,0.008030241156669608,0.002657829477066397,0.0021236654178510123,0.0,0.00019443758248370054,0.0,0.0,0.01301328160518343,0.0,0.0006480924386022391,0.007837275594023757,0.018710248304931704,0.00448586493981634,0.0,0.0,0.014415185200386855,0.0006373105695907497,0.003331336049507509,0.0028363025220045773,0.0,0.004839052840178347,0.0,0.0,0.0,0.0069814159596979924,0.0,0.006535061160039775,0.003755571984441253,0.006276664973065581,0.9990856275796752,0.0,0.0,0.0,0.0011144819058774788,0.010236989993573968,0.017519906065652305,0.0014670854205872184,0.0,0.0,0.003632894031685182,0.0,0.005618267947379129,0.004784878203582617,0.004321598888008274,0.0,0.0,0.0,1.0,0.016885287626363432,0.00553359348833936,1,processtable,DoS
0.02112652945418628,0.0,0.007642992555839485,0.006766526434790158,0.0,0.005954003204127898,0.0,0.0002459516224313707,0.0003390443702447273,0.0,0.0,0.00033807498685552054,0.0,0.0,0.0,0.015539685985994289,0.009967373566348999,0.0,0.004935762907463822,0.2356632937863711,0.0069248462304256735,0.0004207344578270195,0.005405553871028206,0.999994981507514,1.0,0.0664152911281077,0.06512666074372124,0.012514667028179998,1.0,0.045451766528224476,0.04207703529440857,0.08013719324037491,0.0,0.00859735149131866,0.004518196232760163,0.011439685576916301,0.9858026430524148,0.9971500764012423,neptune,0.002737190831141229,0.9990264671328207,0.0,0.0,0.0,0.001834835184353438,0.0,0.0,0.006359940052764768,0.0,0.011683067679421255,0.00967566117822575,0.011250341960736265,0.0,0.0,0.0007685187145220063,0.0,0.0,0.005533682408207686,0.0,0.016870875033430856,0.00707820641810595,0.0,0.005876086137320078,0.0,0.0,0.0,0.0,0.0,0.0,0.008893315037489954,0.01616948454237136,0.0,0.0,0.0,0.0,0.01008623296380317,0.0007857953611759962,0.0,0.0,0.0,0.0,0.0,0.0,0.013323089281947672,0.006610110789568492,0.0,0.014805996663253083,0.0,0.0,0.0,0.0,0.9864796244539662,0.0035761152061289177,0.0,0.0,0.00469321598419577,0.0,0.009283443048400584,0.004984914616958708,0.0,0.009009094564532865,0.0,0.0015135883583788862,0.0,0.017005564024847906,0.0,0.0,0.010838767873364394,0.0051048975472851674,0.003887784823120175,0.0,0.0,0.0034041629496849237,0.999059279855955,0.0,0.008852307844395852,0.0,0.0,0.0,0.0,0.0,0.0,0.007231015095919302,1,neptune,DoS
0.005907015531007222,0.0006851463067639981,0.011432913316606865,0.01293036519310345,0.0030549494656892957,0.006445855611168574,0.0035693170398420036,0.0,0.007038729820450938,0.009623302836995149,0.013764268648430472,0.0,0.011055762262399557,0.0017517770399789398,0.0,0.010733016321632599,0.004904406111260212,0.00043492847097898905,0.0,0.011693945388660976,0.0,2.015371632870721e-05,0.0,0.0,0.0007239124159463193,1.0,0.006730338729776325,0.0026621878466685962,0.015174536669101835,0.12395800922068023,0.8264831500618036,0.3254258693240926,0.8330775194009918,0.16098055374419903,0.009505002033834952,0.0,0.007245884576937887,0.0,warezmaster,0.003677960637446308,1.0,0.010274137256661554,0.0,0.0006688347602313763,0.0,0.004922696603179491,0.024678495335478192,0.0,0.011653187049997524,0.007308876913571381,0.0,0.0,0.0,0.007826899528637733,0.000746887526549048,0.0,0.000976901816268129,0.011726472719063123,0.010772650166140698,0.0026437129959225873,0.0,0.0006455343227689775,1.0,0.006220030621842745,0.0019994286550594114,0.003948790210473265,0.0,0.0,0.0,0.011050232750284848,0.00029685550151914035,0.0,0.0053325016737911365,0.0,0.004957477973361651,0.001277418230156212,0.0,0.0068733683359822086,0.0,0.0,0.0024241121730224115,0.0,0.004720743686859872,0.0,0.007708551000916065,0.03179547849955183,0.0,0.0,0.0,0.0032061532420491934,0.0,0.0,0.007767286676630293,0.0,0.0,0.004753525604213177,0.0,0.0004907709401651484,0.0010482951679508746,0.010107786620327928,0.017697489260243896,0.0,0.0,0.0,0.01693428137200219,0.0033614562439782105,0.0,0.0022976667888718488,0.011309829329814254,0.0,0.009985777038693962,0.0,0.0,0.0054618756689935165,0.00019306247662819915,0.0010782219655491789,0.0,0.0013510605229848436,0.005564959397698428,0.008027643519238657,0.0,1.0,0.0011231194080856218,1,warezmaster,R2L
0.0026821072890406356,0.0,0.0,0.013483861764180448,0.0,0.0,0.0,0.0,0.0,0.0,0.009217086047824436,0.0,0.0,0.0,0.01656820761552729,0.009721045849729198,0.00886077072656925,0.007479697027144305,0.0,0.2561997179450986,0.013870150255420002,0.0046271473579087685,0.00869644779565239,0.0014594038579965837,0.0,0.06819044621751014,0.6516218585353881,0.0,0.9985567384105273,0.05409985554110763,0.04437313475952226,0.7879365879578328,0.9883814524979383,0.00029253833858147764,0.004483645844270817,0.017902407284300804,0.0,0.0,normal,0.0,0.0024108352236284444,1.0,0.007874464370711107,0.0,0.010587157016507547,0.0,0.002617147793647671,0.004521212154750799,0.0,0.0,0.0,0.00405152184583131,0.013340685989902677,0.0,0.010434662471123731,0.0,0.0070557068821505845,0.0,0.00703089085450949,0.0022819303716835855,0.0,0.0,0.0,0.016274706547563973,0.0025734488273326016,0.006521979327963452,0.004562709338641935,0.0,0.0,0.004528668660634528,0.0026046099952866035,0.0,0.0,0.0,0.001404601664866084,0.00026527535009385493,0.0,0.0,0.0,0.0,0.026884386549945218,0.0,0.0,0.008523540480901986,0.0,0.0,0.0,0.0,0.0,0.0,0.02027263162614019,1.0,0.001199603706836168,0.0007161148602673115,0.003000207763173561,0.012317811773000537,0.0012816207798189594,0.0010522538246834333,0.010507274078680517,0.007662204421813764,0.0,0.00665253440001887,0.013802200653163406,0.01255756089547492,0.0,0.0035811830739961447,0.00550137823484599,0.005028355000256117,0.011547253601343914,0.003917926428855703,0.0,0.004360308307846121,0.030104319538114932,0.012727646418080727,0.0015679138035630247,0.0,0.0,0.0,0.0,0.0192253937687106,0.0009448396991994535,1.0,0.012472399736692466,0,normal,Normal
0.0,0.0,0.0,0.006594283671832326,0.01479281448300202,0.0070030960397086195,0.0,0.011911921793444682,0.9936860939079981,0.010606548730838501,0.009140015762365344,0.0,0.0,0.016946710482340345,0.008456986931516785,0.003068152451410039,0.0,0.0,0.004697812935870829,0.006154664545733678,0.0,0.0,0.0011971907882470318,0.0,0.002101283655930616,1.0,0.012956684107403476,0.013399135100584499,1.0,0.03937516119266141,0.04349257326664318,0.14732867369350464,0.0008885512333444837,0.0011973252134838237,0.010711059697625163,0.022025395849667333,0.9785716303846288,0.005930564583227837,mailbomb,0.0,1.0,0.0,0.0011864853823560972,0.006727687546004771,0.0,0.0,0.0,0.0,0.006164543045795208,0.0016874430861603138,0.003501552738928376,0.0,0.019093099999848175,0.0,0.0033079790748287126,0.0,0.0024297116153740007,0.017299908199833763,0.011212312293316292,0.0,0.01422096832141323,0.0,0.006839073405971666,0.012725512917788027,0.018153416599555553,0.0,0.002329425701973482,0.0,0.013712578568821665,4.576118932172739e-05,0.0,0.013320502921072975,0.0,0.0,0.0,0.006662320446125985,0.019744884929487144,0.010294313426253301,0.0,0.0033904086922883644,0.0029879179228282688,0.006519937263689798,0.0,0.0,0.0,0.010677209349627705,0.0,0.0,0.0054256556044094155,0.02180808661043046,0.005723968600347586,0.005985699341222399,0.017329015031955334,0.006888995991798159,0.00931746630593852,0.007903115013539594,0.9913857198950479,0.008552927934516688,0.025035286967719395,0.0,0.0,0.0,0.0,0.0056042141274625056,0.005528377764923835,0.0,0.008779502743792113,0.014290735906549246,0.0,0.012771462938357011,0.0,0.0016409243219542436,0.0009358870508844808,0.0,0.006974130649924219,0.014995657807878322,0.00835927313692796,0.02212246073840496,0.0,0.005941459262221059,0.008433580789191819,0.9877025142069661,0.0,1,mailbomb,DoS
0.0,0.006207629513062089,0.0,0.0,0.0,0.004106803673095943,0.003766637832600024,0.002401082291042648,1.0,0.0,0.0,0.009351909783344717,0.0,0.0001574838550936745,0.0,0.0017303440479193787,0.0,0.0,0.020093349432034883,0.05160202682430813,0.05409774121478143,0.0038601373686290457,0.004894767246668897,0.0,0.0,0.9999778896490429,0.0,0.014569513508278162,0.13371030445701454,1.0,1.0,0.0,0.020308952726652924,0.009468058120329722,0.0,0.0,0.0,0.0,normal,0.0,1.0,0.007795096193466412,0.008279889480373415,0.008733201879086676,0.0,0.0,0.0024928667519376396,0.011251525339362337,0.0,0.0,0.009084730479811813,0.0,0.0,0.0,0.014169780915358417,0.0024156109424813615,0.001213904019268039,0.0,0.013512006550512046,0.009994218885362336,0.0005883803024375143,0.013628073964304828,0.0016367915872747304,0.0,0.0,0.014662365563361575,0.9992251848503166,0.0,0.013308579918244617,0.0,0.0,0.00947909193043024,0.022346291601564018,0.0,0.0,0.0017611947872707588,0.0,0.0,0.0,0.0,0.017733194018534702,0.0065490550687874365,0.0,0.006968181744131928,0.010763399488605902,0.0,0.0,0.0,0.0,0.0015993957094112721,0.0,0.0,0.0,0.0,0.016119355360707185,0.016158348793732465,0.0,0.0,0.0,0.002319489247308125,0.0,0.0,0.008046510549554213,0.010030217432066916,0.010268481743042498,0.004505283815252037,0.0,0.005424809855835348,0.0,0.0075270694926612295,0.0,0.0,0.005550552129058948,0.02497132813477503,0.0,0.0,0.0,0.0,0.00010902418690203433,0.0063300023992799775,0.0,0.9914462521415759,0.0037405991194393745,0,normal,Normal
0.0026655909770741727,0.0,0.0,0.014102067171746517,0.004457678044029261,0.0040664107402624775,0.009345033653280807,0.0,0.005245179851563395,0.0,0.008864260626299912,0.0006286973524945136,0.0,0.0,0.002554360675038044,0.008267232810070836,0.0,0.0,0.011943916968597043,0.22645040212460846,0.00825784636125071,0.0,0.0,1.0,1.0,0.06816872820109868,0.09148925064103462,0.015484638751493909,0.9988370085184718,0.03843983303298442,0.025584648982312046,0.08270523885161135,0.0004554548650570071,0.0,0.0,0.014169656858382205,0.9912786937072408,1.0,neptune,0.0,1.0,0.0,0.0,0.0,0.0,0.0,0.012245721839462929,0.0,0.0,0.003130954377862599,0.0,0.009968616490154639,0.0,0.006284491123236098,0.0,0.0,0.0,0.022391011546466114,0.027364391738878134,0.0008144717317197141,0.0,0.0,0.007882178355889306,0.0,0.007339992832563705,0.03253042531875355,0.003031726641048101,0.0,0.00318325713899398,0.0,0.007746420740721749,0.0,0.027444793149251204,0.0,0.01663207450032737,0.0037463166925521055,0.003316240552878672,0.0,0.0,0.014636386853734125,0.0,0.0030368355454851855,0.0006582513379373235,0.0,0.0105611784181713,0.0,0.0,0.01787340985868714,0.019830253082259185,0.003523233589180372,0.002262486647386711,0.9941816686596346,0.002086882466569575,0.005555952988980005,0.0042282524990273395,0.0,0.0017329522458633848,0.014478254950751666,0.002531245457259691,0.010147844542259383,0.012116534400955297,0.0,0.011011189602988657,0.0,0.0,0.0,0.0,0.0,0.015323403757948948,0.0,0.0,0.002466675593195761,0.004745484624624561,1.0,0.012792696952606881,0.007789367148094622,0.0,0.01271413110023581,0.0,0.012313257542416672,0.0006736322399544563,0.016779805782319065,0.004121601541516067,1,neptune,DoS
0.0,0.0,0.0,0.0,0.0017845956006010209,0.008228570198599473,0.0,0.0,0.009621330146522635,0.01549813934256331,0.0,0.0,0.0,0.0025224482652915115,0.0022717497479359684,0.0,0.0,0.0,0.0,0.4135971263189435,0.0,0.004596683888198175,0.0039365027310399245,1.0,0.9850760727821861,0.016586392007880056,0.05979445073230209,0.0,1.0,0.0026214586436121706,0.01761763979521144,0.06623449475548432,0.0,0.014347751392629607,0.0007994284497610711,0.0,1.0,0.9971516929069553,neptune,0.000529177374635888,1.0,0.005744732553948958,0.0031230488981182185,0.0,0.001444148326839688,0.010574334640916654,0.0,0.008843286634959877,0.03280764389548376,0.0,0.0,0.0,0.0,0.0,0.0,0.0,0.01003898028091671,0.0016782496506683865,0.010963964952326677,0.0,0.0,0.0,0.0,0.0,0.0,0.01218832756897687,0.0,0.0,0.0,0.015299422315607063,0.0,0.0024806026377678946,0.002784047974353108,0.00042444390606199755,0.0,0.025216825579867853,0.0,0.0,0.007347653274263368,0.009624741136669014,0.00995300695942881,0.0,0.0,0.0,0.013687188855339972,0.01158849069962886,0.02032379005127782,0.0,0.0005515843006348086,0.0,0.014483104642310687,1.0,0.007907204118351231,0.0,0.008371279312283837,0.00820422508052825,0.0014334419121406594,0.0032898085385573094,0.0,0.0,0.0,0.003975110353397533,0.0,0.001202326535664479,0.0,0.0,0.0,0.011177085708056046,0.005540224374044316,0.0,0.0009505681630661262,0.0,0.0,0.9962981713857403,0.0,0.0,0.01597108635891404,0.010064313871165216,0.0,0.0031077788713173246,0.017082954520449813,0.0,0.014078363564050527,1,neptune,DoS
0.005835727340594473,0.013473307737471041,0.003665375354545065,0.0,0.0010158744781027188,0.0,0.0009473951063589561,0.00415448415064493,1.0,0.014014745857568785,0.006232350963452326,0.0,0.007696751375350173,4.228567859555276e-05,0.0,0.0018856262489042525,0.0,0.0,0.0017046902762124835,0.008263248115739174,0.0,0.0,0.0047008111627006195,0.002784337427408919,0.0,1.0,0.0,0.5041468360153729,0.1840500873002102,0.9998394577214959,0.9962527134825099,0.0,0.02647984562661266,0.03404204178283504,0.02367833518021826,0.0,0.0,0.0023020295573510647,normal,0.0,0.9974976524365038,0.005557015926129652,0.0,0.0,0.0,0.0,0.0010683034426167825,0.003096957796387464,0.0008459131219437399,0.0,0.003965715151219802,0.0,0.0,0.0,0.006659612886935327,0.009355065503310939,0.0,0.003824663914828469,0.011669605946296078,0.0,0.00912821619416498,0.0,0.0,0.0005790774166969668,0.003986200744085392,0.0,1.0,0.006443989320904537,0.0,0.0024716497769153188,0.0,0.005393539927904324,0.0,0.0,0.018443511748926725,0.0046514877766007925,0.0,0.0,0.013359907045310601,0.0007131068401344491,0.009623693469292774,0.0,0.0,0.0,0.016233847563487322,0.016253820673279327,0.01344526312495723,0.0018824751255471785,0.01121733698801236,0.0,0.0,0.015933343607490068,0.00943720682598744,0.005715467968413006,0.00753821329024293,0.008835736869273551,0.009585198273798197,0.003944343329500218,0.0,0.0,0.0,0.0,0.0025681731877257963,0.0019455223933513225,0.011431283844585177,0.017023941818256297,0.001514249891560511,0.0024428845511064506,0.0,0.0018987549072288054,0.01000512733527101,0.010800311791876032,0.0031026042718396147,0.008994567890015775,0.0104203525122304,0.0,0.01792426958193763,0.02002791336877504,0.0,0.007935796624112493,0.0,1.0,0.00318156978731673,0,normal,Normal
0.007731172611448714,0.0,0.0,0.0,0.0,0.005399053730790097,0.0059301198483923965,0.0,0.012410421520206485,0.0,0.0076148786282616236,0.0,0.0,0.015034323191538813,0.002468568081726541,0.0,0.013526841630648575,0.009040748614998777,0.0,0.23121104856927835,0.4101794106334359,0.001107166865174508,0.005365812423780497,0.0,0.0,0.992570137523844,0.0,0.011859948750862298,0.9897064058182484,0.9884021562556383,0.9964155115903958,0.0,0.0018367812881370897,0.0,0.010256662326722468,0.001025379879260745,0.010481218132896207,0.0,normal,0.01638279164557462,0.0,1.0,0.0017448901104917783,0.0,0.0,0.0014565654024747874,0.0,0.00604731787975868,0.0,0.00011318937362422488,0.0,0.004161374622325306,0.0,0.0005945662142466579,1.0,0.0,0.007154801244803139,0.0,0.02021705899188549,0.0,0.0,0.0,0.0,0.02082592435228333,0.0,0.020016223285911225,0.0,0.00788638578701884,0.0,0.0,0.0,0.0,0.0,0.0,0.004791472550220434,0.006194627151774885,0.0,0.0008079930672477544,0.017000274982271312,0.0,0.0,0.0,0.01863427124737676,0.0016241068931206826,0.0,0.002177498033309747,0.0,0.0,0.0,0.0,0.0,0.006751074533368951,0.0,0.011398067097216807,0.0,0.0,0.0009017623591068517,0.016888285240730376,0.0,0.00531429726800857,0.009874352969323449,0.0,0.0030991185144927107,0.0,0.01174020467208862,0.0,0.006808095790816871,0.0,0.0,0.0,0.0,0.0,0.0,0.0,0.0,0.0007535349429756683,0.0,0.0,0.0,0.0,0.019914645679690632,0.9976536603194701,0.02289132023185474,0,normal,Normal
0.0,0.00940265559998583,0.0,0.0,0.0,0.0,0.0,0.0,0.0009406910474271965,0.0,0.0,0.0,0.0,0.0,0.002725638895974092,0.0,0.009785536311442376,0.0,0.0,0.031559854012021715,0.014663473621222025,0.0,0.0,0.0,0.004511054696274752,0.04971036045739205,0.9902729399584488,0.01386527702531521,0.9757393204232567,0.0,0.0,0.9168334510361573,1.0,0.016816963138992256,0.0,0.0,0.0,0.0,satan,0.010928419063917078,0.0,1.0,0.017385198062435308,0.0,0.0,0.011408302302494285,0.0,0.0,0.0,0.011491537479613107,0.0,0.0062254022247188135,0.0024001248238618867,0.008278986105569283,0.008865849620540043,0.0,0.0,0.01133675529517891,0.0001530914953216639,0.0027157013519683265,0.008393137583663534,0.0,0.0017831440561976984,0.0,0.008633893387109766,0.0,0.0,0.0003265637177814473,0.0,0.0,0.008055268844359687,0.0006628749124035197,0.0,0.00011367872618410343,0.016370085940635992,0.0,0.0,0.0,0.0009425559252772521,0.021436434697998438,0.0,0.0,0.01545379623269338,0.0,0.007246271353954206,0.0,0.9713199822554365,0.0,0.010514126415190641,0.007069394280504499,0.0,0.008993170232735935,0.00954829514088604,0.0,0.0,0.0,0.0035520064630815877,0.0,0.004827147811047397,0.0,0.007311276375792507,0.0,0.0020327389009058413,0.0,0.0,0.0,0.0,0.0,0.015503059270796284,0.0,0.006444651045002562,0.0018446208358753825,0.0,0.009292555310254715,0.0020881806502176647,0.007762727281055995,0.0,0.006941359037935447,0.0,0.005615457107279654,0.014202008099896227,1.0,0.0,1,satan,Probe
0.0,0.0,0.0,0.0,0.015115796148849073,0.0017048702565012942,0.007345691307042978,0.0,0.0,0.004230491948157084,0.0,0.006825976821585651,0.002646770753543935,0.0052337631265784055,0.0,0.0,0.0,0.01712233425115536,0.0,0.2991371537239051,0.005115289170576904,0.0,0.0030006395413226007,1.0,1.0,0.03895287684779172,0.06447373852110107,0.0,1.0,0.017786760272174247,0.039436771991763105,0.05378137538732521,0.0,0.0,0.0035027909092747544,0.0,0.9977991235959838,0.9905204861273085,neptune,0.0,1.0,0.0,0.001725592456784501,0.005487990438739181,0.0,0.0,0.0,0.0,0.0,0.0116797931603604,0.006942091848222954,0.003219675656241304,0.015009413924870776,0.0018426202419975508,0.0038377240896132194,0.0,0.005272391274680205,0.0,0.0,0.006988564379832656,0.0,0.004481577762720723,0.020326404334262117,0.015082279966788082,0.0003650187732893098,0.0,0.0,0.0,0.018411364692138305,0.0,0.0,0.007395729148722877,0.010294493254160401,0.0,0.0,0.0,0.003514886988819055,0.00032870633076565093,0.0019281814184199978,0.008309055603501132,0.004272499088904431,0.0,0.0028587091887492095,0.0,0.0,0.0,0.003232171383791896,0.0,0.005408260424298208,0.0,0.0,1.0,0.0,0.00943831277285327,0.007842622037487932,0.01514400084262282,0.0013081506160680628,0.0,0.001128059716385989,0.0,0.002374518896400637,0.0,0.0,0.0,0.0,0.013001537623547544,0.0,0.019528852057937387,0.012132797319631584,0.0,0.023858204565880458,0.016832997583216686,0.00914737444701451,1.0,0.010132909848891645,0.0,0.0,0.0,0.0,0.01449136756034093,0.007858232606510954,0.0,0.0,1,neptune,DoS
0.008375251221878596,0.0,0.0,0.0,0.006327843405159115,0.004396503742520387,0.0,0.0,0.0,0.0,0.018309928531891912,0.0,0.0,0.005897944565547715,0.015841717513068506,0.0,0.0,0.002990189484513407,0.0,0.9804507966315889,0.9858440053915924,0.011002431879922652,0.0,0.0,0.01566780108148504,1.0,0.0,0.0,0.9947838706866677,0.9897913261043081,0.9925087630294893,0.0,0.8248909300644689,0.01107031832373644,0.0011610383144616506,0.0021479906146885754,0.009858448063899895,0.0,normal,0.0007208527303430933,0.0,1.0,0.0015446591459814278,0.0,0.0,0.0,0.0,0.0,0.0176536676557569,0.014173789253111913,0.0038954743288683743,0.0,0.014606348851866015,0.006976407593104786,0.0,0.0,0.0,0.0,0.004160626277562814,0.016813557832227075,0.0032906694111432817,0.0,0.020737903370498727,0.0,0.00984008010491005,0.0,0.0,0.0007909406222524474,0.0,0.0,0.0026713082226315623,0.0,0.0019650266619691916,0.012163937293196977,0.0,0.0021049499985643554,0.006826524410156735,0.0,0.0,0.02369581849584982,0.0,0.009186180452074519,0.009056151404473503,0.010982153395222103,0.0,0.025949027239174475,0.0,0.01108976077490653,0.004303714444535791,0.003727022277966542,0.0,0.9899934860413347,0.0029746123694898412,0.0,0.0030391448701440637,0.014578993260192638,0.0,0.0,0.01197293614603047,0.0,0.0,0.0,0.0,0.02106976454468927,0.0,0.0,0.0,0.0,0.016339422059450232,0.0,0.0,0.012782231863294436,0.0,0.0029187720106305538,0.0,0.011194643139793814,0.002645636993778622,0.0,0.0,0.0,0.0,0.9989746051839847,0.0003880883685220933,0,normal,Normal
0.0037582978087535375,0.0008975333367477673,0.006439618059235805,0.0,0.0020193370453104507,0.0,0.0,0.0,0.0018375803280673035,0.006010791197682041,0.0,0.006305806802697369,0.004385467797042607,0.0,0.005246290039052874,0.0,0.0,0.008317042350287563,0.011100860216831111,0.9779452323824964,0.0,0.06333942690317192,0.006821707668381841,0.9426533197892702,1.0,0.004349966351713723,1.0,0.0,1.0,0.011667912028412695,0.0067041479383329085,1.0,0.014918096688414144,0.0,0.08368910765368101,0.00334613689643193,0.933397101463669,1.0,satan,0.0,1.0,0.006851075573056512,0.0038545142685757535,0.0005605289720131512,0.006936880015093013,0.0,0.003626153360164257,0.01017970586982234,0.0,0.0,0.011290908739085434,0.0,0.0018071557570440322,0.0,0.00024664074316356146,0.0025302533107460657,0.0,0.0,0.0021269787297801233,0.0,0.0,0.026537727770160505,0.012812753616828437,0.0,0.0,0.0,0.0,0.0,0.00621490805781158,0.0,0.0,0.008539299191757476,0.00035642400096083443,0.004803358030114893,0.0,0.0,0.0005876021079484871,0.005396955326099475,0.00752422037815882,0.0005049857646099397,0.0,0.0011945757367190551,0.0,0.015694205497885336,0.007110161935409906,0.0,0.9980333610057062,0.0,0.007091338976307001,0.0,0.0,0.008410135131451734,0.006739299161687992,0.0009694762474110652,0.0,0.0,0.0,0.005317314424252459,0.0076003273633480995,0.005785768893660742,0.0,0.025143036003836067,0.007841057635785261,0.0,0.005201717689606903,0.0,0.001491196332727553,0.004463971655177389,0.002494867499102208,0.0,0.0,0.0077187749507596675,0.0020924474612475878,1.0,0.020033153611574803,0.0029203139874953137,0.013567350275052044,0.01728677440703164,0.005767839730525434,0.0037738177829159908,0.007928348550453363,0.0043383374057199475,0.004523656246450234,1,satan,Probe
0.0,0.010192025479409254,0.005743686062168737,0.0,0.003063198689784096,0.0023226185210768044,0.0,0.014449497123212432,0.0016208175836109286,0.0,0.0,0.008584308082311748,0.007181787637572224,0.0,0.0,0.0,0.0,0.0,0.0,0.26138465447634057,0.05947932008346086,0.001985456296010677,0.004782051921872321,0.9897465880871884,1.0,0.12167180074468971,0.07507110664164639,0.003626685467299064,1.0,0.0720912940612535,0.0772275816738112,0.06674990868687777,0.007038659260700337,0.007733128510087575,0.0,0.0,1.0,1.0,neptune,0.008349945301598351,0.9963641526537588,0.0,0.008085009810627559,0.0,0.0,0.0012640854023119835,0.0,0.005661170253385427,0.0,0.0033437103688341695,0.0,0.0,0.0013537537121417254,0.0,0.0007968680336960204,0.020824090911351942,0.0,0.0,0.000256160896682633,0.0,0.009772510208004615,0.0,0.0,0.006477402742192098,0.0,0.010944325884466097,0.011417629272607453,0.009738873557484982,0.0,0.017363055683365398,0.0,0.00708795808372,0.00036259582075681793,0.0,0.01216712444014777,0.005896819405210632,0.0,0.0,0.0,0.004455642688828165,0.005824241336001838,0.014578867751791071,0.0,0.0013031720016183981,0.0012937958310983084,0.0,0.0,0.0,0.019427027388660575,0.011194191244903425,0.0,1.0,0.0,0.009054504381120541,0.0013763048323291438,0.0,0.0039475532976033555,0.0,0.0,0.0,0.0,0.0007474147656207175,0.005475047273540066,0.0,0.0,0.011332141272439375,0.014423824639909807,0.014567497512838055,0.005379101847040323,0.0,0.0,0.0,0.0030661994631096326,0.9984522058367739,0.013595882739914685,0.009343673695111894,0.0,0.0,0.00277258065136938,0.009608766469127557,0.002078968598919406,0.0043530655858078065,0.0,1,neptune,DoS
0.0072520126536718904,0.0,0.0019447614163109485,0.0025830738500444124,0.0,0.013027868278214106,0.0006561180589310606,0.012676249893086943,0.0001750948579931828,0.00947659740776717,0.016836381553164616,0.0,0.0,0.005302261949831368,0.0,0.0,0.00288667127265927,0.019047240490647713,0.0,0.007445182494474368,0.009866159119910248,0.002154318270642857,0.010702316601767639,0.009006689645371989,0.0,0.9917747839197619,0.0,0.0032107382780131428,0.05264294939999082,0.06276188034988187,0.9154693788501925,0.16372913508352743,0.9214156110928122,2.7869722176996942e-05,0.0,0.015920787887833788,0.006018578949475993,0.008313711066523002,normal,0.0,0.0009898240877588733,1.0,0.0024873217670855754,0.006249711669072583,0.0005237597674036984,0.01870037604364713,0.0,0.0,0.01633204784964324,0.00597746787098774,0.0,0.01052672952582479,0.0,0.016275044631676783,0.9944688613051986,0.006095851153774793,0.0186177526773502,0.008596678514863912,0.01037220230867608,0.0,0.0,0.0002448008821083037,0.008976299231623274,0.004580938440656628,0.0,0.009224686217429551,0.0,0.0,0.0,0.0,0.0,0.0002551773121728317,0.0,0.00010588635666583393,0.0022623738713052756,0.0,0.0,0.0028432488384827954,0.004845843321075944,0.0,0.0,0.006278811076983165,0.0,0.0,0.0,0.009222714649210163,0.0,0.018363958926558895,0.0032598155510196285,0.0019191835425876327,0.0,0.0,0.0031855397243739877,0.0,0.0,0.008191126776688236,0.0093537563363547,0.0030695484284994083,0.0,0.0,0.005445542195517781,0.0,0.0,0.008500428405367527,0.0,0.0,0.0,0.0,0.026552693861683165,0.007716108603012198,0.0,0.009104200553896364,0.0,0.009887605102289133,0.0013350799497684714,0.0,0.0015782953885096313,0.0,0.016803314577493407,0.004375306281118531,0.0020453252884724106,0.9854644988524537,0.0005154606704155,0,normal,Normal
0.007801146274199825,0.02052290931779724,0.005801034854595648,0.0,0.0,0.009718525139009272,0.018906116486060477,0.0,0.9889216294001758,0.007857340911721468,0.0,0.020680312175572157,0.0,0.0,0.0,0.0015300580500688713,0.0,0.0,0.0,0.02850749374815118,0.04150029618339326,0.0,0.0,0.005834233717271624,0.0,0.9893841333004214,0.004168010062651957,0.1454268775329035,0.07191837504106224,1.0,0.9992848215962705,0.0,0.0791920454729608,0.048025265486363704,0.000568970492576618,0.0,0.0,0.0009402078390049799,normal,0.01659403444033177,0.9934308424734115,0.009259324819394897,0.020644974998827493,0.0,0.0,0.0038629284960541377,0.0,0.004715768134289784,0.008394778525480429,0.004501229763594225,0.005733005899800309,0.004918720416794397,0.0,0.009033660869828023,0.0,0.0,0.011435241438830858,0.008021234984707543,0.0003099051505594621,0.0,0.0,0.0,0.020415437436656417,0.0023672365057249463,0.00022654293447657927,0.0019784883029781083,0.9741458394640272,0.0,0.0,0.009771517345103483,0.022879175525270634,0.0208606735849028,0.0013661842997564969,0.01945864457891593,0.018879923357368444,0.0,0.00858163135216652,0.0,0.0014179895075810075,0.006884861378554218,0.025618227591749476,0.011630392058049029,0.022897705729262596,0.009438902549026079,0.001944854184253703,0.020611344820751692,0.0,0.0,0.025511739516644833,0.01046735871209607,0.002256559103927164,0.0,0.003926752175894532,0.026409606543911227,0.00047821074264462946,0.0,0.0,0.0,0.0,0.0027405093150711535,0.009286295982287886,0.0,0.007558411880081018,0.009586598666210313,0.0015423100431349185,0.0,0.0,0.01658435853938006,0.006497390113369706,0.0,0.0020794259559689305,0.0017449803064248657,0.0,0.022518308003580997,0.0,0.0,0.0,0.0,0.0,0.0,0.0016525070124955518,0.9956357449752505,0.0,0,normal,Normal
0.010222702459542933,0.0,0.0,0.00933170763070839,0.0,0.0,0.006589862389159657,0.005893920423439806,0.9982029220706748,3.6768103497899125e-05,0.014545234259121118,0.0,0.007955609147307263,0.005883337301913973,0.0,0.007908604948376865,0.0,0.023256362455421068,0.0,0.024104377262207804,0.013097834003864432,0.01074656156514265,0.00824913442506175,0.0,0.0,1.0,0.0,0.0,0.38733604311825925,1.0,1.0,0.0,0.029997294596919633,0.0011648239882321339,0.0,0.0011834504961892524,0.003859195819207239,0.0,normal,0.0041039207554386305,0.9967024575964325,0.0,0.00812571882814497,0.0,0.0,0.0,0.0,0.01174938253676727,0.001182255315252779,0.0022860494421488866,0.01087984108709009,0.0,0.002784016588136255,0.0,0.0,0.0,0.009845642231364473,0.0,0.016976524407385462,0.006438964484721352,0.005053382686501011,0.024079106910411947,0.0,0.0008921733064917649,0.0,0.0,0.9925479877596542,0.0,0.0,0.0,0.01210803687083858,0.00555034335580303,0.0019092930892466926,0.0266188434303444,0.00473793339661365,0.0,0.0,0.018649736172341475,0.0069132864406831465,0.0,0.010032578972008802,0.0,0.0,0.003565004330810355,0.0,0.0,0.0028728122165284395,0.0,0.0,0.0011918698579867185,0.019360188872253437,0.016520608153709936,0.005306239410047233,0.0,0.0,0.0,0.0,0.0,0.0,0.010061071256745125,0.0026915481578917238,0.0,0.0,0.008760150812584218,0.012301342428820049,0.0020777555543669453,0.0035573741404628773,0.004902654754160427,0.0,0.0052990746966886685,0.01580059419872212,0.009336656396503771,0.0169622426287625,0.00945097801655003,0.01376059189328477,0.015759495232625147,0.0,0.0,0.0,0.00497377754254998,0.0,0.9999021021021046,0.006828093967524314,0,normal,Normal
0.0,0.0,0.0,0.007013570020794793,0.0,0.0,0.006144595698906856,0.0,0.0,0.0,0.0070841403246708805,0.0,0.015436198552660855,0.005970293075346332,0.008635518663712389,0.00926876519557764,0.0,0.005312708190521367,0.0,0.3510821669506774,0.009521402789947436,0.9848856898875672,0.9950844321838009,0.0,0.0,0.05911957606707176,0.08321203314851675,0.0,0.9905910307319159,0.05877477861854609,0.05565794063865535,0.09483905088504199,0.0,0.0021217770649486403,0.9982609645331113,0.9877770975643061,0.01095625213556529,0.011048245081093882,neptune,0.0,1.0,0.014693596025430005,0.001308078706811786,0.0018657125022071579,0.0,0.016379636517072867,0.0015112789520480708,0.027913903555561493,0.0,0.002187260139869322,0.015101751692417677,0.006091158998085701,0.0,0.0,3.7571921794058974e-05,0.002147413550322182,0.0,0.017580918867692127,0.0,0.004981553811027673,0.0,0.0,0.005922101073038418,0.01355555513931508,0.0018716997399264843,0.9957501043933429,0.0013984436667571242,0.0,0.0,0.01306072977455734,0.0020839470209813543,0.0,0.0,0.0,0.0016003754434975317,0.0,0.0,0.009891543995207542,0.011422455947491264,0.008925927818969863,0.0,0.0,0.0,0.008765039385899407,0.0,0.010310713817383275,0.0,0.018789862762475545,0.013068415190329159,0.0,0.005728684989666511,0.0,0.0,0.004611713736147512,0.0010177675507300073,0.012121586231316386,0.011029186707836446,0.004143055856571116,0.0054811027864233456,0.0023962794992072145,0.0,0.01379376094237755,0.00945455961772469,0.0,0.0,0.014775280400476527,0.0,0.006945759192643921,0.0049766126699766385,0.0037806354513969234,0.0,0.0,0.0,0.0,0.008856286310756143,0.0048800676200728525,0.008661635599093538,1.0,0.009136280585984454,0.0008548748085857802,0.0,0.010697751835078635,0.0,1,neptune,DoS
0.0,0.0,0.0,0.0063648078062178825,0.0,0.0,0.0,0.0,0.0,0.00713947200999286,0.005847820601913039,0.0028290661435897914,0.0016151533756423515,0.0,0.007698767540714986,0.005411479825638004,0.0,0.005338952952131311,0.0019723550700736308,1.0,0.9970712287443712,0.0,0.019782244825334958,0.0,0.0019725463027219286,1.0,0.0,0.00913095182103083,1.0,0.9964579480220184,1.0,0.0105518233679978,0.9204063411087539,0.0,0.0,0.016434903459386124,0.009080564727907841,0.0,normal,0.0,0.0,0.9994701902107581,0.015052428099887494,0.0,0.0,0.0,0.0,0.004088139092474767,0.0,0.0,0.0021348131838210068,0.0,0.003682984897271116,0.007962777173567536,0.01193558914601845,0.0026970804437703787,0.0,0.0023938979397752076,0.002311649450094358,0.0,0.0031761235933734557,0.0,0.006598712291098052,0.0042492363094090236,0.0,0.011369872756442339,0.004483003785990135,0.0,0.0,0.011970741091164434,0.0008353514365494673,0.0,0.003674356215832323,0.010722358579493914,0.023509242820149462,0.0,0.0005488699797172824,0.0,0.0,0.011253180669382306,0.0037991238226452602,0.0,0.005255452089496375,0.0,0.008314083823993105,0.010123069788933334,0.0,0.007232584575026596,0.0,0.0,0.017271460905216453,1.0,0.0,0.0,0.0006988438423121407,0.0,0.0,0.0,0.005279149470880258,0.0,0.0017210056142960143,0.0,0.0,0.003364943455529863,0.007142289446554742,0.0,0.005611133279856774,0.010469859270463957,0.0,0.0,0.0,0.009845688437096978,0.0,0.0,0.003108128434969486,0.017961582790072657,0.002486411739704523,0.0,0.03299839827932382,0.0,0.011048590653352506,0.9970563521224318,0.00831594938449793,0,normal,Normal
0.0,0.0,0.0002668200277186701,0.02592578661758,0.0,0.0,0.0,0.0,0.0,0.010293963932904169,0.0,0.021683137563690825,0.0,0.00281965655407023,0.0,0.006163487667855432,0.0,0.0,0.0,0.0,0.023632835159843973,0.9875707148250591,0.9829769685890523,0.0,0.0,1.0,0.0,0.007485978893797266,1.0,0.5519473471857695,0.5768610981498097,0.022065472303885256,0.006217999175132256,0.01363671834786787,0.521284603185304,0.4844593846283324,0.01895191309190203,0.0,processtable,0.0029190149038661496,1.0,0.012612672273039666,0.0,0.011694630005938402,0.010185464316441423,0.0,0.0,0.0,0.0004788499159488829,0.0,0.0,0.01251512279900804,0.00843635134954778,0.0,9.267973412683503e-05,0.004414218984588318,0.008647143566162304,0.00043811030215090745,0.0,0.0030484044467561444,0.0,0.0,0.0,0.0,0.0,0.004085757516690588,0.0,0.0,0.00683522531809695,0.00982179162909214,0.0,0.006754855797920873,0.0,0.0,0.0,0.0,0.0,0.005014669774990908,0.0,0.005012919929670824,0.0,0.005107646000128795,0.0,0.01353578001405036,0.008222334020022764,0.0,0.0,0.02470405597823553,0.0,0.0,0.014848212265727793,0.005088077376692161,0.0,0.01022510720688747,0.006657740489352765,0.0,0.0,0.0,0.015280678129459277,0.003879047663496923,0.0,0.0,0.9941179143229664,0.0,0.0,0.0,0.0,0.0,0.010632394924492054,0.0024062960965840446,0.0005126437094506805,0.011550430623065525,0.0,0.0,0.0035826040127070625,0.011879654200191152,0.00648339237104768,0.0,0.0,0.0,1.0,0.003309633521926882,0.0004225396915544677,1,processtable,DoS
0.00718869364190499,0.0,0.0025972334979658994,0.0012754722835439459,0.012184883343596709,0.017334362871235184,0.0,0.0,0.0018286039977699062,0.0,0.0,0.0,0.0008892888555555723,0.0,0.010438854399247315,0.0,0.0,0.0,0.0,0.5971814233673157,0.0,0.012974289998169195,0.0010900643774714993,0.9992953094298785,0.9986815276655204,0.00530493820220169,0.07128531889902874,0.0,1.0,0.00370848027907093,0.0,0.07712193718940764,0.0,0.013502125324678831,0.0,0.007613761557417981,1.0,1.0,neptune,0.014609195490551563,0.9930059183761506,0.0,0.0,0.01107774392184124,0.0,0.0,0.005958908135881042,0.0,0.0015564210712299415,0.01662184184416717,0.008360633723776939,0.007430883920374958,0.007298604515159925,0.0,0.0,0.012807198365151014,0.0015644519600974574,0.009289918050338304,0.0,0.0,0.009502618224469442,0.0,0.008170482590759564,0.0,0.013763422747469172,0.0,0.0,0.003341100589552557,0.0,0.001876164957019026,0.011984510656968156,0.0,0.0,0.009750902336301144,0.01342880408179687,0.005381897561946558,0.0,0.0,0.0,0.00825799597950471,0.005599187482482559,0.0,0.0,0.00468463616263855,0.0,0.0,0.0,0.0009479346192125888,0.0017226867508502715,0.001162168638196587,0.005617194910919792,0.9926416845395017,0.01317304854403119,0.021688782297356136,0.0015259601116247984,0.0,0.0,0.0,0.015447384139718386,0.0008783607532225851,0.006303660267599886,0.0,0.0,0.015409586016729435,0.01268435382740165,0.0,0.0,0.006120977921672896,0.0,0.010111439846359599,0.017481432943082756,0.006695518743928803,0.0,0.9862027033715695,0.0,0.011175310679710978,0.0009437727505579485,0.006351584881709342,0.0059852298235370084,0.0149068366950987,0.0,0.0,0.01751460640826928,1,neptune,DoS
0.0,0.0,0.004025558314214309,0.017167282893057013,0.0,0.036703981789328266,0.0,0.0,0.00018176372048983846,0.0019335655072592254,0.016790410584565384,0.004584066907156438,0.00782903372541987,0.0024230545362239537,0.002479356577207148,0.0,0.00224143761424677,0.013340308386442965,0.0,0.09483947249603283,0.03415652112885141,0.0,0.01870949913038685,0.9952767026820523,1.0,0.22528997658343036,0.09227801540522611,0.0016667287550652266,0.9886720952669428,0.21907552104125166,0.18689173304917617,0.11265228793376442,0.006655679689658833,0.0,0.0,0.0,1.0,1.0,neptune,0.007966947900238268,1.0,0.0015249297405236398,0.0,0.0,0.0,0.009791751857079018,0.0025079199376810456,0.0,0.0,0.0,0.009847658187269012,0.0,0.0,0.012967463234395673,0.012328686660463143,0.001933898537714091,0.01046713175495785,0.0,0.0,0.0,0.0,0.007410968831866061,0.005678809295946991,0.0067713187527825,0.004188114622275839,0.0,0.0,0.0,0.005389711972272209,0.006064210779956205,0.0016472184297428064,0.022412789681857368,0.0017628619830552426,0.0,0.007077168316513476,0.011503466410832011,0.00913214042823324,0.0,0.0,0.011206417830457576,0.015610893472021242,0.0,0.002529583010136041,0.0,0.006733992265064104,0.0,0.0,0.0,0.0,0.00020991583377853826,0.0,0.0,0.0,0.004327064261299646,0.0,0.0022461394941648036,0.0054452127822183964,0.014957163636721978,0.0,0.005590257750716949,0.015236240301212896,0.004626675958889257,1.0,0.0,0.0,0.0,0.0056897304119854055,0.0,0.0014204344960866242,0.010603588751345299,0.0,0.0,0.0,0.0035443798012392575,0.987618356543325,0.0008359762863566483,0.0,0.0012145793610992984,0.0,0.0,0.008155375597391344,0.0,0.00636342513112019,1,neptune,DoS
0.0,0.0,0.0,0.013904979197139908,0.0008800080011757263,0.0,0.0,0.0,0.004780970854002593,0.0,0.003933213068543797,0.011912867495687315,0.0,0.0,0.012199399564716896,0.0025092891702409017,0.011514891917647731,0.0,0.0,0.2913039375393554,0.030360678021488445,1.0,1.0,0.0,0.003805654178247291,0.12839928880385582,0.08930465289061736,0.0,1.0,0.08059505607597738,0.08207287416788267,0.0730136694267503,0.0,0.0,1.0,0.9908499955466574,0.0,0.005130499892519264,neptune,0.0052739968774288834,1.0,0.0,0.0,0.0,0.006458018126810166,0.004400978927638396,0.0,0.0,0.0,0.019538483867489315,0.001058431994407687,0.0,0.004075872361686576,0.0,0.016694992833878243,0.0,0.0,0.0,0.014492704676874964,0.0,0.010210726355898876,0.006169529644143833,0.0,0.005843261331521355,0.0,0.0,0.0,0.0,0.0,0.0,0.010777318894410134,0.0,0.0,0.0022959048395858944,0.004275457459053743,1.0,0.0,0.0,0.0,0.0013233162292260738,0.0022024870514695395,0.0,0.008123582767834734,0.0,0.0,0.015461807168691622,0.005561306353624674,0.014199176481439646,0.009113714151645871,0.0,0.004116539743121458,0.0,0.0,0.010144438440285798,0.0,0.0,0.006002829572774573,0.0,0.010015498724063645,0.0010285721068870079,0.017587185507699565,0.0,0.0,0.0,0.0,0.0,0.0,0.0,0.0,0.010370666075466129,0.0,0.0024162933805940297,0.003412353112149463,0.0,0.0,0.0,0.0,0.9910433718412504,0.0,0.0,0.0,0.0,0.0,1,neptune,DoS
0.005232522110417744,0.0,0.0,0.0,0.0,0.0,0.041204985063140936,0.004413678383653753,1.0,0.0,0.0051916569035107335,0.0,0.005568265566328519,0.010900410800965564,0.0,0.0,0.0102243736236301,0.00138210877939064,0.0,0.011846015232512247,0.04079394589722935,0.0,0.005931941677874019,0.001448954260284525,0.002368689078317183,0.992536265092631,0.0,0.1556886909408674,1.0,1.0,0.9919917472930668,0.0063225068586696,0.012669147531989302,0.0,0.0,0.001117013824124875,0.08278029252424132,0.07233759011596039,back,0.004087181238843233,1.0,0.006156064872862742,0.007270395939313346,0.008222734937976059,0.005612981001231472,0.003708374289378462,0.0,0.0,0.00697909547628359,0.0020406072278234965,0.0,0.01028668066898368,0.0,0.0,0.01236163615328069,0.0,0.0,0.0,0.004653316466050666,0.002766467368310637,0.013829441257820376,0.0,0.0,0.0,0.0,0.0,0.9918950583919358,0.005959684126415383,0.0,0.01722829526612542,0.0,0.004252696661318596,0.0032616156755479932,0.010874816269130772,0.0,0.0,0.0,0.004297013160429978,0.0,0.006245025486041003,0.006722243676453698,0.005913521709359456,0.0,0.012056807056434367,0.0,0.002756945717220304,0.0,0.008526022770514025,0.0,0.0022909807051882673,0.012964119544677261,0.0,0.0,0.0015181100758122792,0.011681587591122514,0.0,0.0,0.0011733345062184173,0.021443411344293825,0.0,0.0,0.0,0.0,0.0,0.0005944417417956714,0.004699829566306672,0.0,0.0,0.0,0.0,0.010187924043475597,0.0,0.0,0.0,0.005098655849361025,0.0031270655940764014,0.0033433746898693523,0.0015570724669663797,0.010660041499976005,0.0005375697413251509,0.010461029079635021,1.0,0.0,1,back,DoS
0.01851568149731829,0.0035830880270639725,0.01284282356106217,0.0,0.0029862190710054225,0.0,0.010758268804723066,0.011144374865445662,0.021554445609938532,0.011645498145264834,0.004605811146086163,0.0,0.005492774757135293,0.012241110549673395,0.0,0.00046734827410251415,0.0,0.0,0.0,0.03005024257279091,0.012339486350593076,0.01392734433180016,0.39842759572718,0.2587696598633449,0.3191859477080653,0.49111852699806025,0.7504950462096137,0.6901742035558044,0.050351411156522134,0.35312723834935134,0.45403755318655165,0.3929321782818028,0.07526946802853077,0.018055471975143084,0.0,0.001649091637097009,0.1481306409549648,0.6045003656361837,mscan,0.0,0.9956749596332427,0.0,0.006886900116626129,0.0,0.0,0.0,0.0,0.007432613615096235,0.0,0.006606220606018105,0.011513339575501817,0.005382217937308284,0.0,0.004948743742853851,0.0,0.0,0.004122166152702118,0.0,0.006837271913267274,0.0,0.00014693645618834235,0.0,0.0,0.0,0.005611014951244671,0.0004456391552073455,0.005113769140560058,0.0,0.0,0.011110734793438897,0.0059930257468717805,0.010558249070592954,0.010545168913523776,0.0072666581331505,0.0,0.0,0.0009828447688236752,0.0,0.0,0.006375444782616799,0.0,0.0,0.0,0.0,0.019697344176175136,0.0,0.0,0.01342553363082901,0.0,0.0,0.008068271679470324,0.0022170920904739963,0.0,0.0,0.0,0.0065249165301810505,0.0,0.010565972902656125,0.0021638658878015103,0.01894878093319949,0.0008895894331174239,0.012819023837659147,0.9863749046061439,0.0,0.005933411449801461,0.010174995974815389,0.007171399907763463,0.0,0.0,0.004346114983677164,0.0011580100976813499,0.0,0.009843786801372925,0.017837850469441342,0.0,0.0,0.011217015832092057,0.022576549479817087,0.0,0.0,0.009708225337422919,0.992721021018115,0.0,1,mscan,Probe
0.0303113845220402,0.0,0.0,0.0,0.01585605885580637,0.00834380229742963,0.01265455931125299,0.003351493744943078,0.9910297995491039,0.0,0.012910800319150133,0.031225542287119868,0.0,0.005605897341023267,0.00011521713969881753,0.0,0.02332069592076215,0.0,0.0071043897301117775,0.012661384563144706,0.010866197272302291,0.0014786116598709928,0.0,1.0,0.9977606168635548,0.9982943779886857,0.015727629670592727,0.006207783788505361,1.0,0.9889274585491322,1.0,0.014466790641801957,0.005516107647566771,0.0016610683371328962,0.0021558623308912525,0.013254273206599167,0.008262998826875456,0.012841012353889677,apache2,0.005127718910176778,1.0,0.0,0.012091671621043854,0.0,0.02378497683566009,0.0,0.0,0.0,0.0,0.007267041831108011,0.010625058159065455,0.0,0.02656201581290055,0.0038130739896013234,0.0,0.007543173233391721,0.0,0.0029553132986634427,0.0076117914184441905,0.008039547473476868,0.003121886213669523,0.009906502720081005,0.0010907165200735034,0.0,0.013629569057971053,0.0,1.0,0.016795676366288332,0.0,0.0033373208963444184,0.0010037839908683826,0.015638772596068044,0.012139310878204492,0.0,0.023871661606840615,0.0,0.016995015622548727,0.007906944274059156,0.0037646157208495734,0.0003752574370818697,0.00281115727109977,0.017307696927468443,0.0,0.01128610404604621,0.000866044069227622,0.005810275298403475,0.007299030110700303,0.0,0.003250883506794673,0.004389451167421702,0.0031655983677986435,0.0,0.0,0.0071383330206863495,0.0,0.0,0.00791244519797927,0.0,0.0,0.0,0.02390036203211742,0.0,0.0,0.0,0.0,0.0066506552438354615,0.008137379803326902,0.003788287917933284,0.006997603271975572,0.00022781255666597385,0.01903963239027473,0.0048272475149493165,0.0,0.012274509324911734,0.0,0.0,0.990165345628809,0.0,0.004091135779214966,0.008780136923139075,0.0,0.0,0.0,1,apache2,DoS
0.0013151827058972484,0.0,0.022931833284635408,0.0,0.0,0.0019754591209026847,0.0,0.0,0.014960878178536703,0.0,0.0,0.0007133965668723824,0.015728609072066028,0.009299098237064783,0.004564960542963191,0.0,0.0,0.005341943244963394,0.0,0.0,0.001888289602750902,0.005987337928207353,0.0,0.0,0.0,1.0,0.01816145414446207,0.0023746299532529064,0.002949139726574875,0.19757618810934593,0.9913847722475723,0.007883293901287863,1.0,1.0,0.008858572889222436,0.0,0.006800472106876191,0.0,ipsweep,1.0,0.0060316010088903105,0.0,0.009231245719423598,0.0018933148838202573,0.0,0.0,0.0,0.0,0.0,0.0,0.0019331960110183387,0.0,0.002517633538723479,0.01752585552595396,0.016543836434533724,0.0,0.9945142556308559,0.0,0.0,0.0005074037273422146,0.0,0.0,0.005715668531212656,0.003103274219084448,0.013391390975110105,0.007858841800965213,0.0,0.00462300185263831,0.0037021684409201385,0.0,0.0,0.014365374100060781,0.0028046279588575217,0.004788962012672047,0.0,0.013053276909985262,0.0,0.0,0.010305853180839068,0.0015881492025967303,0.0,0.0007794099928857907,0.006608156062945034,0.0,0.001975539448488053,0.0033387972818558266,0.0,0.01122074634977442,0.0014698316910464082,0.0,0.0,0.0028941974229361625,0.0137943564839365,0.0,0.0035377295989416986,0.006248099177705982,0.0,0.0,0.01847156079382504,0.0,0.012441342855669585,0.0,0.0,0.004814468029137728,0.0009775978673562875,0.007913445393488953,0.0,0.011356374768905646,0.0,0.0021733764913569866,0.004284749200569817,0.002446102109531858,0.0,0.0,0.0,0.0,0.0009013609230242427,0.004990392869203814,0.010050446235179677,0.0,0.0,0.993764698138381,0.0023090930238884,1,ipsweep,Probe
0.0013916033475173187,0.0,0.00749939478062483,0.020275123743598758,0.0,0.0,0.014739048187397415,0.015194400024050187,0.9933775371976773,0.0005626160337627669,0.0,0.011099024947826887,0.0,0.0,0.0,0.0065439592876902685,1.3598525366781364e-05,0.002663261294484129,0.0,0.01827261179238679,0.03816625260267503,0.0,0.0,0.0,0.003029360158518241,0.9809130404685733,0.0,0.06997447107362319,1.0,1.0,1.0,0.0,0.0,0.008761548050637868,0.003329332401461707,0.0,0.050804101405349376,0.05381643560912873,back,0.0007792020457275132,1.0,0.0,0.0020610932832143773,0.0,0.0004080688260754707,0.0,0.0,0.0,0.004530346514786743,0.0,0.0,0.0,0.006455494764513985,0.0,0.008889728497837819,0.011314015379993846,0.0,0.0,0.015644961233600336,0.014731283048262794,0.008875609028804288,0.01170159967921091,0.0,0.0,0.0,0.0052713496555757845,0.993484530425445,0.00525636898727875,0.0,0.0,0.0,0.0,0.0,0.0034810139183990693,0.0,0.010608654142507331,0.0008902264020216223,0.008194353906258568,0.0,0.002224236103478586,0.0,0.007953125166258243,0.003634956394138964,0.011997778298421295,0.009080472325829165,0.012482789328517437,0.007935658660400453,0.004308869852830681,0.0,0.0055991592645325055,0.0,0.0,0.0,0.005003066919049474,0.0,0.006205871447734215,0.0,0.0,0.0,0.009600656893215629,0.02052305616097813,0.00897440728097901,0.0,0.013548043753064478,0.0,0.0016528032158366465,0.008575067909869517,0.0,0.0,0.01115225049445085,0.001626720169396326,0.0,0.011006115286559402,0.020546586610469486,0.0,0.0,0.0007937384132429651,0.0,0.00319309356692526,0.002316773422986954,0.0,1.0,0.005138120005391738,1,back,DoS
0.0,0.0,0.0,0.0,0.0,0.011361377566848803,0.0025449558071562557,0.013826621352034807,0.02063617428996134,0.022661522210629524,0.012665810852057304,0.004839089355469407,0.0012758864356480475,0.0045051487854932135,0.01069657663337252,0.007437958911376535,0.0,0.0,0.009217792421847568,0.00905442368313136,0.012638665219712804,0.00040021168674709965,0.0,0.0008036859706184289,0.0,1.0,0.013338839188352531,0.00012328949301906438,0.004943154452844789,0.12971035554081517,0.9968207694892494,0.00497428208922183,0.9876735649260683,0.14795927977838508,0.01574260137421647,0.006911099931139522,0.0,0.0,warezmaster,0.0,0.9922386768571663,0.0,0.0085857525031351,0.0,0.009725679909591828,0.0,0.005311305634017532,0.0,0.0,0.00738041376980909,0.0,0.0,0.0015773064679421628,0.01441716094849928,0.006218883842761778,0.004170389721149534,0.003483896862212847,0.024207239227305055,0.008418986335030403,0.0,0.005362051789541469,0.0004224555780570334,0.9914272842652796,0.0,0.0,0.0057016904933193235,0.0062934259280118116,0.0,0.0,0.0,0.000635020316736452,0.0,0.01705660626700346,0.005374144432911255,0.0,0.0,0.0,0.0,0.0,0.0,0.0,0.0,0.025822859341175862,0.0,0.011363127180568554,0.0016103312125726474,0.000579843409283166,0.0,0.0,0.0,0.006983129490962568,0.0,0.0,0.0,0.0,0.018881917640406167,0.0,0.0,0.0,0.0,0.0,0.021829257727310352,0.0,0.0022049095822724856,0.014460717596472194,0.0,0.009826494618172721,0.0,0.0,0.0,0.0,0.01162905912298811,0.0003416619774147912,0.0012213507089895072,0.0,0.007771844901998457,0.004565040301534196,0.0,0.0,0.0,0.0024012340251296964,0.9923606096095288,0.0008527610346015621,1,warezmaster,R2L
0.020272089489575748,0.0,0.0,0.017968209760638735,0.007183137900572614,0.016392821021568582,0.0,0.008740418121233872,1.0,0.0021046448566252344,0.01921333689644049,0.00969483839714706,0.010402445426493203,0.0,0.0078257203050999,0.0,0.014267151525481525,0.009021045458727697,0.0021066808241636437,0.134390062136734,0.13792796897008583,0.03395270843782071,0.03372605759315243,0.9618567946314,0.9612701410488479,1.0,0.028559852265363676,0.0,0.9877029121398726,0.9906674007758186,0.9740145126678832,0.008625801835836812,0.003173480900681554,0.0,0.011358613573681443,0.004409836688576441,0.4282417073801493,0.43658650080095673,apache2,0.013985291249724752,0.9975538519460612,0.0,0.0171329729203995,0.013363454377295272,0.0,0.011265379613371556,0.007428617623307254,0.005869026960481705,0.0024179070468125477,0.0,0.0,0.0,0.003194165857717989,0.0,0.011404401136316324,0.001196815819811464,0.0,0.0,0.0035938284501338294,0.005338412869077464,0.0014644183467951025,0.0,0.0,0.02175211347777167,0.0,0.0015129812271610591,0.9864135671575354,0.0,0.002268424802191159,0.004510651839619052,0.012756389553884678,0.009016047427344055,0.0,0.003262436855963524,0.024503669527840378,0.009967767360818496,0.0020337307666130275,0.0,0.0,0.006784228816838084,0.012883553816592484,0.0034246170129707855,0.006765182733878508,0.0,0.0,0.0130075037664867,0.0,0.0,0.0045512312737860695,0.0,0.0,0.0,0.0059680664341109435,0.0,0.005762650726245729,0.004640709631612008,0.0,0.0,0.0,0.0,0.0008206894333615927,0.0,0.0017953582532561096,0.005625981987992744,0.00096837781828905,0.0,0.0,0.0,0.00021532655306206308,0.0,0.03104451737506628,0.0,0.0,0.0,0.0,0.003966140315403957,1.0,0.006018571172984142,0.00458889621461565,0.010054276244149982,0.01111278660773468,0.0016932369847275878,0.00041900755401394143,1,apache2,DoS
0.0,0.009896829415453291,0.003258574871096625,0.0,0.00603272950144612,0.01147380852737899,0.0,0.0,0.9919987321432933,0.010469045058280998,0.0,0.009239483757956194,0.010073146466235668,0.008335180267864934,0.0,0.0,0.012949629775841506,0.0036058337333051737,0.013510475419418713,0.030288182372929382,0.08423483944020604,0.007595037810647187,0.000840806402326183,0.0029988557714935096,0.0,0.9984463282706288,0.0,0.1376226935015129,0.6015180030278288,1.0,0.9936917143641757,0.0,0.009201923112396107,0.033699996923329145,0.0,0.0,0.0001979329774731593,0.0035798306078316474,normal,0.011914796192823113,1.0,0.01237499771962729,0.0,0.00603798278044472,0.004616082513678185,0.0039612958453974665,0.0,0.0,0.0,0.0,0.0,0.0,0.0,0.018181198731972565,0.0,0.0,0.019164131781462278,0.0,0.0007379666385317872,0.0,0.002109429180229084,0.009798994882481904,0.002854192339144267,0.015059539663666598,0.0,0.0036597451606741366,1.0,0.011099350733698927,0.0014900275246224962,0.015381422796878175,0.003952513062756436,0.005677143851242353,0.015547163075778707,0.01505234154903282,0.0,0.0007489994996714806,0.007127597597141298,0.009020181133474268,0.0,0.00433161318771812,0.0,0.015112018535618405,0.004507645816721868,0.004947908003894315,0.0,0.0,0.006810593478180507,0.006899444906701679,0.0,0.010481655527606831,0.0,0.01162903879315426,0.010277249893262674,0.010606673064966743,0.020210708200520466,0.0,0.0,0.0,0.0019481808531534761,0.015053494809506456,0.005351811726097629,0.0,0.0,0.0,0.00905542907381241,0.02268010712672397,0.0,0.009602120405961895,0.007583625955153909,0.0,0.014923293898090507,0.0,0.01937461137138778,0.0,0.003719796019654117,0.003868338301574454,0.004389949516325817,0.0,0.0005195365952984542,0.012026455549477127,0.0,1.0,0.0,0,normal,Normal
0.0016435206889895279,0.0,0.002827996523164864,0.0,0.01053869026857187,0.012549610270473705,0.0,0.0,0.0,0.0050039982968561394,0.003435933863058878,0.0,0.00024290981084275812,0.0018191969945135931,0.0,0.0,0.0011387692848093104,0.0,0.0,0.9992825628240116,1.0,0.0,0.011403300012179738,0.005739662051501948,0.0,0.9935771266365789,0.0,0.004085834010801618,0.6414173960406552,0.6306725991605607,1.0,0.014065915700103997,0.9934600534702462,0.022800603222576328,0.010682101110759876,0.0074045974096688975,0.0,0.013248274127503979,smurf,0.9873269545947961,0.0,0.0,0.0,0.0,0.0062882495040181095,0.002561305481638192,0.0011021564615136003,0.0,0.00896300195397511,0.0,0.0,0.0,0.0,0.0022144293477349003,0.0028514973795773697,0.012196695576406822,0.0017680352833592042,0.996366190558202,0.0,0.01694955172943179,0.0,0.0,0.004200964489823549,0.00431469146825705,1.6576502102433115e-06,0.007557141495992296,0.00448703373525883,0.0,0.0008949674358323018,0.001953536994210148,0.0,0.0,0.004140847963612756,0.0051052012990593885,0.015238355154875045,0.0,0.0,0.008015235574748524,0.0,0.0,0.0,0.0,0.00634772774136223,0.0016150371512298192,0.012560729232140641,0.0009199048025614275,0.007588480556454019,0.007674496673793214,0.013405617124462752,0.0,0.009741178854563229,0.0025320505849230537,0.0,0.008936495464636943,0.0,0.0,0.0,0.0037402043601621584,0.0,0.007521706913023426,0.0,0.007942938652856377,0.0,0.0,0.00038725406111557345,0.0,0.0,0.0,0.0,0.0012001263841441502,0.008388179218959927,0.011574799786742307,0.0,0.0,0.008984235792874131,0.006931643147108912,0.017766806599652307,0.0,0.009268140547757797,0.0,0.0,1.0,0.0,1,smurf,DoS
0.01225315117234266,0.011556391395838066,0.004334371576042583,0.0,0.0,0.019569258962998565,0.007130043559263929,0.0,0.9967866764700515,0.0,0.0034462652065116025,0.0,0.0,0.0,0.0031026098879820946,0.0,0.014375774859492317,0.0014866470288016481,0.0005356356667803041,0.025751852993065583,0.03528036047983171,0.0,0.009289913439772509,0.0038732626984953463,0.0019439376604257963,0.9926367836088534,0.012840888358234683,0.20024885910130982,0.1466890963603425,0.9723995799923494,1.0,0.0,0.03269610486769379,0.056382990418663584,0.008314320708888732,0.0,0.0,0.021318790556515914,normal,0.006331135466004314,0.9880820311873121,0.02203358165960641,0.00679992123782424,0.00691895632761414,0.0019046117824087045,0.005366511210962287,0.0,0.0,0.0056060525934685706,0.02295853510477123,0.0,0.002355288996847767,0.0,0.016930418248203773,0.0,0.0,0.0,0.0,0.0059150732739947365,0.0022515553002772732,0.023385279090498794,0.0,0.009268760440189174,0.0,0.0,0.0,1.0,0.0,0.0,0.009371679831796242,0.0006579446416605214,0.0,0.022804086759675202,0.010782209602264508,0.006717743430518205,0.0,0.00881107644524591,0.005821168385752591,0.02150288505960814,0.0,0.006369898823709953,0.0,0.0,0.0023505726397960716,0.014371068104750065,5.595327390347203e-05,0.004049490437702707,0.0,0.0,0.011451835587054983,0.0,0.0005745375155491078,0.013170874976670575,0.008268996750903552,0.010423814192266574,0.0,0.0018652153696044704,0.008834477902586166,0.0005562558880834918,0.018344429880400578,0.0,0.004625926195312386,0.0,0.0,0.001155197263687024,0.00729246842625305,0.006588850811991385,0.0,0.0008140968286033006,0.0008084493895417861,0.010068307759833455,0.008774347323492002,0.0,0.003923855469142055,0.005013227238319219,0.0009824946833381018,0.0,0.007989139337807967,0.01142227133043629,0.0,0.0,1.0,0.0,0,normal,Normal
0.0,0.0,0.0,0.0,0.010345368077091412,0.0,0.01528305371408535,0.01587309034689148,0.0,0.007501790897016668,0.0,0.0,0.0,0.0,0.0,0.0,0.0,0.00930954120033553,0.0,0.0,0.006892958543138904,1.0,0.32227741769610424,0.012846966875935324,0.49115233672082864,0.9960283353853435,0.0,0.6850678784954272,0.9151579387017252,0.35020819762182454,0.3156946215918607,0.021326726969452973,0.0020926417885623067,0.025409327603184328,0.988754367790718,1.0,0.01624015719661009,0.01657475427049394,mscan,0.00695280155880857,0.9918251741221884,0.011494322643416212,0.0,0.0,0.004630274536387403,0.019511265130438223,0.0010904842326288928,0.0,0.0018837975631565652,0.025897854878363824,0.0016794150812430237,0.007804105359753572,0.0,0.0,0.0,0.005560111458122241,0.0,0.0,0.0,0.014314388585550895,0.0,0.010970698303901941,0.015431827220810329,0.00834465969596596,0.0,0.0,0.0,0.007308577243804834,0.0,0.0,0.006323289925253979,0.0,0.015035681990325019,0.0,0.004976725012219535,0.006431879055111421,0.008685353757431463,0.0,0.0,0.005197902088155188,0.011331068700151407,0.012148053095676837,0.0,0.0,0.0,0.0040733457399548464,0.0,0.0,0.0,0.0,0.002966138239121914,0.006721899143764237,0.0,0.0033864958855964002,0.0,0.0,0.0,0.014430501616368994,2.52641307648849e-05,0.006902298411641982,0.0,0.0,1.0,0.0,0.0,0.0,0.007108449444567487,0.009152000158683705,0.0,0.01606141840046662,0.0,0.0,0.0,0.0,0.0,0.0,0.0,1.0,0.0,0.0,0.014306020989602805,0.004617751382467114,0.0019218724257879507,1,mscan,Probe
0.011691534957683493,0.0,0.002104267271976605,0.005176079477009939,0.006722705752566783,0.0,0.0008701060577880206,0.02262594567280785,0.9879622531055662,0.009105364642726842,0.0,0.013095673926267657,0.002158662655077723,0.001975566351309205,0.003722842343728593,0.0,0.00993856743630935,0.0,0.003645617183694946,0.05088919153249903,0.05224051256606145,0.007715990164461184,0.0054906211262160075,0.0,0.009071162857399324,0.9861771086530312,0.0,0.12312616838077048,1.0,0.9937852302089134,1.0,0.0,0.014841020247854393,0.0023703535574927464,0.0,0.0,0.0037548012855611935,0.007328060489996159,normal,0.018339589825296425,0.9803708958755275,0.011397808483465815,0.0,0.0,0.0034605264389060177,0.0,0.0,0.0,0.016505389364507315,0.0,0.00047007881123935246,0.0,0.0023405937876851543,0.0006604169969946979,0.0,0.0,0.010604875511771748,0.0,0.0014090503114764547,0.0,0.0,0.0,0.0,0.0,0.0,0.012718681551776722,0.997585346586297,0.0,0.005776946921204772,0.012723613896582149,0.0005233972789020458,0.013951793262599814,0.0,0.005744582086215165,0.0,0.008388970425898708,0.0033077109935094073,0.0,0.011098473340143633,0.018649414885889382,0.0,0.0,0.0021078565740106146,0.00577191179260759,0.009656077803739073,0.0,0.0,0.02208503837708831,0.009581331266254416,0.0,0.0,0.0,0.0,0.0,0.0,0.0,0.0016051941598929152,0.007308887262156868,0.0,0.0,0.007718639296667381,0.008002706784138716,0.0,0.0012311269801885997,0.0,0.019018134009004303,0.0,0.0,0.00571456118146577,0.0,0.00033127402769071626,0.020917231879287988,0.004110598549363047,0.0007995867601892724,0.0,0.016719890238005252,0.0003669439953536647,0.00457207952307566,0.0015251937295084688,0.0,0.00011101076663918751,1.0,0.0,0,normal,Normal
0.0,0.0,0.0,0.0,0.0,0.0,0.0,0.010631333879093317,0.016027083252137263,0.0,0.0,0.002310042025131923,0.0006224785919316296,0.008964266496686092,0.018065195821594774,0.0,0.0,0.0185111936154048,0.01856352446068659,0.5265954560660253,0.0043098830509254275,0.0,0.008633890876092683,1.0,0.9976659961405259,0.010395947968406915,0.04080020251044689,0.0,0.9993064159478394,0.009973896894853921,0.013768766833179954,0.056742035699530916,0.0069994108526126395,0.020876445580904002,0.00042496396806181695,0.013612785915512777,0.9899324060396852,1.0,neptune,0.006167741447934717,0.9901323161362381,0.006367458624397927,0.0,0.006514202517692279,0.005281903781006685,0.0,0.0,0.01431568294431554,0.007144229201588891,0.01158343738864904,0.009943696637969061,0.0,0.0,0.00946150625953456,0.0,0.0,0.004660106635971537,0.0,0.01174444917761162,0.0019488543904294775,0.0,0.007812728432010384,0.01291928753559047,0.0,0.0,0.0,1.0,0.0,0.0,0.0,0.004058599417121027,0.007504373998982183,0.0,0.014278098718809244,0.0003416406957378753,0.008969024917609592,0.0,0.000448722781915547,0.0,0.00018869475330251934,0.0008313706270268076,0.007564744006208837,0.0,0.006985477937601922,0.0005213559669624995,0.001581549917236362,0.00018205774106074435,2.5234141771945003e-05,0.0,0.0,0.0,0.0,0.013455759658143952,0.002184458686728198,0.0,0.0,0.003072174173884449,0.0,0.0,0.003755034885067868,0.003903440564181691,0.004585938611919813,0.0007278700125471345,0.0,0.0,0.0,0.0,0.0,0.0,0.006088134588802672,0.0,0.0014770184724660566,0.0017917250667894848,0.9799396711499889,0.0,0.007524444550184003,0.0,0.014020429215665988,0.0008669356855026156,0.012047849742384742,0.01384387346960228,0.013470342155325627,0.0,1,neptune,DoS
0.0,0.0,0.0004096538127105603,0.005092153122847467,0.013869339554534718,0.0,0.0,0.19425953707178886,0.017276264360242117,0.014534203951380689,0.0,0.005424097301603825,0.0019916594934321873,0.0,0.0,0.007494918429745302,0.0,0.0,0.0,0.012692326948729175,0.006961181179549214,0.0,0.0,0.009236447428067741,0.00422489438020315,1.0,0.0,0.0,1.0,0.9890647777815288,1.0,0.005266793696175468,0.0013183177649041644,0.010275856220878246,0.006405071792722119,0.016411728581794918,0.018093524777690106,0.012455080499994213,guess_passwd,0.021006550262637175,1.0,0.01688940130699343,0.01205434173404883,0.0,0.0,0.0,0.0,0.014870540441110991,0.0,0.0,0.0,0.0,0.0,0.010334464633310378,0.0053768313326725175,0.0,0.0,0.0,0.009972640877010866,0.0,0.0,0.0,0.0051243877603463625,0.0,0.0,0.008830490338269879,0.004275862714184606,0.003891905808113348,0.0,0.0,0.006212018696573119,0.0013425352312644119,0.0,0.0,0.008466625370118216,0.00652708395130637,0.0,0.0,0.0,0.0053168256465133705,0.0,0.0,0.01040121723817233,0.012008972527602187,0.0,0.004208949355653379,0.022717326556146555,0.0,0.00892244238088681,0.0060390956887183276,0.005080391946686866,0.019856883455916324,0.0,0.0,0.002968334064411159,0.012178742843348373,0.0007940310031536486,0.003096864669385401,0.005344725593357309,0.0,0.01399017552793937,0.014563309759388526,0.9988840023684479,0.004893203277636194,0.01045861609693737,0.0,0.0,0.0,0.0,0.0,0.006889480384768348,0.0,0.0,0.008552879542671208,0.0,0.0,0.01676718226678669,0.0,0.0,0.0012644232875831055,0.0,0.9988768486595061,0.005000717051692578,1,guess_passwd,R2L
0.18102641415089063,0.010077127203912812,0.0,0.011180838170853365,0.0,0.0,0.0,0.0,0.0,0.00028244701047552937,0.0,0.0038354952477816133,0.0,0.0,0.010405037038865275,0.0,0.0,0.015126416652242201,0.0,0.018969932000226016,0.0,0.011475245665662688,0.0,0.011551054637102218,0.0012747750769897446,1.0,0.0003272696575489156,0.0020510465241085976,0.9884087740582083,0.6475195173648745,0.6415261024652829,0.34398600950994324,0.0,0.016770089703372137,0.4920025947335105,0.7890163702561089,0.317106827544663,0.013781635145956133,processtable,0.009573845805989092,1.0,0.0,0.0033420569298070737,0.0,0.0,0.0,0.010552058035890002,0.0,0.0,0.015733021796273266,0.003604768147673687,0.0044986162085176645,0.010620697646281752,0.0036178817223179206,0.0,0.0,0.0,0.0,0.0,0.0,0.0,0.013987806079837267,0.0,0.0015106732572528528,0.0012514954219548212,0.008024086097951594,0.0,0.0,0.00018332199007011526,0.0,0.005995524571663525,0.022976556134075145,0.008609713342254292,0.006245314580081297,0.0038617751233594438,0.015584839981537984,0.0,0.017793689647611306,0.0,0.004734981309313311,0.0005579824888782805,0.0014276200015410512,0.0,0.005510247338842355,0.006669394606646451,0.006476742912048186,0.0,0.0027483937383852314,0.005010703874153668,0.005309393119935452,0.0032311822316715383,0.014214016530890912,0.0,0.0,0.014463728003025783,0.0041263510575065875,0.00019239123169705993,0.0,0.0,0.0,0.005352238598305476,0.0006687950064372799,0.9971988773217989,0.0,0.0007553000489262364,0.0,0.0,0.0,0.0,0.019553440966412046,0.002533980400760825,0.0,0.011918383360853699,0.005903798328072251,0.0,0.014821409262232922,0.0,0.012236237601371793,0.0,0.005869030441132121,0.008053769744022419,1.0,0.01008581371879241,1,processtable,DoS
0.0,0.0,0.0011263240407109396,0.0,0.0,0.0,0.00933583432364509,0.0,0.0,0.02400303064452527,0.0,0.0,0.008502509530519066,0.0,0.019855556166415177,0.002701538970519236,0.012441279684834928,0.006539837388749704,0.0032927921324365944,0.01963864206092204,0.010224999258163874,0.0063580602582252845,0.0,0.007580208839760726,0.0,0.13324603471229707,0.3770111816952682,0.012962899573676509,0.04325339957187996,0.016970920483443595,0.10776123430370309,0.3895023488952389,0.8970755946253621,0.007606620688311018,0.0,0.0,0.0,0.0,normal,0.0,0.014867260558013896,1.0,0.003880278963313317,0.016516208075371387,0.0,0.0,0.0,0.006944789372764873,0.004499107173903513,0.0,0.018155251695995064,0.010340412168172382,0.009252267543788032,0.0,0.0,0.0,0.0,0.0,0.0,0.014931846673958183,0.016618034840926284,0.0,0.0051655988236279015,0.0067108642371043825,0.0,0.0,0.0011740735619281387,0.013197075102509042,0.0,0.0,0.0,0.01557633060942556,0.005968722615003076,0.001408164574415079,0.009988396965147155,0.01858825127749403,0.0,0.0,0.0023249933693140143,0.0,0.008697828611576324,0.0009885995223320348,0.00629279099959666,0.0,0.003447873219713768,0.0,0.01576856645253331,0.0,0.0,0.0,0.0,1.0,0.0011243813961224478,0.0,0.0,0.0,0.0043987740296185665,0.0,0.0,0.00012319981312108188,0.0,0.001192051650919403,0.005756767475832303,0.001724519437404481,0.0,0.0,0.0,0.0,0.0042314114517364295,0.0,0.00778013171626161,0.009631106689959512,0.0,0.0,0.0,0.0,0.0,0.0,0.0,0.0,0.0,1.0,0.0,0,normal,Normal
0.0065352262982471135,0.0,0.0,0.0,0.0,0.009067812710046462,0.015336749723393635,0.005508872604911526,0.004372060143734111,0.009780617674608716,0.003908991724121655,0.0,0.016948546058959357,0.0,0.017111502636943922,0.0,0.0,0.00617755046697895,0.0057974544820214025,0.01090088093449023,0.022313668603087835,0.0,0.0,0.9850167944555884,0.9902284895417786,0.4905380999322303,1.0,1.0,0.1278546776860042,0.241066038298479,0.26658285746825305,0.13748741079795743,0.021663879009486575,0.029949184829512223,0.00881879342944839,0.0,0.8672529433885467,0.9793886612619807,mscan,0.0,1.0,0.0,0.0,0.00035738651510073676,0.01737351323522253,0.0035722119887610327,0.020116944103806683,0.0,0.012653558956868973,0.0,0.007757497891185888,0.004822959883433411,0.009580910297608745,0.0,0.007246527828671501,0.01515404006974632,0.0,0.0,0.002367371363199224,0.0,0.003951295729439503,0.0,0.0,0.0,0.008537989727719563,0.0,0.008100782940031958,0.0014005838203524198,0.0,0.0,1.0,0.008194758663498163,0.0,0.01957062013494645,0.0,0.0,0.005982799178820642,0.01312142423553318,0.0,0.0026314057380696443,0.011308387131689095,0.00032813875886792874,0.01207976451803515,0.0,0.0037143830578672465,0.0,0.018893816486415867,0.007791194416267367,0.0,0.0,0.0,0.002915361679497216,0.015359517401500771,0.009306864576493016,0.0,0.0,0.0020359199708921095,0.0,0.0,0.0,0.0,0.0,0.0038103846030352715,0.0,0.00029527933628556365,0.0,0.0007103610151321471,0.0,0.0077147868844682915,0.0,0.002792444341971893,0.0,0.007224222134635718,1.0,0.0003120575563917484,0.010180088637783673,0.0,0.0036973889463380134,0.0,0.011821684707850767,0.0,0.0,0.001646171440994756,1,mscan,Probe
0.0,0.0037239696033862066,0.0,0.0,0.0,0.0013862336302220802,0.0036646381339858237,0.011645831225329537,0.9955094854499553,0.004115959675089367,0.00985034703131154,0.021735018991011,0.0,0.0,0.006238007729382601,0.0,0.0,0.008205488599664013,0.018703813364529986,0.0,0.0,0.0,0.0,0.0,0.0005202777802184226,1.0,0.014956033081444975,0.014063560021192079,0.0,0.9931257268599264,0.9980443578812349,0.0,0.9990491398724668,0.010849254609033562,0.0,0.0,0.0,0.0,normal,0.0,0.9890087332678229,0.00779407845273959,0.0,0.009701219293773298,0.007995425885807206,0.0,0.0,0.006144436577232789,0.009247223305790616,0.008985617588603903,0.0,0.010441324152775324,0.0030679481409181366,0.0,0.0,0.0006649849692850429,0.0,0.0,0.0016555332173486413,0.0,0.0,0.01544980188376136,0.0,0.01301288056743853,0.001650218060050146,0.0,0.9847642026729172,0.009305749462402778,0.0017882831282138695,0.00014600166832520758,0.0,0.0,0.0,0.0,0.005533427642696526,0.0,0.0017672430747216995,0.0,0.0,0.0,0.00022108555462378352,0.0,0.0,0.009884790094520531,0.003890353958528171,0.0,0.006287887828206953,0.009393265191230002,2.0707784798071114e-05,0.008581052870958063,0.007253429651938401,0.0,0.005141756500401877,0.0,0.0007103226856391825,0.0192257384784176,0.0,0.0,0.009673595011005185,0.017630634551524377,0.017532831356004443,0.00020866298028178877,0.01118919612407545,0.0,0.0,0.002591101327174542,0.0,0.0,0.0,0.0036422841533806692,0.0,0.010254193391708988,0.0,0.009147297270836104,0.005064319435107273,0.0,0.0,0.0,0.007537732336632846,0.017628454458759078,0.0,1.0,0.0,0,normal,Normal
0.012714226302150277,0.0,0.007888000717167682,0.000526689097476803,0.0,0.0,0.0,0.0,0.9880069223971868,0.004481608370845165,0.0,0.010653190513865565,0.012463909219203453,0.015790666668767484,0.0,0.0069968144747627825,0.0,0.0023371246209755794,0.0,0.01925866567868183,0.01638317323473147,0.005158849669230009,0.008702833040680306,0.0,0.0,1.0,0.0,0.015405463665396758,0.6073947346461057,0.40971574904483865,0.6712621781577446,0.020703103004389364,0.010829930877674436,0.0,0.0,0.005029445883751471,0.0,0.0,normal,0.010122367097656291,1.0,0.01183355679328467,0.008667264101267549,0.0,0.01838867470684194,0.0,0.0,0.002860218810869564,0.005353996366485142,0.0010462796512264248,0.018161723404959636,0.022272282138748527,0.006534305571102089,0.0,0.0,0.013303326362771564,0.01084966821109602,0.01023544584407042,0.0029688632369971706,0.004865680486209343,0.0,0.01218441681950929,0.007949881814503958,0.007207675557909742,0.0,0.016578623117552906,0.9882147957026584,0.0026113299337847625,0.00602292531236,0.006036556741686892,0.007764718422376921,0.0,0.0,0.0,0.01329618910913469,0.004723237900222201,0.0,0.0,0.0,0.007958981500301535,0.006930723450055963,0.013233984349907189,0.0,0.0,0.0027536638547133114,0.0040744379465253435,0.0051440095073029095,0.005516698467000539,0.0,0.0,0.0,0.0,0.0,0.0,0.0,0.008961697694914936,0.007123780945884827,0.0,0.006595026923325212,0.0,0.010840534226633523,0.0038470191715794483,0.008590714334956125,0.0,0.007729238263782014,0.009124218556991396,0.017192174803367075,0.0,0.0,0.0,0.0,0.02540627130707648,0.014653228474146143,0.0,0.016850784454375854,0.0026760518960457637,0.0,0.0,0.0,0.0,0.0,0.9966384762422489,0.004520046585974637,0,normal,Normal
0.003008604628844324,0.0,0.007084841761565978,0.0,0.008176688700370326,0.0,0.0038276808944343816,0.004470114269388841,0.0,0.0,0.0,0.0,0.0023625405082793307,0.0,0.0007966040267619159,0.004231946513672731,0.0,0.005030278224006918,0.0031457094245284658,0.22392791565335193,0.00577320353041576,1.0,0.9877376148476822,0.008296584015259411,0.0,0.030124291983599685,0.04457536634151945,0.0,0.9901461422848866,0.005934566805805687,0.0023253333488569674,0.04751025723223272,0.003924376113612199,0.0,1.0,1.0,0.007224811024875473,0.0,neptune,0.0,0.9954914312531167,0.0,0.013388658714216482,0.0,0.0,0.0,0.002940058819646258,0.0,0.006701211209948492,0.0,0.0,0.002329780572253398,0.004254348935212522,0.030744860175103993,0.005739055806332882,0.006577783345497714,0.002425324078400853,0.02344250417953151,0.00911264462363537,0.0,0.017622289896684625,0.0,0.0,0.0,0.0,0.0,0.0,0.0,0.015512818798820358,0.004237629291569068,0.0,4.516499776656239e-05,0.006080478178427551,0.003367640427391415,0.0148196883631924,0.0,0.0,0.015432446473829128,0.0,0.0,0.0,0.0,0.0,0.002420873942976418,0.006231869862909706,0.0,0.0,0.002151468032117267,0.006424064122308443,0.0,0.0,0.008631634889531848,0.0,0.0,0.012627925877494797,0.005136856623312509,0.9940000902563493,0.0010908571735775744,0.011026490294166707,0.0,0.0,0.02778882543293621,0.0,0.0,0.022739544352918858,0.018271472108978136,0.008189048379512221,0.004566019520635161,0.006418303219192041,0.00027300346366708353,0.0,0.006443774176379154,0.0,0.010966738290018502,0.0026869685533630738,0.010637868912146076,0.0,0.9833576157123491,0.0013354613165328588,0.01592736035807839,0.013308222234225104,0.000475370683059266,0.006466541267952923,1,neptune,DoS
0.0,0.0027075601212853974,0.008202507755493074,0.010826891063836075,0.000493781431768475,0.0014665935386132037,0.0,0.002761800854747979,1.0,0.0,0.0,0.005220701624006798,0.0,0.004791746452361945,0.007819436591031566,0.0,0.013814874172706167,0.0,0.017520603346944733,0.024270076774154915,0.006351101088181786,0.011295899225144086,0.008883161932216927,0.00031281170923413976,0.0,0.9991025050151497,0.0,0.0,0.0493607711243632,0.981725391292844,0.9913554015430743,0.005769919538313051,0.08913517214758972,0.028567984299879855,0.0048882519985117365,0.0,0.0,0.0013725655074915532,normal,0.013365367552334164,0.9931041066767419,0.00224627190657861,0.0,0.0022495993402989163,0.0,0.005881920100176855,0.00011682979738586734,0.019121071996717826,0.0031436883964161767,0.0018758807295030393,0.0058202051697943315,0.0,0.0,0.0025108638004838492,0.011844354446237975,0.0029234503919668233,0.0,0.00768932758914215,0.003078170295882054,0.004064335335306662,0.0,0.0,0.0,0.003823974162874099,0.009010132898773681,0.003633795171579172,0.9957864330453154,0.0,0.0,0.006105842014690361,0.005141009960592539,0.0,0.009074138791977803,0.013310902096719963,0.0,0.0,0.0,0.0,0.0,0.0,0.0,0.01695439644164937,0.0,0.008024014731680913,0.003918966918626729,0.0,0.0,0.012349508264607225,0.0006338172517264815,0.009347207317171985,0.008588151719130176,0.007042383902348252,0.020032020983464717,0.002439129013713358,0.012854719534099895,0.005745409506809699,0.004086712982354875,0.0,0.017912601122424827,0.005150498865996432,0.01744540524318297,0.0,0.0012841572345071177,0.0,0.002382333322511663,0.0,0.0020801613771504667,0.00018280612327971148,0.007598286725945045,0.0,0.01660321737856165,0.0016923368712381528,0.0,0.0,0.0,0.0027414415725563186,0.0,0.0,0.0,0.006568912353796186,0.0014158330232352833,1.0,0.0,0,normal,Normal
0.0,0.0,0.0,0.008028643333651064,0.015316968560281773,0.00783939464425864,0.013632150656072302,0.0025763730225285713,0.0030710718245921193,0.0001372346787483604,0.0,0.0,0.009831588900351802,0.0,0.0007048764711124879,0.0,0.014071815310689788,0.0,0.0,1.0,0.9837061852324284,0.00048087679511210813,0.0,0.0,0.004626733966231038,1.0,0.0003670641427652691,0.0,0.9955513640571314,1.0,1.0,0.012786327492465492,0.8565796787213918,0.0,0.0,0.0,0.0,0.017037711642403593,normal,0.0,0.002278746656738521,0.9878241453985889,0.019311606844890698,0.0,0.0,0.015093475476199898,2.31433493797889e-05,0.0,0.0027182781848652427,0.0,0.0,0.004407730581704757,0.0,0.0,0.0,0.007457412874018068,0.0006475657219026096,0.0,0.006713643661227746,0.004636430264799505,0.007302807913541383,0.0009985218747434353,0.0,0.014326931799532773,0.0,0.0,0.0,0.0,0.0,0.004109575140449046,0.0,0.0,0.0,0.0,0.0,0.017143740428741547,0.0,0.0,0.0020676643443834995,0.0016413466480238146,0.0,0.0,0.005127905878259763,0.0,0.0,0.0,0.0,0.0,0.0016519885068897228,0.0,0.0035558947448248745,0.999915537559197,0.00858330366456796,0.002763742984874526,0.005158324566890836,0.005543789554420007,0.0062281243860656515,0.0,0.0067473577774849955,0.0015741843452694167,0.0048043103206272895,0.01325073066570326,0.0,0.0,0.0,0.0032871463653481848,0.0,0.0,0.0,0.011366401131507007,0.0,0.0,0.0,0.0032202146339486,0.0,0.0,0.012507760043861076,0.008637836726964531,0.0,0.0037935361597200745,0.0,0.999942361578113,0.005948532575452863,0,normal,Normal
0.007551336546400195,0.0,0.0027528511288805167,0.012865343716802438,0.016889110400753204,0.007449409276315044,0.03488589495711749,0.009258162895155601,1.0,0.011114067965642785,0.0,0.0,0.01032850144646573,0.0,0.007454255067199909,0.0,0.0065670736166971964,0.009985393594339767,0.004402340778379756,0.006053623266170632,0.010726713492257851,0.0,0.015807136468875493,0.5144554378101054,0.49941773574809684,1.0,0.0,0.02452563953320387,1.0,0.9855584548681544,0.9815603551597583,0.01833397891614573,0.0,0.01552657294371674,0.0005003031399284313,0.020769027956991017,0.07810189123534104,0.08802451015319382,back,0.0,1.0,0.0019057810274804245,0.011573063583289021,0.0028188908737304293,0.0,0.010703657441441338,0.011645545744016677,0.0,0.0,0.0,0.004469040680741612,0.0,0.0,0.005604504185472431,0.0,0.0,0.0,0.014582526642414384,0.015247826062606594,0.0,0.0,0.002068357976341491,0.0,0.0,0.0,0.0018570176743459145,1.0,0.0,0.0,0.014167292268879908,0.0,0.0,0.0,0.015071977199300765,0.009323893681301109,0.0,0.0,0.014268529341933274,0.0015685220747020151,0.0033025528436378044,0.0,0.0048328036309790035,0.023277587638131068,0.0,0.0,0.0,0.0,0.0,0.009962450263774418,0.008720469531099641,0.000141031420266094,0.0,0.0074084342635663695,0.0,0.0017847546105731165,0.0,0.0,0.0,0.006675070062719492,0.012784876344624775,0.022451262980124995,0.0,0.0,0.010139452637799494,0.0025655293604846803,0.0006193659685045298,0.0,0.005756449234134221,0.0057157511961601435,0.0,0.005861774581008603,0.012386057119193421,0.0,0.0017949949936522294,0.0025560176461777717,0.00742289330831101,0.9986896269908959,0.0,0.004703273402943377,0.0,0.003643308062029549,0.0035873243580275766,0.0,1,back,DoS
0.008518524491309677,0.0,0.0,0.0005004187993810645,0.00030710859044171023,0.0,0.0,0.0,0.0052304563622726855,0.0,0.0,0.0,0.0178560541387654,0.0011643690403704574,0.009336046730325079,0.0,0.005089768636914919,0.0,0.003152140289916781,0.0004949463278927225,0.0,0.0,0.017953950297388627,1.0,1.0,1.0,0.005095501904539766,0.014402322176944182,0.9855222449502662,0.14681459945950107,0.13935818774275477,0.012859725473640202,0.0,0.0,0.00309537518379016,0.0,0.11527030364145341,0.8310385783559119,httptunnel,0.0010130251772339227,0.9956759205600918,0.02371846870131303,0.0,0.015193333722135787,0.0,0.0,0.006254557869009247,0.0,0.0,0.0063969272855497784,0.006327404310256657,0.0,0.0,0.003999536147236028,0.0,0.0,0.004368049888876374,0.003408388062758651,0.009792857687450194,0.008811197434071305,0.0051935356574322475,0.011264304993611734,0.0036517618686720387,0.0032776370012976654,0.0,0.0,0.0,0.0,0.009884717967766495,0.017384532691558235,0.00880757875670056,0.0,0.006686427403476706,0.0005645395325660041,0.014392686822476694,0.0,0.004410723063508296,0.0,0.0,0.0,0.004853001243467382,0.0,0.004763135445694309,0.0,0.0,0.00935914051899934,0.990048967973306,0.001267971180522301,0.006377061218135275,0.016647078110718104,0.009652354121302675,0.0,0.013817082758960908,0.0,0.0,0.0,0.009704201066867278,0.0,0.003344755708493382,0.011808828920715537,0.008403283489899622,0.008282206840974454,0.009795276896732475,0.005549215325120773,0.0038388886566623442,0.0007041931719132785,0.0,0.0,0.0,0.0,0.0,0.005340817386987984,0.0,1.0,0.0,0.0,0.0,0.0,0.0009054775066845359,0.009061352160852082,0.0022259434749265753,0.0,0.0,1,httptunnel,R2L
0.0,0.005634385016052894,0.0010924095285272963,0.00593791573349147,0.0004119673261270746,0.00011297546559754936,0.002480044410334644,0.003959856039021699,1.0,0.018143384597118832,0.0,0.007000849416128741,0.0,0.005305122102508266,0.0,0.0,0.005279546584831811,0.0009163933437382287,0.0,0.03037653794381108,0.02747722849039321,0.0,1.3603119123296756e-05,0.004401996463200873,0.002540881238112059,1.0,0.0,0.15363787393554867,0.175617359257276,0.9871869642768567,1.0,0.012920805104179683,0.003909014289022086,0.008356498567017147,0.0,0.0,0.0,0.0,normal,0.0002833448640025243,0.9952104517334056,0.02410701559489088,0.0,0.01879220993798047,0.0072928802732337575,0.003894953222509263,0.006283595908012775,0.0027085779939680847,0.0,0.0,0.0,0.0,0.0,0.0,0.003495635682720082,0.012826993842887865,0.0,0.00982823465433709,0.0,0.00014148785468882452,0.01085995420613485,0.0038411967443371105,0.003066046681865162,0.0003337056307078911,0.0,0.0,1.0,0.0,0.010308550485231526,0.014256125457085081,0.015946246491055967,0.013705206042852754,0.0,0.001646680523655095,0.0,0.00577361178810244,0.005298628405189262,0.0034524907535274604,0.0,0.0,0.01930810692680267,0.0,0.01996723328763633,0.007421283072510235,0.0,0.0,0.0,0.018527420196186674,0.0031314629243188326,0.0037241174980547813,0.0,0.0,0.005568405696629118,0.0,0.0,0.0,0.0,0.015003958135053529,0.004693435865326555,0.012265725369255921,0.0,0.0,0.0,0.0,0.007530331274250297,0.0,0.010176877252410146,0.0,0.004645790801391905,0.0,0.003102312838726302,0.0,0.0,0.0003315091786025255,0.0023128663777171785,0.0,0.003736273850790729,0.0,0.0,0.0,0.0,0.9958618027318752,0.0,0,normal,Normal
0.0,0.02339818144788456,0.0,0.0,0.0,0.00024008577100071102,0.0,0.0,0.0075649401784311345,0.0,0.0007020754434957659,0.0,0.0,0.0027690365166855484,0.010599070992874136,0.00038789677833304107,0.0,0.0,0.0,0.426727963294845,0.03505256787350476,0.0,0.0,1.0,1.0,0.05680758327557314,0.06307491105423585,0.0,0.9806760648925329,0.0476866080760452,0.04932306386560918,0.04642008298605968,0.0,0.0,0.004586143301402594,0.0,0.9930245194920153,0.9936050518120377,neptune,0.0035453880227503437,0.99195010248468,0.0,0.00696767509282726,0.005689015188352893,0.0,0.0,0.0,0.0,0.0,0.005886684863215566,0.006602627759262534,0.0,0.0,0.0,0.0066565711973627815,0.0,0.0,0.003347376796920759,0.023067954039704543,0.00885378909420093,0.0,3.404971181796762e-05,0.010033944187982834,0.000358560579853564,0.0,0.0007113360778975532,0.001051133575897707,0.0,0.0,0.0,0.022399471196100466,0.0,0.01482475362023906,0.0016216113165842911,0.0,0.0,0.0,0.0,0.0,0.015564764397869855,0.010968900761823431,0.0,0.021897367988447526,0.009857588442868865,0.0,0.0,0.004775977685167247,0.0,0.0,0.0,0.00881742513986986,0.9925415118631171,0.01066818935892669,0.0,0.004806574728738875,0.0,0.0,0.006941307339341426,0.0,0.006456373767280086,0.0,0.0,0.018060062720591595,0.0,0.004413309713753601,0.0,0.0,0.0,0.015176046319243559,0.017986753497801294,0.0,0.0,0.0,0.9896395953544044,0.0,0.00228329365931696,0.004198432756519165,0.0,0.0,0.008409337560474848,0.0009767149548227762,0.0,0.0,1,neptune,DoS
0.0,0.0,0.0,0.0,0.0,0.0013638649826444801,0.00017176064377675792,0.0,0.9991904773736838,0.0,0.0,0.00634446405675362,0.01299111704746942,0.009933247367500075,0.0,0.0,0.0,0.006736192023736939,0.015212109041837021,0.0014130288328817932,0.0,0.012693759434104473,0.0,0.0,0.012912472103721814,0.9905010777154966,0.013424084709269113,0.0,0.15626097451666598,1.0,0.9952448255821655,0.0,0.025534202527406385,0.04057697197660314,0.0,0.011775844719605733,0.0,0.00027929999393556845,normal,0.0,0.9808377657961397,0.002324855584294981,0.0,0.0,0.017143773878839145,0.01972229202718131,0.004221642339994802,0.0,0.0005645683420070368,0.00410261287532943,0.0,0.0,0.0,0.009039868255832514,0.022915348287156325,0.0,0.0,0.00972819908686254,0.004618966310728346,0.01049143356819002,0.0,0.007538739817988256,0.003451760453698498,0.014366557134309293,0.0,0.0,0.9936985048941092,0.0,0.0,0.009709040240055632,0.0024483373671278664,0.0,0.0,0.002375397178215783,0.0,0.008916041905973126,0.0004499669098086816,0.0,0.0040901862391476695,0.0,0.009972931690764795,0.013103076867446219,0.0,0.0035260597549365297,0.003276577910096844,0.0,0.0,0.007389862766381179,0.0,0.003465100994837408,0.00487140551080918,0.004871222607744505,0.02010149408499187,0.0,0.002527989911909235,0.018663841454761312,0.0164051442572927,0.0,0.006096074143602719,0.0,0.0,0.0,0.0,0.015538299663312232,0.0,0.006505025760564814,0.01231661967768692,0.0,0.0,0.004130050161274321,0.009289758819055525,0.015080820721279403,0.0035723792934564623,0.0,0.0,0.0,0.0,0.0,0.007548671007781572,0.0,0.0,1.0,0.002263722898521091,0,normal,Normal
0.0,0.0,0.0,0.0025344738250587485,0.0,0.0,0.017097118000164297,0.0,0.01770582130293579,0.006221102807702548,0.004264390869193057,0.0221550635493672,0.0,0.00925802230703493,0.007785880030282263,0.0,0.0,0.012464021436592407,0.0,0.9992399105966023,1.0,0.0,0.009353801375660034,0.0,0.005593393200131473,0.9975559811126345,0.0,0.0,0.9713425912038238,1.0,0.9973163268035881,0.0033088839542608044,1.0,0.004535549038037941,0.0,0.0017200720192761976,0.0,0.0,normal,0.0026496897142685243,0.0,1.0,0.0,0.0006538660717946303,0.020743874050461845,0.0,0.0,0.0,0.0,0.014068151662291792,0.010523672063608802,0.0,0.009470875761960028,0.0,0.0,0.008886241840289206,0.0,0.009244392550559024,0.0,0.009822084712907254,0.0,0.0,0.0033901162222716445,0.0,0.0,0.013435590941783624,0.0,0.008214192910220809,0.006854055653532554,0.008485112818887565,0.0,0.0,0.0004453010897024224,0.0,0.004511436376544838,0.0,0.014167969567798389,0.004182016526048488,0.0,0.01416543444929802,0.0,0.0,0.0,0.0,0.0089882141095152,0.0,0.006475745910456408,0.014118041692632902,0.008498442193491319,0.008762228388743723,0.0,1.0,0.001221461453472358,0.004391237053251344,0.0,0.007354185373467256,0.0,0.004261307032112988,0.003517783476240925,0.0,0.008917346105987696,0.0,0.0010857227582547748,0.0,0.004042900147065682,0.0,0.005002067847559312,0.0,0.010262280404887785,0.025085954069508604,0.003118209898388467,0.0,0.0,0.0,0.013606085927660445,0.0023736561850684636,0.016960722387609956,0.009231327231270063,0.0,0.0021484613473699695,0.0036415843181179025,1.0,0.0,0,normal,Normal
0.0060247653998109565,0.003565473754952804,0.0,0.0,0.0,0.0,0.0065793101503650924,0.005298709938912551,0.0,0.0035300863732880055,0.0,0.0,0.0,0.0,0.0,0.008495203943076892,0.0,0.0,0.0,0.00495937714329025,0.005484050346011217,6.088878995398007e-05,5.2421019303515267e-05,0.007415798798244665,0.0,0.9907233254897689,0.01075999958096186,0.010776106261989236,0.010069830578476838,0.3445810424304209,1.0,0.009618632859095548,1.0,0.9973221205028044,0.0003909957448520271,0.00019882510278340277,0.0,0.00821312347178779,ipsweep,1.0,0.01730642445699646,0.004729494622605004,0.002260451117682014,0.003754038752735536,0.002400039802172132,0.0,0.0,0.0,0.0,0.0,0.006635258583357822,0.0,0.0,0.00748585670170784,0.002651030365843213,0.01655282160953538,0.9804059229915163,0.0,0.01776378333340239,0.0,0.0,0.0,0.023823982557725366,0.008510773354619064,0.00923522782810982,0.0,0.01494715594715592,0.0,0.01142577083756642,0.003495529605038049,0.0,0.010842099139396802,0.0,0.0,0.008835898429576878,0.0,0.0,0.0,0.014773841095102977,0.0,0.0,0.0194719593917304,0.0077680344388954105,0.0,0.0,0.0,0.0,0.0009300220687313271,0.005003465060176011,0.0023644175818369893,0.0,0.013950517913098162,0.0,0.0018306072294189462,0.0,0.018324828812398275,0.004954320239108473,0.015616081188730068,0.021684410490534104,0.0,0.0,0.001350563356382229,0.0,0.0,0.008377258101535574,0.0,0.002613679020642902,0.0,0.0029303153425347477,0.0002502912448220498,0.0,6.724748541732911e-05,0.002107373513846631,0.0,0.0,0.0018209930615157852,0.0,0.0021978277146168226,0.015446370216051724,0.002958509646025973,0.0,1.0,0.015405716178608773,1,ipsweep,Probe
0.001862445414173175,0.0,0.0,0.0,0.0,0.0,0.0,0.0,1.0,0.0038371137432399644,0.0,0.0,0.01831026297614695,0.010654308526439173,0.0014281140023067653,0.0,0.011332075141995862,0.009761609602390767,0.0,0.0,0.046514840005563926,0.027781755357121445,0.0002583268868645083,0.0,0.0,1.0,0.012802690399185242,0.18547780270276182,0.01682342671431695,0.46969384795165336,1.0,0.0,1.0,0.08003074248791293,0.0,0.0038957852057492515,0.0,0.004298696398292051,normal,0.0,0.9899474690887051,0.00037950721314989987,0.0,0.0,0.01658154382561171,0.0074741042105699795,0.0,0.000261332563468425,0.005175641029226114,0.012465005935159118,0.0,0.013649624943189777,0.0,0.01417774204683049,0.0,0.0,0.0,0.0,0.0,0.0,0.015541317098391556,0.0,0.0,0.0025127231965898396,0.00938851849014305,0.0,1.0,0.0,0.005029401280382116,0.007009728926820747,0.0032095626157282553,0.005299073646972903,0.0027941921494291895,0.0,0.0030508386183946646,0.0,0.006199206571465017,0.0,0.0,0.0,0.00544501478595092,0.0012247660188734859,0.002867340121837123,0.0,0.0,0.0,0.004070979521984514,0.0,0.0,0.0,0.0,0.007211571875698284,0.0,0.0061605530502887975,0.009330646085235074,0.0,0.0,0.01301935252887292,0.0,0.0,0.0017931837334058166,0.0,0.009557151724236594,0.0,0.0037699547371789505,0.0,0.0,0.0051261758537165004,0.0085307075416644,0.0,0.0,0.0046952797490362455,0.01818007217244429,0.0,0.018558947148328876,0.006329821642213282,0.016911834233266917,0.023846693146616686,0.0,0.0,0.0,0.9999504416600264,0.015371580303238097,0,normal,Normal
0.0011096793715839463,0.014073122039957194,0.0,0.0,0.014911002928528472,0.0,0.012239935869769646,0.0,0.008820738499425475,0.0073765284392622865,0.0,0.0,0.016232080997187245,0.0036732025525373813,0.0012920480710926624,0.006358901308897389,0.0,0.0,0.0005662014613812949,0.9830012691149077,0.9999327408362604,0.0,0.0,0.0,0.0,0.9994884349472761,0.0,0.011922929479421852,1.0,1.0,0.9731489721841312,0.0,0.7924199570940897,0.009866680585639389,0.0,0.0023901331507560197,0.00632200839130507,0.0,normal,0.0,0.023994866421528222,1.0,0.0028974017202455576,0.010816115124867859,0.00033585740585850013,0.0,0.0,0.005497075454798755,0.014881210723322281,0.0,0.0,0.01141918497450482,0.0,0.020805349684035246,0.011278794938053647,0.009820565997513355,0.0,0.0,0.0020378346869279517,0.0,0.0055804239580483465,0.0,0.0,0.0,0.016212903134066807,0.006115284582768335,0.00035074717677286484,0.0,0.0009762981965473687,0.026062264404985776,0.0011083614350944312,0.008418012718970743,0.0017266240229498466,0.013655392145057963,0.004426222854365495,0.0028894849863382423,0.0,0.0,0.0,0.008618032217752388,0.0,0.0,0.0018936480286606786,0.0,0.0,0.004238142185240635,0.0,0.0,0.01562184592003284,0.0,0.0018964052441364507,1.0,0.0002246641391344454,0.0,0.0009297439084936894,0.0069709967371967985,0.006784956939742868,0.0,0.0,0.0,0.011955894299719154,0.007718803383008814,0.003128429524044605,0.0006884725529332163,0.0,0.0,0.004393954785358491,0.0,0.0116245354974546,0.007517951389589759,0.0,0.00461186710248641,0.007784798818502886,0.0,0.0077804754657275245,0.0,0.0,0.00847928589281826,0.004661815924677639,0.010941723550546718,0.0,0.9970205550115624,0.007460882219569318,0,normal,Normal
0.0,0.0,0.0,0.0,0.0,0.0001066548735277928,0.0,0.0,1.0,0.0,0.017009842210200216,0.01099939291846064,0.0,0.0002526042335352486,0.011456253418993787,0.009611942318234324,0.011846607957279199,0.010415681473824087,0.009246816365214287,0.016669471607271124,0.10258801811659164,0.005614157238506215,0.0,0.0,0.0,0.9824994151714052,0.0,0.11427984973860447,0.004056475887339327,1.0,1.0,0.0,1.0,0.04170119704515925,0.008011025971120926,0.0,0.0,0.0,normal,0.0031361694037180844,0.982949832978046,0.017597597376101157,0.0,0.0,0.0,0.01660418993414454,0.010428986169319816,0.0,0.0029622275870238995,0.005376987123011279,0.012157978694735871,0.0,0.0,0.0,0.0074963032057352155,0.0,0.002540881413673939,8.330722185163303e-05,0.0,0.002064301467367853,0.0,0.010434079814083534,0.0,0.0003277534333609232,0.002133799920339766,0.006382883544129002,1.0,0.017538634360889975,0.00783941590589874,0.0011181648208857017,0.003431036025596381,0.0,0.004973227094942036,0.016198389815699363,0.0028832840522487464,0.0,0.015134760535086599,0.0028690356213669404,0.0,0.004072760080671892,0.016999353076000853,0.004563698615398161,0.0019279218156390086,0.0002497168567255251,0.0,0.0031887663951149507,0.0,0.0,0.002652394386896511,0.0,0.0,0.00022641623018553321,0.0,0.003508651607065369,0.009002247208418857,0.011541584911249661,0.014017078465239986,0.0,0.0,0.0050413647818069885,0.00011678118714820906,0.0,0.0004506592943196917,0.01737580240508344,0.01875460334138163,0.006280891726436545,0.0,0.0035615716800061264,0.0,0.006280799938829228,0.0032994735285753114,0.006444871926658273,0.0,0.017585711947307247,0.00019320500634766307,0.010852831510594916,0.0,0.003124739136533111,0.0,0.0,0.013707737832708036,0.9887750472855789,0.007248138543252618,0,normal,Normal
0.0,0.00044797626188942106,0.0005982672962095884,0.0,0.002818657204192331,0.0026982422025744334,0.013929293107972491,0.00582518111723318,0.0,0.0,0.0,0.0,0.0020689095749642818,0.005691870529464014,0.009520750102280944,0.0,0.0,0.0,0.011119664060987564,0.20522221016280437,0.012271858812041694,0.0,0.0,0.9853833405385156,1.0,0.09504810710492202,0.10070409390413926,0.0015677813555104458,1.0,0.047374530297602066,0.054914730141371736,0.07292405281996135,0.010162220413734416,0.027358770079870007,0.0,0.0008223148334194606,0.9910061791369994,1.0,neptune,0.00160872267856942,0.9787251714543913,0.0,0.0,0.0,0.0,0.0,0.0,0.0,0.014474280052862096,0.012837885501042241,0.007964492079559163,0.0,0.0,0.011962040971478398,0.0,0.0058220032052684265,0.0,0.0,0.0,0.010121228010945147,0.004634317540601895,0.013996515759824335,0.02032914400089922,0.0,0.0015457164887668466,0.0,0.0,0.004973405457014667,0.0,0.0,0.0173227202059827,0.0,0.0019116760438956625,0.0066664792141829365,0.024074539046342384,0.0,0.0,0.0,0.0,0.003955121165577259,0.0,0.004318264584408984,0.017620824304347197,0.0038727302576281185,0.0034571248500985803,0.002670577535867199,0.004994819109242139,0.016481812252171445,0.006908410525397238,0.016981677287591812,0.009306650573001167,1.0,0.0,0.010224808690100996,0.008357603234098876,0.0,0.005581017013839519,0.0,0.0,0.007188199004705099,0.009232303153724686,0.0,0.0032645770738258142,0.0,0.00887661866027385,0.0,0.0,0.008637442059752691,0.0042288767766653955,0.02367260035960403,0.00043130663484988903,0.0009882274652913024,0.007165456463577588,1.0,0.016970821246033625,0.0,0.003998578271281988,0.0013138642046965235,0.019393037809440725,0.00987278084328727,0.0,0.0,0.007037930971546925,1,neptune,DoS
0.018205678930603385,0.012451072505180306,0.0,0.0,0.012822185953775827,8.949082487058338e-05,0.0,0.0,1.0,0.010757024470176398,0.00920742753798682,0.0,0.0,0.011395196255568951,0.0,0.0,0.0,0.0,0.02331203353939225,0.03545975229725688,0.04295804391761026,0.0,0.0,0.0,0.00871029608977731,0.9985591259667884,0.0036667811815527707,0.0,0.9860369379641751,0.9910806947036661,0.9894006988318637,0.016754136086309396,0.005488974035620051,0.0,0.0,0.010957119848416894,0.0,0.005500135364731025,normal,0.0006131809572487828,0.992727319147132,0.01551054772988455,0.0066420713749142605,0.0,0.0025191909907235454,0.023322486943707747,0.0,0.0,0.0,0.0,0.016835143667761652,0.008530751954167725,0.018145009352380646,0.0,0.0,0.0030073983012378243,0.0,0.013839714004322443,0.0,0.0039185870751662355,7.49023679131493e-05,0.002419890479326689,0.027625870172239754,0.0016647200475724524,0.01678617462370172,0.0,1.0,0.0,0.007279557967256259,0.0033042149687787575,0.0,0.0,0.005844003031667495,0.0,0.0,0.0,0.005775384470239355,0.0007663665041373577,0.0,0.0,0.0017039116403765665,0.0,0.0,0.0,0.0006592351680865102,0.0,0.009678002555446022,0.013354015486049682,0.00366249517175529,0.0,0.0,0.0,0.010757760294340522,0.0,0.005162780598202845,0.0,0.0,0.0,0.0,0.0011751873005429788,0.002398387037632414,0.0,0.0,0.0025988656312424226,0.0,0.0,0.0020585676680443554,0.0,0.010782909097161923,0.0,0.0,0.013570676968209046,0.004674532019761963,0.0,0.004100622335256008,0.002182019436043053,0.0,0.0,0.0,0.004371122136522836,0.004848132471836684,0.9963789560904738,0.00415002401933912,0,normal,Normal
0.02050679363350384,0.0,0.0,0.003290282973093196,0.0,0.021930963167539223,0.0,0.0,1.0,0.003517072899382761,0.0,0.010404064568749323,0.0,0.009149323858172763,0.0,0.0,0.007571862599932278,0.009216641417537098,0.0,0.015506709154840155,0.008771406873312985,0.0007631613497381192,0.0,0.0,0.01613045953360808,0.9856323662350974,0.0,0.012795411958280234,0.08684719040231552,0.07539923955015908,0.679258076457966,0.108538686904893,0.03792464323608341,0.008693763383350948,0.0008713858656817167,0.0,0.008526574737858074,0.0,normal,0.0,0.9792133702019356,0.0,0.0,0.01963731351748669,0.0074002251653246245,0.0,0.0,0.0,0.006798017970707174,0.0,0.0,0.0005417801624661,0.0,0.0,0.01640781664001931,0.0,0.004181826600632901,0.003583003097595421,0.0,0.0,0.006497661548102657,0.007490491096303068,0.02606220090948376,0.0016378000371066665,0.0,0.0002695249895245544,0.0,0.0033706330738589845,0.0,0.0,0.00303019923822685,0.013015221374170508,0.0,0.0024600596540827217,0.0,0.0004771206326931679,0.0,0.0012714869676467993,0.0,0.0,0.0,0.004244187994954689,0.0,0.0,0.0,0.0,0.0,0.0,0.009732892508313698,0.006927801485990882,0.0028396260169339473,0.004312531931207854,0.008814283307939772,0.0,0.006451769108270526,0.0008896091290841946,1.0,0.003928415756283733,0.0017619896300638252,0.009938731069626896,0.0,0.0,0.0,0.0027515074343501234,0.003081290407053627,0.001071884110903876,0.0,0.0,0.0,0.01631619937110591,0.007915205625269288,0.0,0.004392651114825595,0.011969082585373826,0.0,0.0025450176135221707,0.0,0.0,0.00900521035787482,0.0,0.0,1.0,0.004531699407171422,0,normal,Normal
0.0,0.011859093000848161,0.00844515443344337,0.0,0.0031022626421047294,0.00748752494240464,0.007306522037576573,0.008632802956607065,0.9862070269970936,0.0,0.004759647827622257,0.020518904412500406,0.002772860420533729,0.014387872987387269,0.00805600383659277,0.016140974809759026,0.0,0.0,0.019337536564296747,0.004709209206903105,0.0,0.008019790165022841,0.004697195960489132,0.0012636228066610624,0.0,0.9992492885025105,0.015186562256590007,0.0,0.013516791875677281,0.9832000858192997,0.9868886695059099,0.0,0.23657443308349993,0.030187805362707206,0.0,0.0,0.0,0.004908547186950165,normal,0.0,0.9803144557288946,0.008384821681883285,0.003930036460663272,0.0,0.017995343959839486,0.008682395694455655,0.016651542876098623,0.0,0.0,0.03236660713394265,0.0027371822972260106,0.0,0.0,0.0,0.012909630021040109,0.0,0.0034782248783877387,0.00667580252517157,0.005656378232313099,0.013366612754150454,0.0,0.0,0.006689773063027247,0.012827880641084801,0.018098546167921108,0.01628173268942574,0.9867790417008463,0.006593747215695958,0.0023721094902232915,0.000422840143578237,0.0,0.0,0.010392616443237721,0.00929358781877708,0.0,0.00451100781117319,0.0,0.0012120974648496471,0.023774014958059607,0.011504524787727082,0.0,0.006822122580750629,0.0,0.019735593441911115,0.0029879035491232283,0.002850315352358293,0.0,0.012160116361740515,0.01660675275673863,0.011184894181849822,0.01096445564552661,0.0067786929406889376,0.0,0.004649300957427977,0.0,0.010280386726081073,0.0035378680212141186,0.008396850552658371,0.0,0.0,0.0,0.003675965656627255,0.007495169887667456,0.00532910347392251,0.014102558774417113,0.0,0.0,0.0,0.0,0.0,0.0,0.011008971203900828,0.0,0.0014937492958086538,0.010065612281991612,0.0,0.0,0.0,0.004125872195046979,0.0,0.0,0.9922011694940548,0.0,0,normal,Normal
0.0,0.0,0.0,0.0017990612608716986,0.0,0.006102383604423036,0.0,0.0,0.0,0.0,0.006868193876557655,0.0,0.0,0.011829814005883224,0.0,0.001084415696091648,0.0,0.000664346768465512,0.0,0.14543296946011766,0.0,0.014024598662464471,0.003815640222730662,0.0,0.0,0.049614755663725946,0.6829250565310062,0.0,0.9901241839061128,0.006093003628024417,0.02197075147361261,0.7616156772837201,0.7110381558006453,0.0,0.025733169464469952,0.0068418915091826606,0.2530659606207087,0.0,normal,0.0030868291467070212,0.0008294474926582877,1.0,0.0,0.002858838124965184,0.016293850530247848,0.0,0.0,0.0031051708241742098,0.006246602196698595,0.0,0.008186889851553757,0.00935615536438021,0.0,0.0019129168986312707,0.004530016347544444,0.0034404112855868658,0.0016307729545616564,0.00934442498739269,0.0,0.0,0.00403875190876381,0.011468662765926188,0.0,0.0,0.01210037100914627,0.011255671406282353,0.0018976325362586976,0.0,0.004883251903154446,0.0,0.015195388218923996,0.0,0.0,0.0,0.0,0.010588328541461389,0.0,0.0,0.006213651856406628,0.0,0.011898151735741982,0.012162971131033259,0.009978149065016642,0.0,0.0,0.0,0.0,0.0,0.006080067311705728,0.0,0.0015298970560075164,0.9961488358014949,0.01574283847282785,0.005473838260066247,0.005959389181891348,0.0,0.0,0.01504138097795138,0.003075786444608845,0.0069596531658375,0.01883483406993428,0.010177636388450656,0.0,0.0,0.0,0.0,0.003413594414058382,0.0,0.0026135767512675133,0.0,0.0,0.010488413568042977,0.0012407822405648508,0.00799392742232668,0.006917904067668643,0.0001439823649613031,0.0,0.0020338550150329486,0.0,0.0,0.01059047990771855,1.0,0.008231959747586962,0,normal,Normal
0.0,0.003059750473267547,0.0,0.0,0.0,0.006805726613775987,0.0,0.009404553660869465,0.0,0.023560439507614547,0.0,0.004652472394857831,0.0019386087486658755,0.0,0.00021977521674421574,0.008791493091758619,0.009760946612013077,0.0,0.0,0.9929196848244073,0.989161900008508,0.0,0.005283628543485171,0.0,0.0,1.0,0.0,0.006748275777142015,1.0,0.9968935745275381,1.0,0.0,0.8870801970801694,0.0,0.013360531889392268,0.0,0.0,0.0,normal,0.0,0.0,0.9924873834039649,0.0004100282275280114,0.0,0.0,0.0036131988584981473,0.0,0.0,0.0,0.0,0.0,0.0,0.0,0.0,0.0012805864962410107,0.005497157396038938,0.0,0.0,0.0,0.014936905659536042,0.0,0.01197732547124903,0.0,0.0,0.008968832786102672,0.0015919031012920563,0.0,0.008607696634434876,0.008680435264293662,0.0,0.0,0.014234735899041848,0.0,0.0,0.0,0.005224175729765006,0.002051165541402542,0.0,0.0055855775909065776,0.0035718676709919584,0.007253143829163354,0.0018327930864012968,0.0056352626959585116,0.0,0.010759707417294708,0.011442754606473126,0.0,0.0,0.008003038053141114,0.0,0.0,1.0,0.007062686477493286,0.00983780087405741,0.0,0.0,0.0,0.0,0.0,0.0,0.007022034518171136,0.0015333264849620135,0.0,0.0,0.005657878535033545,0.0,0.02043157512497162,0.0,0.0,0.0,0.004088898220884367,0.0,0.017706987499979024,0.0,0.0,0.0,0.0,0.0,0.0146759227793551,0.015003910430669835,0.0,0.9947279899274055,0.0037434120130678773,0,normal,Normal
0.008671530690541794,0.0,3.97357416808525e-05,0.0,0.0,0.008811282701355859,0.002383271278744575,0.0058653317760132195,0.0,0.002628967006757765,0.01201512628269245,0.004376561770129461,0.004137284086724899,0.0024913824987710487,0.023060750453690493,0.0029006666061510474,0.006188640180129405,0.007749775637125974,0.00684742372949938,0.011247743194864216,0.020342063988524457,0.007204031554845541,0.0,0.0,0.0,1.0,0.008587916060489826,0.01026075638685296,0.6950022519372709,0.09192347563978959,0.14702911128678187,0.031584414570403355,0.13361581100771885,0.003032176826228744,0.0,0.0,0.00045684029470237256,0.0,normal,0.0,0.9987820971461423,0.0036507256223292893,0.0,0.015287586563866352,0.0043689526277259205,0.0,0.012216848979265414,0.00788385973978702,0.0,0.0,0.012336621900915954,0.0025845683366843585,0.0,0.0,0.011578647321798332,0.0,0.0,0.001054226073526218,0.0,0.0,0.0,0.0026124899090190696,1.0,0.0061987009678618156,0.011822466569659374,0.0,0.003687595397709768,0.005782822775487155,0.008096379446822182,0.0,0.010008198302699247,0.0,0.0,0.010026121668283785,0.0026210703654605694,0.010864650432532609,0.010231284661369543,0.0,0.0,0.0,0.013590648403948023,0.0,0.0,0.0064865641277286595,0.013487358354000997,0.0,0.0295283673202342,0.0019911064859240916,0.00027667121696332186,0.0,0.0110376760347519,0.0,0.006083096643078953,0.0,0.016579872507844203,0.0,0.004380641383655208,0.0011715101357959313,0.0,0.0034255292105321127,0.0,0.0,0.0,0.0,0.0,0.0,0.0,0.0,0.005816538187626813,0.0,0.0038819905079965824,0.011290495461957232,0.010052193203673175,0.0020778870059023472,0.0,0.007107487647280953,0.0012943949379022172,0.0055894959131529845,0.012278073318670576,0.009813346150255309,0.019241072225526262,1.0,0.0,0,normal,Normal
0.0,0.0,0.015620880482331925,0.0,0.0,0.014666271615785214,0.0,0.0,1.0,0.0,0.001089352464334487,0.006131634508851974,0.0,0.003365914837510088,0.0,0.01648431101164923,0.0,0.0,0.006048144836679578,0.013619365676072161,0.030751302870091094,0.0,0.00763764949819604,0.003356406821307939,0.0,0.9991035509122327,0.005441190539877076,0.11596772898577262,0.9947438705452151,0.984157922171418,1.0,0.0028273248562298405,0.0,0.002736050435956642,0.0,0.013480653431501849,0.0,0.016488236297132752,normal,0.008462108034923253,1.0,0.0,0.004409436137058612,0.0051486797000422505,0.0,0.0,0.014964650390919263,0.0,0.005174521224656042,0.00201070495123377,0.0,0.0,0.005164919532239904,0.0,0.0,0.0,0.0001739150274490132,0.004245233007250896,0.0,0.010841355398511762,0.010767842050200935,0.0,0.0,0.0,0.0,0.0,0.9877461735172209,0.01272304409828338,0.0028543199060604807,0.012767392193666387,0.0,0.0015939036380340052,0.0,0.0,0.004401866647796296,0.0029249628470252964,0.0,0.0,0.0,0.013466245865225164,0.0026348447936222997,0.0,0.005249356271126893,0.00856608177453276,0.0,0.0035166406067297933,0.0,0.00046007478881669777,0.0,0.0019148298372410324,0.0,0.0,0.0,0.009011613250887982,0.0,0.0014272296538764082,0.0,0.0,0.001814703206095654,0.0,0.0,0.0,0.0,0.0,0.0,0.029909826026051557,0.008850334355050962,0.021619865391378956,0.0,0.0,0.0036458502721429605,0.001976256033503224,0.0,0.0,0.006626163008234876,0.00483767085384291,0.0,0.0,0.004042780496014141,0.0,0.0,1.0,0.0,0,normal,Normal
0.0,0.0,0.0,0.0,0.0101782146763962,0.0,0.005464522707946904,0.00966697594829012,0.013737921574839782,0.0,0.005579655037144644,0.0,0.0,0.0,0.003272880446298594,0.009154086567366736,0.0,0.0,0.0,0.26107314367128087,0.035401067799680934,0.0,0.0,0.9760614508913912,0.9846599097549331,0.15306778346678687,0.04090152157427078,0.009768746022747384,1.0,0.07365870647895612,0.07152693879767112,0.027880695653666715,0.006829996510411186,0.0,0.013791872742011964,0.002754953052296456,1.0,1.0,neptune,0.014520872840920327,0.9973638293959979,0.0,0.0,0.004768806594281516,0.01358289950313784,0.0,0.005841710731249218,0.02340094381721228,0.005695618250092953,0.010007049082727069,0.0118959688364841,0.0023074526033219677,0.005581585705292093,0.011625150829047482,0.019577178544615763,0.0,0.00480747108618106,0.0,0.0334839919098755,0.0,0.0016742650030353089,0.0,0.0,0.007991187528495015,0.003988214816917309,0.014597666195741866,0.0,0.00885277366673365,0.0020943682705208836,0.0017356917735531702,0.0,0.0,0.0,0.0,0.009507236207563597,0.0,0.0012574588119682825,0.00389782643089419,0.005575402793087154,0.0,0.0,0.01182347645696119,0.0,0.0,0.0,0.004031065866781652,0.0058284422377406974,0.004184987043577234,0.015401410674504281,0.004742838080172676,0.0,1.0,0.013405639069957736,0.0,0.0017811140019533174,0.008786856233699793,0.0,0.00281728865981511,0.0,0.0,0.0,0.009847998905000585,0.008245676805973759,0.0,0.018136742487397772,0.0,0.0,0.0012421307997747876,0.0,0.0018245520824029717,0.0027047801539635758,0.00588226865200254,0.0021302688363176395,1.0,0.0,0.007219290179711916,0.004485820520281284,0.0,0.018660149748907208,0.0,0.0,0.0,0.02642631574580913,1,neptune,DoS
0.013739801322951618,0.007049483866815187,0.0,0.015471396866806316,0.01649372202963005,0.00657356281163775,0.0,0.0,0.0,0.0023905510190392223,0.007405133240211992,0.0047980128676023285,0.0,0.0,0.0,0.0,0.0001441534494532813,0.003945594475884348,0.004719689052784472,0.42475134894137395,0.4243610031837604,0.0008606551972535268,0.0,0.02127127730126149,0.010366872712110264,0.9911638139314782,0.0,0.0,0.9937613357348699,1.0,0.9897980860481833,0.0,0.9920974985409639,0.0,0.0032240480589560763,0.004160863848163888,0.0,0.0,smurf,1.0,0.021933150057239705,0.0,0.0013838492993373153,0.012654247284885923,0.009288449312414564,0.006964821089093645,0.0024372801006325683,0.0,0.0036712006541702244,0.007020191927307339,0.0005999082316020842,0.01679189612615769,0.022969378013149227,0.0,0.015030824890031547,0.0,0.009993774079667051,0.9907189422084822,0.0,0.0,0.0,0.0,0.0,0.0057743966645082525,0.025193404748375895,0.014118387129120924,0.0,0.0,0.0,0.011017692187404128,0.0,0.0011453349037386991,0.0,0.0,0.0,0.0,0.0,0.011768276637451993,0.0,0.007561119090368234,0.0,0.0,0.016300938364898515,0.010065949308262696,0.01381007129917603,0.021194103531799322,0.0,0.00459480128984563,0.0,0.0,0.0,0.0011191544536709173,0.0,0.0,0.007169974679400839,0.0,0.0,0.0,0.0,0.0,0.0,0.0,0.004086690144652503,0.0,0.0,0.009608444738428324,0.019077411049338987,0.015000387836559768,0.012956612404700966,0.0,0.0,0.0,0.014675320116085105,0.0,0.01525450596665177,0.0021353182448151436,0.0,0.001964707431292913,0.0084954705488437,0.0007185427063268045,0.0,0.9943989244072442,0.0038507982221827313,1,smurf,DoS
0.0012771107508078702,0.0032226353511601684,0.0018210418335616978,0.002387516937964576,0.0,0.0,0.004734404437056845,0.0,0.0,0.0,0.0,0.011394008567843606,0.0,0.0,0.001762276659110201,0.0035875012215673425,0.002269702473856762,0.0010732601806651579,0.008766540848551546,0.9505173518562874,0.9550075247629163,0.0,0.004651278201954342,0.0023501217461390405,0.0,0.9991893574070614,0.004225184556995051,0.0,0.9938355303616366,0.9817551252779478,1.0,0.0,0.9889097674367999,0.006348760822653295,0.009880217532036802,0.0,0.034945619132033263,0.005629692135865814,smurf,0.9713461733985869,0.0028871827626551893,0.0017901811204928285,0.0029778238931932655,0.0,0.0,0.011783915703407533,0.002403715707749009,0.001492918779370436,0.015896394882519628,0.0,0.002961472111375388,0.014727872147179352,0.0,0.0,0.0,0.0,0.0,1.0,0.0,0.0019087687150974566,0.0,0.006191989898195548,0.0017241015038530092,0.0,0.0,0.0,0.0,0.0,0.00733698490242201,0.0,0.0,0.0,0.014465909503111366,0.002335610802444516,0.0,0.0035750953202259923,0.006385912510637504,0.0,0.0,0.0,0.02516003281779426,0.0,0.00631832018374936,0.015456501243323997,0.008006563632089007,0.0,0.0,0.0026386534405688352,0.009546382065724808,0.0041265603363807085,0.0,0.018345678312862747,0.004245924302086733,0.0,0.0008485752208882433,0.00808665007367176,0.0,0.0,0.0,0.004711944716122075,0.0007866831439463148,0.0,0.023950834212753184,0.0,0.01078237242444933,0.016993387704568066,0.011431393990716495,0.005618765168776108,0.0,0.0,0.0,0.0009418185439553976,0.0,0.0052641338186732445,0.0,0.0,0.0,0.012364172636877939,0.01513449327158827,0.0,0.0006817949355101553,1.0,0.0,1,smurf,DoS
0.0,0.0034630842371488695,0.0,0.0,0.0,0.0,0.013002884026687898,0.023258999212554178,0.0,0.0031631017482600756,0.0029702509547181654,0.0,0.0,0.0,0.0,0.0,0.010000402646227629,0.0,0.0,0.0005051356193056101,0.0,0.0,0.0,0.01114515598569444,0.0,0.9990920922169031,0.01225814149501555,0.011555827999617184,0.0,0.4393353184263288,0.9936091410170295,0.0013578323588061417,0.9952168477804401,1.0,0.02405850113702961,0.0,0.0,0.008703537803756654,ipsweep,0.9858578101222338,0.0,0.006895989936837218,0.0,0.012535327561102205,0.014206873429135824,0.0,0.01044054413480233,0.015257847363748567,0.011600003246955561,0.0,0.002499563668535614,0.006555012142994904,0.004626774741559815,0.013486854548523775,0.0,0.0,0.9917187838853255,0.0,0.0,0.014265495833610704,0.00028254985519768046,0.0,0.0,0.0,0.0,0.012765483049802635,0.0,0.0054760711776508575,0.005951944789755093,0.005163971826857781,0.0,0.006255260919832127,0.0031095861982019185,0.00048134747064221137,0.0,0.008264053949915756,0.005875010945417626,0.0,5.265295582925143e-05,0.0024060384632559957,0.0,0.0,0.01094909407475343,0.020671215731043496,0.0,0.01868783714550241,0.0,0.0,0.0047183140603721295,0.013200945324206546,0.006638448137033513,0.0,0.0,0.0,0.0,0.0,0.016092378453874102,0.015215243189362095,0.013641773172746086,0.011547710921715217,0.0,0.0,0.007687965323028578,0.0014827892639714894,0.0,0.006925271157193474,0.00044874433101809125,0.017751486376586318,0.0,0.0,0.0,0.003853289247940538,0.0009817628998177981,0.015212943225739049,0.005815540281637732,0.02211483143140532,0.007792638330965797,0.0070588186657059996,0.0,0.0,0.0,0.9963313163740438,0.0,1,ipsweep,Probe
0.005114336704065901,0.0011872743839259397,0.0,0.0,0.0,0.0,0.009737171952981367,0.0,0.006571855594672613,0.006175389646065508,0.001542790371543343,0.0,0.0,0.0,0.002154822835895603,0.016221607276667813,0.0,0.0,0.0,0.4841230467705171,0.018395474950947874,0.011909741751075148,0.0,1.0,0.9994308897286504,0.021453266959222787,0.06907296524392309,0.006988697814401875,1.0,0.05468463632208065,0.048811831758540404,0.08129757152181585,0.02408523361667786,0.0,0.002599724430149509,0.0,0.9917233134419252,1.0,neptune,0.009457065275164163,1.0,0.006976320386760317,0.0,0.0,0.0,0.005793508894712707,0.010832926497317891,0.0,0.011540732604630023,0.005017443289381091,0.0035378977146645054,0.007389524178149055,0.0,0.001852570875624954,0.0,0.012457324753574599,0.0,0.008413750897771258,0.012122590773389652,0.006992126111142678,0.01104792782811677,0.003983383889814573,0.002282060389730232,0.0031214153298854165,0.0,0.0,0.0019129508154221472,0.0011349560281375775,0.009438927634623187,0.0,0.005361097752723878,0.0,0.0,0.003298949904286708,0.011663016818289289,0.00039320050696682997,0.0,0.0,0.0,0.0,0.0,0.0,0.0,0.0036748150963852267,0.011210624361469539,0.0,0.0,0.0,0.0,0.004912624957650292,0.008979475824851247,0.9762091882455352,0.009657747672644521,0.017475147807727645,0.0011122975063497507,0.005330865685174852,0.009830414246968318,0.003548610090140319,0.0,0.00978085691727473,0.011756833953377233,0.0005587513007776347,0.0009798172678417614,0.008949464404402823,0.0,0.0,0.010153774286257742,0.0,0.0,0.020921351510563863,0.0,0.0116592526196808,0.009103172519071853,0.9950093884575315,0.0138736774920618,0.0,0.013165003593974193,0.006557698590848697,0.0,0.0001880615457185788,0.006285985240733296,0.0,0.0,1,neptune,DoS
0.004298189444843805,0.015941776419492022,0.004439908900562205,0.0061286685386428294,0.0,0.013244416668367264,0.0020759026406438974,0.006970777623018026,0.018942180761076673,0.0,0.011371377649264231,0.0,0.010069297304007659,0.0,0.011280764038128806,0.003925674821041928,0.0,0.01891665667430453,0.014208004404691775,0.23400374924317519,0.0,0.996649299541236,1.0,0.004555633405747939,0.0,0.031451878964315116,0.07594262586994023,0.005599658388386145,0.9995158481299375,0.0,0.022515442382560494,0.058126929808703404,0.0,0.005150081742636972,0.9829965858515761,0.99641538883061,0.0,0.0,neptune,0.0,1.0,0.0,0.007160902576059392,0.00797149879938817,0.007501028085993523,0.01566131274932101,0.007472944006439677,0.006503372497844894,0.00446709367039411,0.0074861904563775315,0.0,0.006861913518192631,0.00649377107110386,0.01373392370010736,0.00806001320370463,0.0,0.0,0.010838230462718392,0.0,0.0012436117939011828,0.0,0.0,0.0,0.0,0.0,0.0,0.0,0.004635310937766741,0.0037806700601728427,0.0,0.011799035568020063,0.0,0.0,0.013086286520703955,0.0,0.0013070215883119118,0.0,0.012539219737755194,0.0030466683088735316,0.0,0.0021464036976275424,0.013043853521187327,0.0,0.011006261274303507,0.008929502283331447,0.0026102647972728833,0.010892966586647368,0.0,0.008424673903547281,0.0047863345068275415,0.010664930934726693,1.0,0.014041281320109907,0.005440429552377589,0.014686989004983171,0.0,0.0056367578963858155,0.0,0.0,0.007683901754747843,0.0,0.0,0.0,0.0,0.004096267967508233,0.005640956071201115,0.0,0.0,0.003158228642556249,0.0038083835407085615,0.0,0.0,0.0,0.0,0.003399885874394726,0.007279301230758076,0.007111835583739893,1.0,0.00868745090039498,0.0063685329286524315,0.0,0.0035799562838222075,0.0,1,neptune,DoS
0.0,0.006774823261178932,0.01441247859738126,0.0,0.01629557532783055,0.005341311342687811,0.0,0.0,0.9996885860295279,0.0,0.0,0.0,0.0,0.0017557649953369638,0.0001815550610942034,0.01845198623786599,0.0,0.0,0.0012948464011856317,0.0018243343552651146,0.012186573536100793,0.0,0.004189120024974514,0.0,0.0,1.0,0.012527090838730846,0.0,0.018391633577369813,0.9960952179533091,0.9993818896659037,0.0,0.21136173367101027,0.060423692879028115,0.0,0.0,0.0045348497065695785,0.0,normal,0.0021682693707528807,0.9975358712520167,0.0,0.000523178509711955,0.007782705487592004,0.016335155946999087,0.0,0.006401540673226831,0.0,0.0,0.0,0.007010791437804963,0.0077979713606125605,0.014165445551671593,0.010903436659602002,0.009884178348178658,0.0,0.0,0.007945940069528491,0.0,0.013741069159795918,0.0,0.0,0.0,0.0,0.0,0.0,0.9954856994217656,0.0177222841908839,0.0,0.0030622432994210193,0.02857731563298492,0.0,0.015303648588246786,0.0,0.006097306765123301,0.010609681719425038,0.011624928942433492,0.0,0.0,0.0,0.0,0.0,0.013965883415811474,0.009678454193405593,0.0,0.0,0.0074746847820704836,0.0039879635030869096,0.00415973595926904,0.0,0.0,0.0,0.0050127650760570805,0.00944537863663483,0.00911136067581821,0.008544296289148481,0.006626228507908325,0.0,0.0,0.0,0.0,0.018572810342604513,0.0,0.0027722277814067665,0.0,0.01103589723440819,0.002744718402214465,0.007981605616891789,0.008617151140463176,0.005376412023563835,0.0,0.0013173930713944937,0.010499021444822381,0.0068605647721127995,0.0,0.004882744027618984,0.006219984027623198,0.0,0.0,0.003502898269742084,0.001062473294814411,1.0,0.005834326991920616,0,normal,Normal
0.01892686958165583,0.011684098955648144,0.006141386444173878,0.003569653030240171,0.0,0.0,0.0,0.006873527790610715,0.016657012478598125,0.0090476253076944,0.0,0.01079952910968101,0.007532156598983871,0.01780013081630037,0.009237045199949062,0.0011232570825222394,0.0,0.005922295557136046,0.0,0.2345283515728116,0.008574545129257555,1.0,0.9976307985442575,0.0,0.0,0.1088573103212153,0.05670077248280243,0.0009593928375379432,1.0,0.03969161762605889,0.03486760946534791,0.048828441347657264,0.0,0.006521641975939544,0.9990490080461031,0.9954869751243276,0.0,0.0,neptune,0.01517446474782237,1.0,0.0,0.014148689846412535,0.0010872212314019419,0.0,0.0,0.002407439738293432,0.0,0.0021078472439829844,0.0,0.0,0.024910525181109346,0.01061936084122661,0.007568648090931754,0.00452091802646051,0.011238703936414974,0.019918694637106698,0.0,0.0015913476452300446,0.01120645163593378,0.0,0.004038186742989307,0.0001780006667898189,0.0,0.004448594144200194,0.0054209963094620905,0.020139850965145274,0.0,0.006080780953540096,0.0009415649471080229,0.0,0.023624398839992528,0.0,0.007861583533736264,0.0,0.009012518341057995,0.0,0.0,0.01222139443303734,0.028879140081497577,0.0,0.0,0.0,0.0,0.01703969697962356,0.004463298529511698,0.0,0.0,0.016114835706566112,0.0,0.0015949330282890423,0.0,0.011146301403838526,0.0,0.0028812446228279115,0.013988511009474078,0.014545504231920749,0.007002462094963189,1.0,0.022949739531356084,0.0,0.0,0.001570900889422618,0.0,0.0,0.0,0.0012988117629824042,0.0,0.005193943324238381,0.0,0.0,0.0,0.004400420478579676,0.0,0.008228246297930782,0.0,0.007865093672159379,1.0,0.008602120610442014,0.002560935162122215,0.01297506566177981,0.0049521741316852766,0.0,1,neptune,DoS
0.00019222126788817,0.004707390806115146,0.0017782726888540966,0.0,0.0,0.004075933468287144,0.005274347987319007,0.0,1.0,0.0,0.0,0.011264659447697457,0.008941789029688318,0.0013332056255940111,0.005754272547653181,0.0,0.018995019924105926,0.012672891401077144,0.0,0.029870580752320987,0.04490802012195076,0.0,0.003476910783670414,0.015969344986608777,0.0,0.9969417874290077,0.0036695410267195143,0.2041761869588944,0.7413372055209141,0.9901451040653796,1.0,0.011994299379454516,0.00902544163639259,0.0004704906196692695,0.008205114811286366,0.009903208463374101,0.0034720376362648905,0.0,normal,0.0,0.9981462694174148,0.0,0.0,0.0041640965075196825,0.009226400270685286,0.0,0.0016995146841369032,0.0,0.0037803238563976576,0.0,0.0,0.0,0.0,0.0,0.0,0.003043314520909559,0.0,0.010543501583558641,0.007839051211960733,0.0,0.018427779713995,0.0038326993312442106,0.0,0.0,0.0,0.0,1.0,0.0,0.014807743616838856,0.012230962224963638,0.01407221375498816,0.013467949340132932,0.0,0.0025536589562200184,0.0,0.013137507911858134,0.006701671343405868,0.0,0.01616792107337747,0.009843125441135431,0.0,0.0,0.0,0.0,0.010890149505039042,0.003665767960531135,0.005666323572537247,0.010940632238785424,0.0,0.017181731980391836,0.001078751422659641,0.0035790595817783446,0.0,0.0,0.0,0.0,0.0,0.008794630133741505,0.0,0.0,0.0,0.0,0.001078639946564398,0.0,0.0,0.0,0.0035496923281858606,0.0,0.010389981717715123,0.0,0.005568952257305493,0.00018366622480531073,0.0,0.0,0.0,0.01817370401061801,0.0,0.004775931770995137,0.004855676219635518,0.0,0.013553071193620652,0.9892455215075171,0.0,0,normal,Normal
0.0,0.01193426799232223,0.00035028392609025836,0.006784182087575594,0.006537837950544795,0.0,0.030409786044167372,0.0035125212724575372,1.0,0.009316502769739016,0.013550084966416052,0.002553066180057434,0.0,0.004194500371374276,0.0,0.013632371595543298,0.0,0.0,0.0,0.00012358927778072237,0.03890923755663618,0.0011945697495124722,0.013940555414972893,0.0,0.0015196211669654355,1.0,0.012638769560760252,0.14977793349607582,1.0,1.0,1.0,0.00299333643400843,0.002380837695734148,0.031680105224149116,0.0,0.0,0.06551618928191404,0.07871613326113297,back,0.006141996174911468,1.0,0.0,0.0,0.0011728358008764976,0.004326442603120831,0.0,0.008282877596698357,0.01183231125324245,0.0,0.011881461852968496,0.0,0.012496616774852786,0.006701710124745772,0.010567614363743297,0.0025001811824088478,0.013272596362684264,0.01239954261734745,0.003804477712668393,0.0,0.0,0.0,0.0,0.014262363930450198,0.006416538263930198,0.009310453309779889,0.0,0.9905669373948435,0.0,0.019643441383836814,0.007435241520568898,0.014404628550921257,0.0028851491668553148,0.004693322454454279,0.025574731081880187,0.0020487998269335416,0.0,0.0,0.0027256130904454337,0.003236935090991609,0.0,0.0,0.011208635404782277,0.003404245014127237,0.0008826519766893378,0.015137614262244796,0.01577318087490939,0.015397451406902157,0.0,0.0,0.0012029826675990537,0.007446261918799566,0.0,0.0,0.003506828206143807,0.00033316760258375887,0.0,0.015157187275873651,0.005177239016665029,0.000545171560246645,0.0,0.00797319456527541,0.0,0.0,0.0,0.0,0.0,0.01917920418780707,0.0,0.0,0.002655626858433873,0.0,0.007905836312370754,0.0,0.0017404388365460305,0.0,0.011548765704941762,0.0,0.0,0.0,0.0,0.0,1.0,0.0,1,back,DoS
0.0,0.0,0.0,0.0,0.0,0.0,0.0,0.0,1.0,0.0,0.0005517482307138981,0.0,0.0,0.0038232827088272555,0.0,0.0,0.018705330040765574,0.000305385607793328,0.002223962738543648,0.0014864428766028634,0.01758015901457639,0.0,0.002346125397427728,0.0,0.017703157978685064,1.0,0.0,1.0,0.03441357421626264,0.23571998804527178,0.9843815221517193,0.0,0.17296713270302855,0.029373997980549908,0.0,0.0,0.004394924683873369,0.011044714995020742,normal,0.0032208644940052433,1.0,0.0,0.009088979496449146,0.005393441798636581,0.0030897690290861606,0.009604358980573938,0.0,0.008406433799699376,0.0,0.02313585026058738,0.0,0.0031336027695728925,0.0,0.0,0.0021826674716127993,0.0,0.0,0.0,0.016534806652050718,0.0,0.006930051136012826,0.00032641360404804586,0.003753103264927452,0.012581383164024393,0.0,0.012552326953005837,0.008093694380138374,0.009508867370627967,0.009183068646738247,0.0,0.0,0.016683741833665618,0.006568148339332317,0.0033646253719688208,0.0,0.029233874127038137,0.0,0.0,0.0,0.003576226844100194,0.005439328607388271,0.0032455531571515127,0.0,0.0,0.0,0.013400998198204742,0.0,0.020523804056303514,0.0,0.004582604201154437,0.0040513428490737535,0.0010081830050174111,0.0,0.0,0.0,0.00930704104979888,0.9964538712114448,0.004880325356082392,0.0,0.0,0.00619863153874969,0.0,0.0,0.008583924788939542,0.0,0.0,0.006711996319773123,0.0033324889965284598,0.009890492183925617,0.0,0.01202400563918609,0.0,0.010133286297224948,0.0,0.012613479858972584,0.00770472406404323,0.018354443994109387,0.0,0.0,0.012587812780737291,0.005019987155251692,0.9887372653771449,0.010874688763844693,0,normal,Normal
0.0,0.0,0.0074722981604401885,0.003206363878195533,0.006782814565039524,0.005488360583180215,0.0,0.0035832601049032155,0.015327687643775583,0.0,0.0,0.0,0.0,0.0,0.0038397958720630242,0.009097204728241581,0.0,0.0030968818295686457,0.02230274645963826,0.46304321187366665,0.04241638362702929,0.0,0.0068778711819920185,1.0,1.0,0.09182412795704306,0.06859126952467047,0.0,1.0,0.0696025916837419,0.08047337489696406,0.07250556957146367,0.0004680047543540189,0.002032748209366989,0.0,0.0,0.9991838601764548,0.9992655734457017,neptune,0.0005990866146529215,1.0,0.0021058614061622584,0.0,0.0,0.0,0.01602544286039644,0.0,0.008948375834567777,0.011121153647507159,0.0,0.008603784525760026,0.008298682999940939,0.0007627675908763896,0.0,0.0,0.0,0.010782794943454447,0.0028519003499098655,0.0,0.0,0.001591546841920278,0.0,0.0,0.00339832782935039,0.002462399073266068,0.04021456265180908,0.012590118309082483,0.0,0.009688054130414436,0.0,0.0,0.0,0.0,0.011334054628225405,0.0024659836543867364,1.0,0.0,0.0018275971817776529,0.002775333702021232,0.00028999827428247805,0.0,0.0025812232048530235,0.011918618288752297,0.0,0.0,0.00477074606413877,0.007488482259924347,0.0,0.005964293329929972,0.0,0.0,0.002223974182115624,0.011433894831897053,0.0,0.0,0.0,0.0,0.0,0.004907103173876493,0.0,0.0,0.0,0.0,0.0,0.008817422005717576,0.011062346339727107,0.003222182798552138,0.007858582390411177,0.0033770555750671323,0.0,0.0006936956208420151,0.00027036447537928985,0.0006618951299538747,1.0,0.0,0.014794379455764003,0.0,0.0,0.026622603590976016,0.0,0.0,0.0,0.0,1,neptune,DoS
0.009326429526114214,0.006935241210710969,0.0,0.0,0.0,0.0031500385258408647,0.0,0.00795638489834203,0.01061065213045159,0.0,0.016323256924946364,0.0,0.0025788362751010445,0.0,0.0,0.0,0.004677631380124116,0.002852021593010086,0.019965247531083315,0.5750686772321182,0.0043831910460127655,0.0,0.0019944474798586644,1.0,1.0,0.007576466576362089,0.06346918408972879,0.0,0.9944421040855181,0.013640123842224794,0.0,0.04856174882175667,0.0,0.0,0.0,0.0,0.9960891867721086,1.0,neptune,0.0,0.9866207282142786,0.003076805221037198,0.009138070684145261,0.009894696646989116,0.0,0.0038757966076387756,0.0,0.0,0.005821875186874394,0.01639091459086947,0.0003030530905844649,0.0026356019747317944,0.014933245988723904,0.0,0.021709188794289406,0.007625918437638026,0.017867105538004354,0.0,0.009912160659506373,0.0,0.0,0.000298987864107665,0.0,0.014197422906350312,0.001503300688148786,0.0035723585742527195,0.0,0.0,0.0009653504495366719,0.010837258963941358,0.005168517728599851,0.017975695592179593,0.0068801359965664855,0.010319397720744224,0.014603665112798366,0.0,0.01484199283508181,0.0,0.000534776838410028,0.007362357369206449,0.006801422899037139,0.01622639293119512,0.010943848895711176,0.00407851915257358,0.000672881793882084,0.0013553566716435453,0.010488694299847978,0.0,0.006462499200457893,0.0,0.008385633117872578,1.0,0.0,0.0,0.011888769601684605,0.0,0.01788267851457763,0.0,0.0009728639140382611,0.0,0.0,0.0,0.0024345221276254603,0.0,0.0,0.0,0.004555542332247487,0.0,0.0,0.005563698920752086,0.0,0.0,0.007789527471406907,1.0,0.004739032116061947,0.0,0.004928174361753296,0.0,0.0,0.0,0.00157617838014129,0.0,0.01559822699110265,1,neptune,DoS
0.0,0.0,0.013424088166305428,0.0,0.010656540217119665,0.0,0.0,0.014220332191443594,0.01812146740405336,0.0017574690328973548,0.0,0.0,0.003615622476307401,0.0,0.005174979577012258,0.0,0.0,0.015050549863528186,0.0,0.0,0.0,0.0,0.0,0.5997531549835965,0.0,0.18523723672463313,0.7895297681459272,0.004131600059981373,1.0,0.03282716720331961,0.02652065297924791,0.002530257237465826,0.0,0.0,0.0,0.0,0.10651209011365226,0.004118659549608326,mscan,0.0,0.9910002917652859,0.0,0.0034061259320396133,0.0,0.0,0.0,0.0,0.0,0.011197545960188071,0.0,0.0023230231979459955,0.0,0.0011473365234750373,0.017378715596881707,0.007775303991611267,0.0014261434414076701,0.0,0.006383476665649915,0.008932643713787306,0.0,0.020431045739581117,0.0001155698044414856,0.0,0.00423015174098137,0.017734134438421284,0.0,0.0,0.0,0.015915740891095178,0.020161635670384894,0.017007479876017965,0.0,0.0,0.0,0.007957069247767928,0.0,0.01460437710284501,0.0,0.0,0.0,0.0,0.0,0.02524401669711319,0.0,0.0,0.003628042917569645,0.00565495166770091,1.0,0.012424946957953865,0.026631856535091314,0.0,0.009142298928694675,0.0,0.0,0.0,0.01107641991332268,0.02478734861300045,0.011759998009252122,0.0,0.011523645946069463,0.0,0.0,0.0,0.0,0.0,0.004754075325420839,0.0,0.0,0.0,0.005806144809184922,0.011694617037420137,0.0,0.0,0.009939697888601405,0.0,0.005409287974327907,0.0024880404338669965,0.0022417245125868567,0.0,0.0,0.0,1.0,0.011272016723191582,1,mscan,Probe
0.0,0.0,0.0,0.010003358658731238,0.00974390047804424,0.011628116232655764,0.0,0.004279578679183761,0.0042939167408254765,0.006439770071374604,0.0066558539356260105,0.0,0.0019222479326528655,0.00326113744164444,0.003423057695740624,0.006674380481424386,0.005393386145128188,0.0,0.0025436361583041182,0.2135534431104437,0.011276788403048986,0.005342433180079673,0.0,0.9858231962619733,0.9877164303580563,0.1197270400611829,0.06497132416314516,0.007090519769011669,0.9894562446788608,0.02546198305515498,0.04264608229861136,0.0649410268118325,0.0009515327230753834,0.0,0.0,0.0,0.9983078500942327,1.0,neptune,0.011584194681949812,1.0,0.0009661594473386909,0.0,0.01949348524372493,0.002351716048155642,0.0,0.005531135293521172,0.0,0.002608798930746758,0.0,0.004388616846256451,0.0,0.0,0.0,0.0013665240683164701,0.011230532950359133,0.0,0.0,0.001426144583423338,0.0,0.0,0.014943498948735229,0.016748886565340747,0.0,0.00454136476348948,0.003237285064114294,0.008961555024958975,0.0,0.0017705751272350109,0.02339991769517811,0.019273262336855473,0.0,0.0,0.0,0.0,0.0,0.0,0.0019799601392841253,0.0,0.0,1.0,0.0006154421854972673,0.01835296357711816,0.0061409715075123866,0.0,0.011302615735021527,0.0,0.0,0.019587722458104067,0.0,0.006919334257061633,0.008324444011481533,0.0,0.0002863463635864009,0.0195272513949995,0.0,0.0,0.0004367392916761801,0.017998733420183252,0.002882160557588852,0.01362774726667947,0.0,0.0,0.0,0.0,0.005602863405453144,0.008666571428118832,0.0,0.017924241916855366,0.0,0.0,0.014545007028058273,0.0,0.9906855055320939,0.0,0.008720941494341227,0.0,0.005743548942782701,0.0,0.0,0.005388889054890564,0.0,0.0,1,neptune,DoS
0.0,0.006630506475887727,0.0,0.012593458383676884,0.0,0.02879585008754907,0.002648112410339156,0.0,0.0,0.02777241290475023,0.0,0.006907819378186064,0.006929908574191033,0.0,0.0,0.007300134343105628,0.0,0.008321566883628631,0.0,0.4522823032840082,0.05504428044254646,0.0,0.0,0.9993357375650337,1.0,0.032037543391829876,0.0702587521960929,0.01228073847429848,1.0,0.03452466816386229,0.047895153818866824,0.06902903594828151,0.0025779578549958355,0.0,0.0,0.004426929151682048,0.9899845876663017,0.9928240148671419,neptune,0.0,0.9943471703258241,0.011088691748019566,0.0,0.0008988623103137174,0.00787198331430528,0.0,0.00457238456594059,0.018099318327339093,0.003582207845276799,0.0,0.0,0.004575936812292424,0.006833374322320772,0.0,0.021826817331199656,0.010801877423268205,0.0,0.0,0.0,0.005945186181110952,0.0028371246239822477,0.0,0.0026727835209141983,0.0031171478025136022,0.006000445657135032,0.0,0.014352752851258907,0.011455672305642596,0.007498401769093679,0.006035815075272686,0.021933862357711123,0.0005098202407307548,0.005831911385771761,0.013804286927888081,0.010041516259390633,0.0,0.00013896737022544997,0.0,0.0,0.0,0.0,0.005007982555280342,0.013355615013975333,0.0028626113501437622,0.0153300390322793,0.0,0.007605777160612511,0.0,0.0,0.0011732074380954643,0.0,1.0,0.0004803927285527195,0.003999164159128284,0.0,0.0,0.0,0.01714901025755503,0.0,0.0032367472828409866,0.0015759826605000688,0.0022393884172298324,0.013794497436861902,0.0,0.013317155685590686,0.0,0.024803044646057006,0.011187682580403502,0.007204893278390682,0.0,0.0,0.0003990894610004161,0.005363318335004782,1.0,0.0089261614637028,0.0,0.0025932929326238463,0.014570616552992724,4.004015034646416e-05,0.0016085206688122057,0.0,0.006632742962806219,0.0,1,neptune,DoS
0.0,0.0,0.0,0.0,0.007810347754118695,0.0,0.02850684735762167,0.0,1.0,0.0,0.0,0.0,0.002968208739997493,0.0,0.0,0.0,0.0,0.004925140809309354,0.0,0.018246001719258984,0.05346056816021559,0.0027839513525785282,0.016505747891567252,0.0,0.007997122053376252,0.9934456724921378,0.0026772677700536247,0.09001589974928417,0.996515964598719,0.9995288650805361,0.9918535225133858,0.0,0.017271830543261656,0.0,0.0,0.0,0.02408921119769397,0.02860810860730712,back,0.0,1.0,0.0,0.012507650444680597,0.01647028626176418,0.003494162861584273,0.0,0.0038019203719728972,0.005341576971351351,0.0,0.028710366240860756,0.00876385638913239,0.0,0.004441278393304108,0.010816612125043949,0.008719526773768395,0.003978378129083976,0.00022996325784137772,0.0,0.0017109676110136313,0.0,0.0,0.0,0.006249268521583893,0.00692903460373285,0.006435555184236485,0.0,0.9862472653982881,0.0,0.0,0.0,0.0,0.0058894166541801005,0.005236607348824252,0.007604666101707672,0.00019471475129723988,0.014045543592235763,0.007505075134889843,0.0,0.01854298909933422,0.0,0.0,0.0103459790932662,0.0,0.002050086690928847,0.0,0.0,0.0,0.0006335862744910988,0.0,0.0,0.0,0.008444515135004917,0.011675521506857712,0.00922652137800788,0.0,0.009208129041964289,0.0,0.0,0.00047734015477295756,0.005500237356715122,0.01389713482641157,0.0,0.008806421796266724,0.0,0.010137855003661284,0.0024345558196918514,0.0,0.0,0.009959803970699078,0.00797642049885095,0.0,0.0,0.004233041440319325,0.00857894030240831,0.0,0.0,0.00321767769476643,0.0,0.0,0.0,0.01577225495183594,0.9844815046952358,0.0,1,back,DoS
0.0,0.011658485407034293,0.0,0.0147308449825006,0.00801663941679343,0.0,0.0,0.006709179382556136,0.0,0.011866596111606514,0.003604670547998865,0.005638702876880514,0.005389217980878919,0.009068583038023126,0.013626796087408372,0.00512757991037515,0.001695139369432849,0.0,0.0,0.43186840123534886,0.016700121617232357,0.0,0.0,0.9885862489464281,1.0,0.06152881986783084,0.05142613730081395,0.0021379126250925507,0.985084914615712,0.052372476667714225,0.03548252110367178,0.049209234613041886,0.0,0.005667152176750223,0.011605665350172614,0.004035620888943813,1.0,1.0,neptune,0.00036489124976911766,0.999830838491745,0.022271128015044002,0.0,0.0,0.0,0.0,0.012542208716269761,0.006369154704102045,0.0,0.003568527922143859,0.005313541602521536,0.0035341215553706656,0.023115153821375033,0.0,0.007455086999847413,0.008357129836188268,0.0,0.0,0.022196773930796214,0.011614685507118486,0.006768613179159213,0.010595934471416822,0.0,0.0,0.0,0.011487676214757284,0.0,0.0,0.0,0.0,0.0,0.0,0.0,0.013583825483305032,0.013363085236786936,0.002995470882325997,0.0,0.0,0.008661067144900794,0.011146813916875055,0.0,0.0,0.0,0.0,0.0038666017189010605,0.008934302794825962,0.011065889565221579,0.010923653780902239,0.0,0.00023916961438791396,0.0,0.9915316849157221,0.0026063951922634886,0.0,0.0,0.0,0.002593093132824673,0.0,0.0,0.008543557529763827,0.0,0.0005644396899090612,0.0,0.0,0.0020589429423191227,0.0,0.017157414275831537,0.006298012901245493,0.0,0.0,0.0,0.0,0.0,1.0,0.0,0.0036940454743916136,0.014923352950323862,0.02179285522874449,0.0,0.0006692102858372544,0.0020468264353986714,0.011072926638340612,0.0,1,neptune,DoS
0.0,0.0,0.0,0.0055442663762525005,0.005523983125100218,0.0,0.017573456275563355,0.0,1.0,0.0011513965813865798,0.0002894967140061111,0.0019181645642037766,0.009837955292867354,0.01150092807814317,0.0,0.0,0.0,0.0,0.0,0.006840882783935262,0.016641678223060116,0.0005875149906806909,0.0,0.008393575165034837,0.0,1.0,0.0,0.0,0.9532735208854118,1.0,1.0,0.0,0.02471380601386291,0.01917479899384183,0.0,0.009209993410853018,0.0,0.0,normal,0.01859129726176622,0.9907121004815876,0.0,0.01142361805768512,0.01202931334052096,0.0,0.0,0.0,0.0,0.0,0.0,0.007639651816095169,0.006429846230785793,0.0,0.0,0.0,0.010350301476180062,0.0,0.0,0.0,0.0,0.023885625731985438,0.0,0.005268413653065459,0.007565090998955938,0.0,0.0,1.0,0.0,0.0,0.012085811795465124,0.023752191508312148,0.0025760896525413492,0.0077780152780480005,0.0,0.0,0.0,0.007884127934056427,0.0,0.005770771778979498,0.005435612504816866,0.008144244538856947,0.0,0.00872724948477785,0.003922327933017416,0.01047847343533692,0.0,0.0,0.009459406777575778,0.0047425378471622525,0.005169069674635968,0.0,0.008248014380820767,0.0083980854336773,0.0,0.0,0.009471273905019235,0.0030031135041449462,0.0010647063240192378,0.0,0.010296650675532237,0.00989688129954213,0.0076689608650222455,0.0,0.005043816101331928,0.014489619284317972,0.0,0.017517578995949114,0.017754618574223592,0.010965339359305605,0.004706320204313091,0.01959984070942026,0.0,0.0,0.0,0.0,0.0,0.006011370316478265,0.006622840922132598,0.0,0.004134607629906685,0.0,0.9819625610744229,0.0036872192981463364,0,normal,Normal
0.0,0.0034357678156264858,0.0,0.005159870265059421,0.0,0.0,0.0,0.0,0.005891871951990959,0.0,0.008177016626464017,0.009250654236214947,0.0,0.0055579544974947845,0.0034352726520234028,0.0,0.0,0.01566582444952927,0.0,0.5244861670748978,0.009672334055480982,0.004097754806158814,0.001880768423798363,0.9878981462902124,1.0,0.04190164752991395,0.06830380381992977,0.013078644901625493,0.9996671110391566,0.03713264649652112,0.05842410720342642,0.057026183797496424,0.007307389758507705,0.006073361082060975,0.015224361112538658,0.009329438040265784,0.9914466472052014,1.0,neptune,0.019890860338934387,0.9953991437597294,0.009604015199824716,0.0,0.01015132834265128,0.015580584948639049,0.005809148465858202,0.0,0.011551437849165012,0.0,0.017601152876410866,0.003838601476587495,0.017703217835982856,0.0023097611006855897,0.0026311319316945987,0.0,0.00362997137567193,0.02547788594962574,0.002765768487908426,0.0,0.005978207971251091,0.010351403528968699,0.012023295189234687,0.0,0.0020376684264187817,0.0,0.0,0.0,0.0065035934754762,0.00018140944002868867,0.0012093435940340976,1.0,0.00737516931180766,0.000791091516535166,0.0044231895066383625,0.0,0.002100408742007218,0.0,0.005308793107642927,0.000968001017136374,0.0,0.0,0.0,0.0,0.0,0.0,0.005117387212321376,0.0031016516696656692,0.0,0.0,0.0,0.010823690809737796,0.008209978513309507,0.00556605772509033,0.005381688871808994,0.001000490414025772,0.004623662259037195,0.0,0.0,0.0,0.0,0.0,0.0,0.0,0.0,0.014044903917033278,0.007236248362148676,0.021410801379544306,0.0036348960236856206,0.0043383266645091855,0.0,0.0,0.0071509050667543685,0.0034542894619502447,1.0,0.0,0.0,0.0,0.0018065011066557871,0.0,0.0,0.0,0.0,0.0,1,neptune,DoS
0.013415884164692226,0.0,0.006391474740707294,0.0,0.0,0.008561201276515728,0.0,0.0,0.0,0.005681820821543214,0.006821168338291962,0.0040154935541850695,0.003719266297656922,0.0,0.0,0.010212264848605601,0.0,0.0,0.0,0.00015128164722844149,0.019882956005103446,0.0,0.0010712895511859686,1.0,0.9876200363040334,0.3224551281132183,0.9904610715009483,0.9722365801369682,1.0,0.07549044272366877,0.07750358891104639,0.02999958352627945,0.006414327554769076,0.011149174999928185,0.0,0.012999905063174675,0.27548332757982497,0.9383541992548861,mscan,0.0,1.0,0.0,0.0,0.0,0.004687369014185825,0.0,0.012247186006633158,0.0,0.005706776396475655,0.006385446099942373,0.0018576721132376442,0.004343833537494494,0.0,0.0,0.0027340929262212933,0.014482653817200847,0.005369699938696559,0.0018727945007832537,0.0,0.0,0.0,0.006747681749084986,0.004109698494961492,0.0,0.0,0.0,0.0,0.004415422827114063,0.0036580401014826586,0.0,1.0,0.0,0.0,0.0,0.0,0.0,0.0,0.0,0.003014182244750448,0.0,0.0,0.01277166098499027,0.00034228007146857914,0.0,0.0,0.008693446506821082,0.0036507300986931674,0.0007937942722294105,0.0,0.0037595486264579044,0.0,0.0,0.002622306287767983,0.017257183659596814,0.0012792550202647798,0.0,0.007295470445499862,0.0,0.011180539741922565,0.0,0.003452103998674147,0.00015243444736651776,0.0,0.0,0.0,0.002323739565846191,0.0,0.0,0.0,0.0,0.0044038513078480624,0.0,0.00015549923316691508,0.017041092769567733,0.989238729808527,0.0,0.0,0.0,0.0044454662832219905,0.007490687633735112,0.02613957991122896,0.007079750207003141,0.0,1,mscan,Probe
0.002147085581410792,0.0,0.0,0.0,0.018760031578843095,0.009358044398930484,0.005851193195416533,0.012915821705754291,1.0,0.0,0.0021935459887549922,0.0008849260530439143,0.0,0.0010595001608870926,0.0,0.0017045293377181928,0.0038403466993526814,0.009326111529276277,0.0010271024289175807,0.02773485320453966,0.030827778829924796,0.011578442356095628,0.0,0.0027671415483554334,0.00042007811378607957,1.0,0.01846588552836437,0.00941780897647538,0.0643547791287639,1.0,1.0,0.01412030936841887,0.06898371412793142,0.05705869521405803,0.028747512622620302,0.0,0.00565935776951114,0.006996898025214236,normal,0.022721610444770363,0.9988296989859495,0.0,0.015089014372542222,0.0,0.0,0.008201831413727611,0.0,0.0,0.0012633431699679623,0.0,0.0,0.0,0.0,0.0,0.0015074019923360163,0.003787045553827161,0.0,0.020672912528128997,0.01825127056475422,0.0,0.0,0.019931282261126275,0.0,0.0,0.006616948397462904,0.004243302352468246,1.0,0.0,0.0,0.020466602316470066,0.0,0.0,0.0,0.009591125698712467,0.005471967303271219,0.0,0.0,0.0013833399421933046,0.008481022629735012,0.009131620016716843,0.0,0.00523290325492866,0.0,0.0034231996479128883,0.0,0.0012758740489114157,0.0,0.020486062841173273,0.0,0.03031388917634352,0.0035989519351247905,0.0,0.01780320793092054,0.007702803294108409,0.016977215483048286,0.013350852722499256,0.0001380257185297162,0.0011319927793901684,0.004100614141406427,0.0,0.0,0.0,0.0,0.0,0.003860864672258452,0.0,0.003693335164285085,0.001154137294909314,0.0,0.0,0.004687254571408915,0.0,0.0,0.0014846140953724107,0.00304103958778388,0.0,0.0,0.0,0.0,0.0,0.0003458437717705145,1.0,0.014930610723840982,0,normal,Normal
0.0003998296051181115,0.009128212574575516,0.004494557396571334,0.0,0.0,0.018781406125255574,0.0,0.0037939780077689803,0.9924294353342142,0.0,0.0071533016269626,0.0,0.0,0.0,0.010581893554962488,0.0,0.020528956732619726,0.0,0.0,0.0038773192727302504,0.013897977338940787,0.0,0.0101542787491742,0.03284231374287452,0.0020428854776557183,1.0,0.008578391057760681,0.0,0.2056009955230766,0.1860653055666578,0.962715889128659,0.059760469484693365,0.0009722598307950261,0.020702632899825293,0.0,0.0,0.0,0.0,normal,0.00597930308000495,1.0,0.0004927504239858004,0.0,0.0,0.0,0.0,0.0,0.0,0.031377924268309716,0.0,0.025680233848794295,0.0,0.005926533608186839,0.0,0.0,0.003191884301128413,0.0017086328734933305,0.014864540890104219,0.0,0.0,0.0,0.0,0.0037380678377659884,0.0,0.0,0.0,1.0,0.02012680246889729,0.004659703020187338,0.0,0.010487083483530382,0.012520863791258557,0.0,0.0,0.005824912247061996,0.0,0.0,0.0,0.011366764659894333,0.0,0.0,0.007100846900702117,0.013928441653819363,0.008239554364525952,0.0021923542757817122,0.012565789222764556,0.0009553151251171376,0.011095354898447176,0.0,0.007943262323934037,0.01187734131728696,0.0,0.0,0.0,0.014946605738258468,0.0,0.0,0.0007806153632315302,0.0,0.0,0.0,0.0,0.0,0.011783784350372053,0.0070184580644146125,0.00022263525009810507,0.0,0.004525585440605607,0.016141332421898535,0.0,0.0,0.0,0.014450044311431829,0.0,0.0,0.0,0.0,0.0016142832309880202,0.0,0.000723620160247901,0.0,1.0,0.005359385606513176,0,normal,Normal
0.0,0.008290533401346067,0.006600464141509733,0.009169402177399989,0.0,0.0,0.0,0.0,0.9969233882631816,0.0024249815485565015,0.0,0.0,5.004900606441514e-05,0.0,0.0,0.0,0.014742655396745465,0.011757584679516899,0.00279435944764174,0.004480770110826841,0.007074258850196118,0.004655936393404474,0.018731852131209523,0.0,0.0,0.9966600251669865,0.010410834775518317,0.005778074209110461,1.0,0.9917148903001923,0.9999431017300667,0.0035531985483486218,0.0,0.00958791146071431,0.030124259852983643,0.01079965728165399,0.008413191740769457,0.006847690565561788,normal,0.0,0.982537305950902,0.0,0.0,0.0,0.0,0.0,0.019401842819087897,0.0,0.0,0.0,0.0,0.0,0.005716215829904938,0.00513283578156911,0.013829320056315549,0.0,0.0028943106175968736,0.01416930143432395,0.0029192646890587705,0.0,0.0,0.0,0.0036965811648664738,0.017496348218583146,0.0,0.0,0.9971679891222504,0.0035735813386766754,0.012695805454395567,0.0,0.0,0.007531246656680899,0.0,0.016170040861670593,0.013945112159929402,0.0032087263177981236,0.0,0.0,0.0,0.0,0.0,0.0012222411759096024,0.0033671551761510544,0.005897990701375597,0.004550431840561012,0.0,0.0,0.005302492420827679,0.0,0.002872870569950462,0.0,0.0,0.004250396113898828,0.0028416031044107195,0.0,0.010004488897804163,0.0036493253131179093,0.0,0.003242234145146362,0.0,0.0,0.0,0.015697429762236953,0.0,0.0,0.0,0.0,0.0030696753215174607,0.003118034543005079,0.0011897146838066904,0.0,0.005409170414495163,0.00790354614211906,0.0,0.0075430534901849665,0.0,0.0,0.009474171188180757,0.02592771983647936,0.01936897160031307,0.0,0.9801151900822037,0.014010651484130011,0,normal,Normal
0.003890118589760558,0.016127805326521687,0.0,0.010970147561814183,0.0,0.010406818747022378,0.0,0.004799048056642191,1.0,0.0020375352885186604,0.0,0.0,0.014207031524616266,0.0,0.00683333046896013,0.0,0.0,0.0,0.008277584948824575,0.0,0.0,0.0,0.004227933143365962,0.0,0.0,1.0,0.0,0.9769705242653249,0.029479537131779223,1.0,0.9924121457959925,0.0,0.13348700652190718,0.027711970314444126,0.0,0.010195139448561192,0.0,0.01687703022524361,normal,0.0,1.0,0.0014206607510693157,3.681099027247276e-05,0.0,0.008167715215369787,0.0,0.0,0.0,0.004230732504021845,0.0021460245562013903,0.0,0.0,0.0,0.005778671620521111,0.0,0.0,0.006724101159967354,0.0,0.0,0.005109060693926035,0.004974550593873338,0.0022882658570733405,0.0,0.0,0.0035408240415549085,0.0,1.0,0.0,0.004302975331774073,0.0,0.0,0.013239726975453314,0.0004482842252498618,0.0,0.0018113503014263025,0.0,0.0028648582396477978,0.0020968630337170058,0.0,0.0,0.010670865427318833,0.0,0.0,0.0,0.002680226865856703,0.0,0.0,0.0,0.009673124901170987,0.0,0.00027176813432064275,0.0,0.0,0.0,0.0037097978150910284,0.019690339470851605,0.0035261423979639096,0.008569566836352085,0.009270268075323489,0.0,0.0,0.01669432938973047,0.0,0.021113119800202335,0.007742098980109444,0.01971830274638618,0.008670195428808689,0.0,0.0,0.0,0.0,0.0013441183343657675,0.002609265280191562,0.0,0.010514577384891593,0.009246899708411492,0.0,0.008570849627425188,0.0,0.012575047996248284,0.0,0.9995133483842218,0.010338862619700816,0,normal,Normal
0.0,0.0,0.007669558476549477,0.003034126582298839,0.016871470098991256,0.0,0.0021226102267440233,0.008760336285608772,0.9933337231361608,0.004465338654026345,0.0,0.0,0.0,0.0,0.0,0.0,0.0,0.0,0.0,0.026630023993878076,0.038194344529733526,0.008170396544162808,0.0,0.01992811742464153,0.0,0.9950993074662344,0.0,0.0008568180062386635,0.6451273069692174,0.9934728667675622,0.9851566124231309,0.014413301166570927,0.014441014879408973,0.024915631569763414,0.014945850130949017,0.000899321766832863,0.0,0.0,normal,0.0,1.0,0.0323599500788001,0.0,0.003139077569514882,0.0,0.0,0.011086119560470767,0.007737768124425656,0.010106207302852393,0.0,0.0,0.0,0.021028068513453117,0.0,0.0,0.0,0.0,0.0,0.0,0.0013676263287246322,0.009809774564432426,0.0010998934386880024,0.0028780513418435612,0.0,0.0,0.0,1.0,0.0,0.0,0.0,0.008308865303035798,0.0,0.0,0.0,0.014173340159596313,0.0,0.0,0.0062120754749959315,0.0,0.0,0.011447690051211776,0.0027190972559308175,0.016811548546828863,0.00742957819009203,0.004396357365953732,0.02172651655685955,0.01911902778695629,0.0,0.0,0.0011891902774124952,0.001609412678644121,0.013116367913475032,0.0,0.024786741433882847,0.010595024993107278,0.0,0.003332105415827133,0.0,0.013346468627555197,0.0025922366787019193,0.0,0.0,0.0,0.0020362685590464328,0.004763501220584243,0.00687562891609393,8.9251585212216e-05,0.0,0.0061911124778956115,0.00645503552474812,0.0,0.0,0.007923697599443147,0.008379309126658406,0.0,0.0077240951051963875,0.0,0.0,0.0,0.0,0.0,0.9828509699948924,0.00812948143768823,0,normal,Normal
0.0,0.0026091647521464534,0.0,0.0,0.0,0.012472096091018733,0.0,0.0,0.004930411656136602,0.005027582705707573,0.0,0.0,0.0,0.0,0.0,0.0,0.004731843981754843,0.0,0.00286434294508954,0.0,0.0032970321198114534,1.0,1.0,0.010106467430702792,0.005052013629078227,0.9867571383743915,0.0,0.0005466901487143666,1.0,0.6086535684077236,0.602232449933326,0.030507814115280467,0.0017400363058771053,0.01714855539447002,0.313298379316122,0.5097189685796368,0.10535615907365795,0.08974646224931675,processtable,0.0009145415673896257,1.0,0.0,0.0,0.01512623642329274,0.0,0.0,0.017617166474109318,0.0,0.0,0.0,0.0,0.0,0.0004936215185537601,0.0074548318982782715,0.00019751739180880822,0.005553688255868435,0.0,0.015108447419782473,0.0027174028078527017,0.0,0.0,0.0,0.005691798046756494,5.650395697592449e-05,0.007944576973728131,0.0032169969512601615,0.0,0.002829071758273508,0.0001423367858121816,0.0,0.005273097166915014,0.013187977509932385,0.0,0.008464707234149438,0.0,0.010444540376466154,0.0,0.0073173444333980795,0.004951779720257318,0.0,0.0,0.00463257177255745,0.0,0.0,0.011502096135600094,0.00688545103150303,0.0,0.0,0.02497320780123237,0.0,0.006953397948301966,0.0,0.020049910893253517,0.0031344847414788335,0.0,0.012442026634565544,0.0066147626683933985,0.0,0.007080292203800828,0.0,0.0,0.0,1.0,0.0022634749107161003,0.0,0.00911868164795803,0.0069859502032571606,0.021017759964955002,0.0056775956648314144,0.0,0.0,0.0,0.0,0.004404156007657269,0.0009791576384987897,0.0,0.0,0.006109555899730499,0.004897013075048895,0.03252415326476025,1.0,0.0,0.002914209782549465,1,processtable,DoS
0.0,0.0,0.0,0.009347084445993229,0.0,0.004424520622964888,0.01152406014908213,0.001621707105082189,0.001971487613841645,0.0,0.0,0.0,0.002042699821818473,0.015252927454540521,0.005027917157275719,0.00939316249422595,0.0032087888021941793,0.0,0.0033483207086678402,0.2516035574166607,0.029358982562054593,0.0,0.0,1.0,0.995453927216265,0.13620436847204032,0.051558508368816355,0.0,0.999419998928087,0.07330093381223836,0.09417018482073718,0.05064124980627787,0.0,0.0,0.0,0.0,0.9997407007557015,1.0,neptune,0.0,0.9851935889449677,0.0008650557698784738,0.0,0.004128249163673881,0.0,0.0,0.001908537598552717,1.0,0.0,0.00331424365403674,0.01352352128779035,0.004882504280253072,0.0032689464962106403,0.0016884302372180374,0.01689731671750339,0.0,0.0,0.0,0.015027221173600286,0.0,0.0,0.0,0.0,0.0025215633615027176,0.0,0.015247878546180166,0.006768282847785042,0.0,0.0,0.0,0.005962347299507187,0.0005324724298657793,0.0,0.02511447234828523,0.02769790563814898,0.0,0.0,0.0,0.0,0.010803326317826654,0.012662826111350934,0.02852184363955165,0.0,0.00211739001451568,0.0075274621775716175,0.0,0.0,0.0,0.008026137460293422,0.010569471818951848,0.0,0.008803843891927673,0.00938057307157873,0.009297598673721876,0.018394684103606108,0.0012356195476759919,0.0,0.0,0.00680240671234976,0.0,0.004155377265281,0.0,0.010308410631116,0.01025280479116333,0.0,0.0,0.0,0.0,0.0,0.0,0.0004097374691571475,0.010010326306027271,0.009378318963600576,1.0,0.0,0.0,0.0,0.013355374827374436,0.0,0.0,0.01376462301762978,0.0030269139124583866,0.001492257430437131,1,neptune,DoS
0.013845154880771187,0.014192987038298584,0.0,0.0,0.004172428165607009,0.00236013799868241,0.0,0.012103019791101316,0.9975319595638558,0.004501731335817777,0.0,0.0,0.0,0.0,0.0,0.0,0.006498118977258795,0.0,0.0,0.03454387489728623,0.018550185591326762,0.006424117012650406,0.0,0.004053403365631697,0.0,0.9998818626536681,0.0,0.16584482698269856,0.0572595006721823,0.9845772660258733,1.0,0.0,0.10136682276975806,0.03661171717018973,0.0063780588491562686,0.0,0.0,0.022335792643076897,normal,0.0,0.9823141760447289,0.0,0.0,0.0,0.0028779837171945648,0.023250957848756366,0.0026412260092313,0.0,0.0,0.001700984713912983,0.0,0.009049507292024458,0.007212922610572606,0.00952238741348609,0.012962350439077203,0.006316621431498979,0.0,0.0,0.0009348800726158957,0.0069250214650681576,0.0004966649421911943,0.0,0.004649484286186275,0.0009980476210277739,0.003522163213954587,0.0,1.0,0.0039054590112154843,0.001519653772728401,0.0,0.0,0.0026651232579753504,0.0,0.0,0.0,0.0007590884444150424,0.0,0.01676056890742004,0.0,0.0,0.008624442498516485,0.0,0.0009489924253471455,0.0,0.0,0.0,0.0045747437745281075,0.009709872405966725,0.0,0.005651931536164979,0.002369835290404515,0.0,0.0,0.0,0.0,0.0,0.006045837966509069,0.0019377096381821388,0.0028798565314991052,0.012432209241637245,0.0,0.0,0.0,0.0,0.014268952635467007,0.011761232555323457,0.006662338326098357,0.012658714223249502,0.0,0.0,0.004047529695135202,0.0,0.0,0.0100875056979405,0.0,0.0,0.0,0.0,0.009897010636692237,0.00834036079134744,0.004120804332066866,0.9964843244212537,0.0,0,normal,Normal
0.0,0.0,0.0,0.0018318990991104,0.0,0.0,0.0,0.0,0.0,0.009382477877991676,0.0,0.009013717248695265,0.0032818420846643295,0.006090340675240874,0.0067716055744623735,0.0,0.00823282136796934,0.0,0.0013017520218776538,0.5777607618950734,0.01605763239753924,0.0,0.003275262238150036,1.0,1.0,0.03743555022697974,0.061178062670927146,0.0037026896519878976,0.9920905836625747,0.02420322787261597,0.048265441788913066,0.07618286605860781,0.0,0.001848587031112286,0.005583849970470887,0.0,1.0,1.0,neptune,0.009153194601294209,1.0,0.0,0.0,0.007477472594002983,0.0,0.0,0.0,0.0,0.0,0.00036156623745457967,0.0,0.0,0.003783952934208275,0.0003657130578139315,0.0,0.006441404211030505,0.009845234940149817,0.0,0.0,0.0,0.0,0.015112896800167749,0.0,0.013124573473739139,0.008797307274559856,0.0,0.021351472672326524,0.005265418511071527,0.005520758009113898,0.0028905872206368235,0.01006159126724749,0.0,0.0,0.0027584741406254105,0.004900532780518128,0.0,0.0,0.0,0.010872278757572131,0.0,0.009438607509695647,0.008052722713173413,0.0,0.0010084464809869628,0.0,0.004180611511878474,0.023191089543104143,0.004907114196584567,0.004590982436281589,0.0,0.0,1.0,0.006994294017149497,0.0,0.0,0.02041873130878022,0.0,0.002411340561811755,0.0,0.003994997827046156,0.0,0.00564911064055114,0.0077126960582100945,0.00448679568620155,0.0,0.0017095995224597183,0.0,0.0,0.006063119864767004,0.000797916702804302,0.007518007006055055,0.0,0.02175371945678143,0.98243338012917,0.0003444328332654229,7.226557804212191e-05,0.0,0.0,0.0,0.0,0.0,0.007495958985088189,0.015323080899438296,1,neptune,DoS
0.0,0.0,0.0,0.006985393451014176,0.0,0.009005720339334375,0.0,0.0,1.0,0.0,0.0,0.0,0.0,0.004969140119232828,0.0,0.0032807121499634556,0.0,0.0,0.0,0.0,0.0,0.002859980481808496,0.0,0.005485722398766267,0.008527564091400876,1.0,0.0,0.001763041015225098,0.3391879893106701,1.0,1.0,0.020760171320914823,0.0,0.024566429650349,0.009979797749284345,0.0,0.0,0.0,normal,0.0,0.9971329584349532,0.0,0.0,0.0,0.0006222685455813178,0.010369805490287057,0.0,0.01225671094339787,0.009066159346124545,0.0,0.007415431179551774,0.0,0.0,0.0,0.0,0.009242513672011688,0.008240014847183402,0.0,0.016931719340388677,0.0,0.0,0.005335538572905928,0.0,0.010423704679254905,0.0,0.009998087223743074,1.0,0.01155218852075837,0.024743393532034266,0.00018247592930712887,0.0,0.00544004708537749,0.014344139545864902,0.0,0.0,0.008621063491828231,0.011287657581109077,0.0,0.008977637148517641,0.014546094729997489,0.0003958604578073209,0.0,0.0,0.00243283569173198,0.00203013548211653,0.012727295936529786,0.015235172003488725,0.0,0.0012577226980698896,0.0,0.0,0.011990239725275183,0.0,0.0,0.0,0.0,0.000952767619821439,0.0010069955436969296,0.0008904152711439442,0.0,0.0,0.007099149406287711,0.0,0.0,0.0,0.0,0.0046702359976422275,0.0,0.0,0.0009397902887481764,0.0,0.0,0.0,0.022204248744988136,0.0,0.0,0.0,0.0,0.015699250140732975,0.0,0.0,1.0,0.0,0,normal,Normal
0.012622574481609795,0.0044580431791604765,0.0,0.0,0.0,0.002269292089666419,0.0,0.0,0.0,0.006771244494683997,0.012897877586631908,0.0064748742766652665,0.014347504962944218,0.0,0.0,0.0,0.008036680482143036,0.016128400415895888,0.013269527392431282,0.18628587293982582,0.005384388392137994,0.0,0.0,1.0,0.9948139915093934,0.04412889575961863,0.054979502022050035,0.007589587021928464,1.0,0.025363726925617662,0.02288419110867183,0.06393049000902633,0.0,0.01710744323951203,0.006820841609330928,0.0031559668306182045,1.0,1.0,neptune,0.0,1.0,0.01385207940759579,0.0,0.0,0.0,0.018450312667663442,0.0,0.0163515069548269,0.007117825880841382,0.0,0.0010048443738953248,0.0025478285265997207,0.0,0.0,0.0024923475275620477,0.0057101700657114784,0.011513689079947813,0.0067627792465114155,0.011876716326595696,0.0,0.005349211698984633,0.0,0.0,0.004358988495232867,0.008962287606503406,0.01313112786640246,0.0,0.0036126310367012695,0.0,0.0,0.0,0.0,0.016731374931059154,0.005160211551646905,0.007480876724665361,0.0,0.01139446410009033,0.006956258543898378,0.02057783548853063,0.0,0.015315824787719931,0.016371740059109224,0.011097579766685049,0.01470511429760219,0.00796255733588791,0.0,0.0,0.0,0.0027337844611950058,0.013844974029398573,0.0,1.0,0.0,0.0,0.0,0.003947732587327979,0.0,0.0,0.00011333558134745905,0.0,0.0,0.0,0.0,0.006900447367305198,0.013986342040467305,0.015914655831302516,0.0,0.0,0.013033616336786234,0.003200588039782153,0.007535618111807986,0.005325028654613348,0.014152719186415553,1.0,0.0024839675843363928,0.0,0.0,0.00998121827734502,0.0,0.007845316231382517,0.002545227298211355,0.0,0.002607876491591258,1,neptune,DoS
0.0,0.0,0.009324225694406277,0.0,0.0043292962650664304,0.011368213042452948,0.0019376393529395592,0.0,0.0,0.0,0.0,0.008221877587630275,0.0,0.019982168315526867,0.006766439711255654,0.004716744530888729,0.031797611275533336,0.0,0.010560115590223166,0.9938440257646934,0.9777507060737182,0.0,0.0006914360840734308,0.0,0.0011283609970728957,1.0,0.009979228928631756,0.004186125351725037,0.9868254251591886,0.9950272657103368,0.9985446834705032,0.0,0.870168061740142,0.0,0.0,0.0,0.006943406314306164,0.0,normal,0.007648295023111091,0.0,0.9955944051086054,0.012428245327947963,0.0,0.0,0.013198103137107358,0.0,0.01247614670661496,8.568820180996678e-05,0.0,0.0,0.004101217487112284,0.007873268150564064,0.0050776526706337735,0.0,0.0,4.4909282173573413e-05,0.0,0.0,0.00566805499958312,0.0,0.0,0.0,0.011088788902500533,0.0,0.0,0.013051802925795074,0.006760812954461257,0.0,0.0,0.0,0.006947146923955487,0.0,0.0,0.0,0.004749904620193946,0.010725322963897858,0.0023454450723758816,0.0070949520037961716,0.005507103943557734,0.0,0.0189494939315198,0.0,0.0,0.0,0.01397007794402213,0.010527882399376232,0.0,0.0,0.0077807936488871274,0.03014886094230394,1.0,0.018320041858034875,0.0,0.00914705106024077,0.0,0.0034250197341654876,0.00619852576951631,0.002171003976338646,0.0,0.0,0.010711239641276325,0.0,0.010184404999047032,0.0,0.0,0.0,0.0,0.0081452168383192,0.0,0.0,0.009803808412459113,0.0,0.019742994375678606,0.0,0.004803450972573513,0.0,0.0,0.020211702822420637,0.016417079659128985,0.0,1.0,0.0,0,normal,Normal
0.0,0.006499060245518764,0.005803185385400427,0.0025357800453423406,0.0,0.0,0.013266769383868393,0.0,0.0045355683923066535,0.0,0.009382951707003434,0.007284512639411999,0.0033438560172560404,0.0,0.0,0.003108321821204514,0.0,0.01677066352946466,0.002193982254931999,0.0,0.02350439171547918,0.0,0.0,0.9978372851004168,1.0,0.99314762759699,0.0,0.9905235950010456,0.09015983131332118,0.21628281167238136,0.16211227195013017,0.22984746969309378,0.043822111665371706,0.03853804363099581,0.005207217362949597,0.0006725966210445683,0.8527260707758775,1.0,mscan,0.0,1.0,0.0,0.0,0.008132322628691327,0.010966020236782583,0.0,0.0030879184848793258,0.0,0.01289404897355866,0.0,0.0020356756638043754,0.0,0.012837945418945238,0.0,0.007771602828883111,0.0,0.007035893875619601,0.002755085550472711,0.0,0.0,0.0,0.0028239603286121023,0.006563526983326759,0.004587262113942854,0.006413379560634912,0.0,0.0,0.0,0.023756133220305058,0.0023888200079766773,0.007952190180338405,0.0035680155415140826,0.006769104268962699,0.0,0.0009013461183462347,0.004498664827012655,0.0,0.0,0.0,0.0,0.0,0.0,0.010939051760713926,0.0010045644341421906,0.009230075191003318,0.011706442794542183,0.00034067035640186657,0.0,0.0021632928169538065,0.0,0.004226303443652481,0.0,0.0,0.009274277044908115,0.006757995323050464,0.0,0.003467685942992941,0.005336595233968302,0.0005032587101217261,1.0,0.01801434094444853,0.007453984766335865,0.01560438900418285,0.003153058604759423,0.005197512256956696,0.0,0.0,0.004606919773565219,3.694025925101068e-05,0.0019108354039223138,0.008078505212594143,0.008727917949791983,0.013625553867254949,1.0,0.0025817403887414907,0.012097552687876911,0.0013134165885309618,0.010796518896544694,0.004582593840101916,0.0032995883906691754,0.0036980869455815707,0.0001612292381639338,0.0,1,mscan,Probe
0.01475754238029088,0.0,0.0,0.025220487474215646,0.0,0.0,0.003546474322587238,0.19520672785303542,0.0,0.0011077077213613965,0.010945790572104068,0.0,0.0,0.009348478579712063,0.006838948188685927,0.011580144860909327,0.0,0.0,0.9928253350099238,0.005033433943097238,0.0,0.0,0.0,0.002331190141731801,0.0,0.9963101892640233,0.006071267392097543,0.0,0.5104201777739852,0.22365182928123234,0.45114436424646964,0.020339829920165947,0.022842739544295054,0.007037254083951426,0.012067702767102197,0.008633407491927213,0.0,0.0,guess_passwd,0.001587527376368472,1.0,0.00862978919762407,0.0,0.0,0.0,0.0,0.016133605308733496,0.040658333786065065,0.0,0.0,0.01037555653002461,0.0,0.002601906894128377,0.0010439954958875659,0.0,0.009993997473334236,0.01087176473522893,0.010050657981486015,0.00013126550422877935,0.0,0.0,0.9827240333238554,0.005236583348291535,0.0,0.0,0.0,0.0,0.01480424652409419,0.014074380065702212,0.0,0.00748361402616112,0.0020381757256037114,0.016058169157706536,0.0,0.0,0.009571359852860041,0.0,0.00910596938809091,0.0,0.0,0.022061848770284227,0.01312296015607671,0.0,0.01884779108453952,0.0,0.0,0.0,0.0,0.007775814029133565,0.0025675024024645206,0.0,0.0,0.013643461492010877,0.011108093923099365,0.0,0.0,0.003887972348035057,0.0,0.0,0.01560801260411921,0.0,0.0,0.007251322719870535,0.012493423809809402,0.0,0.01402329389664085,0.008757779941471422,0.008318458846557826,0.007215874481453927,0.003827879384952177,0.011730091214808369,0.0,0.0,0.002088445980803467,0.013242428620794711,0.0,0.0,0.005938229860565925,0.0,0.0,0.0,0.9966705209450545,0.005666360046248822,1,guess_passwd,R2L
0.0,0.0012071929891749034,0.0,0.005298128441654019,0.0,0.002978775888292722,0.0049442593680978685,0.01042826920621726,1.0,0.004975274628768643,0.011500598952324477,0.017184994630469522,0.0,0.0,0.0,0.0,0.0,0.017567050141245013,0.00471039131085333,0.0,0.0,0.00035434005231149815,0.012717440180634563,0.0034415001328592584,0.0,1.0,0.0,0.0,0.07475125435336004,0.984372826757833,0.9996242831464516,0.0,0.05391248842617517,0.01933879863585602,0.010386629287472597,0.013564619354072991,0.0,0.0,normal,0.009097068442727596,0.9946726795791249,0.0009487675654085971,0.0,0.005240916842123935,0.0,0.007324599794950564,0.0,0.00345797631134271,0.0,0.0,0.0,0.0,0.0,0.007561960828493819,0.0,0.01716507294425536,0.0,0.006872528910287109,0.0020115286681053352,0.0,0.0,0.0,0.0,0.009367721341059237,0.00836955176784723,0.007633635787492688,0.9961725456303276,0.018354532893279932,0.011003017925622199,0.0,0.0,0.010684879375001488,0.009590705747372072,0.006899707868034816,0.0,0.0009626735351756805,0.010174519645745717,0.0,0.007488319972574818,0.0015908019004747145,0.0,0.0,0.01792380016352666,0.0,0.0017586662585545934,0.005705898294761869,0.007244640557873229,0.003424628094632186,0.0,0.0,0.0,0.0,0.0,0.013173498709561192,0.0,0.014872685563858814,0.004414081387461372,0.0,0.001794164321184211,0.008321320158841334,0.009193866233983175,0.0,0.0,0.003046885670806507,0.0,0.0,0.0,0.014423448277467544,0.0,0.006401120612790129,0.0,0.0,0.0,0.0034201160987152464,0.016922966105365513,0.004771567725120136,0.03105681756111447,0.0027771890962686426,0.004603478524967598,0.013139057636174376,0.0006801627604354214,1.0,0.004353898840483157,0,normal,Normal
0.0089619637209933,0.0004827331132816445,0.0016714581922643787,0.01738063303128044,0.0,0.0,0.001989080448710968,0.004338098946235775,0.0,0.0005017384427266132,0.0,0.0,0.0011009010914878187,0.0005143784201365206,0.0,0.002642608722326774,0.0,0.0,0.0,0.0,0.00911318817815264,0.0,0.07395255929779801,1.0,0.7730410934113748,1.0,0.009803708808987106,0.9333578467202731,0.5033951518484072,0.3254301001496681,0.3501486764820512,0.044068601660421695,0.014020352878210917,0.015626931470689612,0.0,0.006353407506240669,0.868154141289697,0.6072561100158217,mscan,0.002741003671016834,1.0,0.0,0.008247958711990638,0.005341322271817483,0.0,0.016273898179463203,0.0017324480398448834,0.0,0.01639170437524746,0.0037707042147981386,0.008089738552320307,0.010398688226074154,0.0,0.004625004943880434,0.0,0.0013436191136625278,0.0069035451644532475,0.0,0.0,0.004804908674369654,0.014602146018839435,0.0,0.008854012464627022,0.0,0.0,0.0,0.0,0.013213118664896677,0.008501523090148486,0.029633703701956032,0.004579332335061518,0.007747356948674648,0.019545875946561382,0.0,0.0,0.0,0.0,0.0013250234399141212,0.0022094338492141164,0.0,0.0038532353333930115,0.002981074403755219,0.00045020318956969684,0.0,0.0027588893732968744,0.0,0.0015864404514189052,0.008642068117245445,0.0,0.0,0.0,0.010230695033569775,0.0,0.0027337169786169364,0.0,0.0,0.0,0.0,0.0,0.0001522812561428607,0.00036563662372801,0.0,1.0,0.0,0.0,0.007079208818572902,0.0,0.004503029339160168,0.01829399087813538,0.0019301726006676896,0.0,0.007174786891913769,0.015696708193266108,0.9850025282334786,0.008989710493394342,0.0,0.0,0.0,0.0026101181204145735,0.0,0.008579475852659214,0.0,0.0,1,mscan,Probe
0.0,0.0,0.0,0.012096371540207151,0.010615497757649917,0.002766061861753008,0.0,0.022177026148718203,1.0,0.0,0.0,0.008736570897429309,0.0035807015961744145,0.0,0.0,0.0,0.0,0.0,0.010570168908326502,0.008466255681547461,0.0,0.0,0.0,0.003579988672313478,0.0,1.0,0.0,0.0054166296073126586,0.988514129247128,1.0,1.0,0.0011868127905054165,0.006361127703067122,0.010485840269416832,0.010703148980947395,0.0,0.01664325758061038,0.0,normal,0.0,1.0,0.004161684467785293,0.0,0.0,0.01564975820763872,0.0,0.0,0.0,0.004895484636838379,0.0,0.0,0.006576452361383565,0.0,0.0,0.016057672095061547,0.0,0.003802307856391814,0.0,0.0,0.0,0.0,0.0062468339243478,0.004442660206851638,0.0070260889043206,0.002678106120036821,0.009432125970796554,1.0,0.0,0.0,0.005553365629331151,0.024258280746502058,0.0,0.0,0.00592634159001201,0.018856806570054317,0.0,0.0,0.007323393540291593,0.0014660438789460889,0.0050463948015026785,0.005611678509909326,0.010109587194145252,0.002647432661954666,0.009760740802002087,0.0,0.013824779172494193,0.00618272097543835,0.0,0.004261503235269066,0.007615576475057497,0.0011978891030391514,0.0,0.0,0.0,0.015269508176823486,0.0,0.00702828237039566,0.0217247520384309,0.0,0.0,0.0,0.014282068193653042,0.0,0.0,0.002117175979141044,0.004425569839202271,0.0,0.002350134260272678,0.003033689672475286,0.008972312052937735,0.0,0.0,0.0,0.01073225191228712,0.0,0.0058767833991790145,0.008866784995338937,0.010880287809339582,0.002179617661023044,0.014705260723403927,0.0085971957100725,1.0,0.006248825752161312,0,normal,Normal
0.0013975508434794605,0.0,0.0,0.0,0.0,0.0,0.0,0.007767948031889178,0.013882846663760275,0.0,0.0,0.0,0.0,0.0017065158578042142,0.0054399782007719345,0.0020622180324667582,0.002227940676980591,0.0004772157408839507,0.0,0.0,0.011581365564536074,0.012335788221867084,0.0,0.9847046462374647,0.9923050858862589,0.9974078232297998,0.003545324077968592,0.006233300134012648,0.2846354812421045,0.004064432366207941,0.006352904028822405,0.7776917980984179,0.7820191519917229,0.020333067741808243,0.007102946855861118,0.024243547951712435,0.7826540139745408,0.9860497352688706,portsweep,0.004172200532018402,1.0,0.0,0.0,0.0,0.0023841505003863116,0.0,0.0010485424215849323,0.021488359018058505,0.002348024521083359,0.005063947548584767,0.002656926809708481,0.0033150531173031816,0.008699156279676516,0.0,0.003192858023400502,0.0,0.0,0.0,0.0,0.0,0.0027104717640385745,0.009489894200416,0.00849285303700262,0.0,0.0,0.00388309955930984,0.006827722975261098,0.024113829245948487,0.004014386561666138,0.005818249124435752,0.00995440803456207,0.0,0.005107289971093449,0.0047140271148743106,0.004924870806447779,0.0062296422062603635,0.0,0.0,0.004040889829107448,0.0,0.012803933475538523,0.0058722430659397815,0.0,0.0031418382993528577,0.0,0.0005322427315127239,0.010983616469699413,0.014180943876732927,0.0,0.0,0.007396136985466254,1.0,0.0004454669923520691,0.004632783530728888,0.0,0.0,0.005059170094607854,0.0,0.003439666264852479,0.006160662291545865,0.0,0.0020493613744627507,0.0013541327934160493,0.002702018015928066,0.0,0.0,0.020936507562377332,0.0,0.01802297966031596,0.004564090073572979,0.0,0.0,0.0,0.0,0.00013620136447553075,0.0,1.0,0.0,0.0019536432507389874,0.0,0.004012471952589075,0.0,0.0,1,portsweep,Probe
0.0,0.006092968752480786,0.00025655373873707105,0.0,0.007841272962927182,0.0,0.0019212465514998548,0.0,0.9914571916130709,3.7497256821943585e-05,0.0,0.0,0.0,0.0002601570152370507,0.0,0.012065453563861225,0.0,0.0019987767533377007,0.0,0.023293136658454512,0.011951602030497034,0.006007549463847417,0.014651047958226216,0.0,0.012229302475508208,1.0,0.02391998896828491,0.0,0.028959681300426306,0.9350283455094089,1.0,0.0,0.11175479765594877,0.0674095961815464,0.0,0.003082629943343097,0.016171667443792885,0.0,normal,0.006594533374008818,0.9995767993929976,0.0072803652543829405,0.0,0.0,0.014768596363731117,0.03282277742280024,0.0,0.0,0.0,0.0021780579983423057,0.007653239753226149,0.016867372606124986,0.000527493342509951,0.0026139087235199695,0.0,0.0,0.0,0.0027930983479403544,0.0,0.0,0.0,0.01424582049129487,0.005997283788979675,0.0,0.0,0.012097295938665745,1.0,0.007964236526559023,0.0,0.0015045345231116292,0.0,0.00023605435338309574,0.0,0.003999389103550322,0.021838116330925108,0.008091561760395924,0.0,0.0,0.0018756496193086665,0.0,0.001413303904210482,0.0018808901599983855,0.01918648516782857,0.009679639025056,0.0,0.0,0.0,0.0,0.0,0.016363324985264046,0.0,0.0,0.019415704488008913,0.005160466090683661,0.0,0.0,0.0,0.003919688782059268,0.01687535361278703,0.0,0.001180299264598487,0.0006448421450494791,0.005133108395608978,0.0,0.0,0.007910645848603185,0.0076192393434023386,0.00698091206010868,0.0,0.00567856769432939,0.013993313981630435,0.0,0.007763604620384692,0.00846127409772518,0.0,0.008488227771962125,0.0029964787260018605,0.0,0.0,0.0044810890850281865,0.0,0.9973378678773395,0.001385682615287445,0,normal,Normal
0.00443971563867196,0.0,0.0,0.004365416022337229,0.0,0.008330076291725384,0.0,0.00798951193433824,0.9997765413031076,0.01305352738807159,0.0,0.0,0.005305675883764891,0.0025502743759759482,0.0,0.0022854901587070417,0.0,0.0033635773467410824,0.0006982043696303688,0.0,0.019633878150278325,0.022032208789865167,0.000591518376231222,0.0004436961806907167,0.0012199992951435715,1.0,0.0043588125968295555,0.011747023083203512,0.1383662895106517,0.9977093140873381,0.9929695478069415,0.0069771167016679575,0.05994105184240243,0.052266276883342636,0.0,0.0,0.0,0.0,normal,0.0,0.9946386950890722,0.006790044635162063,0.0,0.0,0.0027863214829067728,0.00034784131428699887,0.0,0.0,0.0048005957323408845,0.010114667987820552,0.0,0.0059088507024275495,0.0,0.010027517716745734,0.0,0.012458637065746037,0.021061797162198616,0.0,0.0,0.009192419279794327,0.0,0.011793067466224487,0.0,0.0020352452698239234,0.0,0.0012274485819179155,1.0,0.019794570788684962,0.008637926959309627,0.014116695200673211,0.0,0.0,0.0010071339045710423,0.0,0.0010175910328200399,0.0006258596034614003,0.0,0.01659734474759601,0.0,0.0034275007272830246,0.009374922614105559,0.007692174518893233,0.0018080969769885278,0.0,0.010891930287511693,0.0,0.0005701239532684343,0.0,0.00024860949854364235,0.0,0.0,0.0,0.0,0.022712285999460877,0.0060627917833042805,0.009724078785184677,0.0,0.004279307467485934,0.0,0.0,0.0,0.01068397166694893,0.0,0.0,0.016554795799863384,0.0,0.008561310342225873,0.023026850796452766,0.0,0.0,0.008703772203524026,0.009086686375007046,0.0020565343884016173,0.012846822928418907,0.0,0.004937798174200133,0.002537967934994017,0.011419045498510458,0.0,0.0,0.0,0.993001781576362,0.0,0,normal,Normal
0.0,0.0,0.0,0.004667102882271032,0.0015432015718408018,0.0,0.0,0.0011952623793343759,0.9945739862340246,0.0,0.007105883263961527,0.0,0.005320328954897019,0.0,0.0,0.00010731206281975675,0.0,0.0,0.010382208625112629,0.018936881036522836,0.0375872061178492,0.07160717271761348,0.05895574946116524,0.0,0.00492891176966055,0.9977267373093923,0.010927051724792466,0.0,0.9807292384216042,1.0,1.0,0.0003832877935928108,0.0004324552256965363,0.0,0.0,0.0,0.006914117422935902,0.0,normal,0.0,0.9787073385222237,0.005345921690650382,0.0021410896095357137,0.0,0.0,0.0,0.0,0.0,0.0030785447868939254,0.021933899779846708,0.0,0.00883206768975232,0.005917144778607082,0.0009330567044944481,0.0,0.009988395041197947,0.0,0.0,0.0,0.0,0.0,0.0,0.009186720573211156,0.007791284113472986,0.005339408402913033,0.005037649372145233,0.9964176542170685,0.007227789183481456,0.010603938564587414,0.01185281224090924,0.00061679520926272,0.0,0.018549910543024073,0.008822305471608569,0.018935756255369144,0.0,0.00928567631115201,0.0,0.0,0.003184908288130598,0.0,0.0,0.0,0.0,0.004876587051106992,0.022917791815204976,0.014864815305196993,0.01228820433445637,0.0,0.00658295020278473,0.0,0.006862021653982736,0.005709636074644466,0.0040180267146905585,0.0,0.008204269158150205,0.014014613583422266,0.009809883878017065,0.005914698775750734,0.014534907401327802,0.0,0.0032859437517116135,0.014985126768607273,0.009623215680256383,0.013939614428212762,0.0017223284528701099,0.008905132319196978,0.0,0.0,0.01713530512142444,0.015457032424726364,0.018518324023573108,0.0,0.0,0.0,0.008866181964045398,0.00350944101693691,0.0,0.0,0.007836544722529919,0.006128047222487368,0.9945742121972958,0.0,0,normal,Normal
0.0,0.0,0.0,0.009924018676196479,0.0,0.004615869476178598,0.012667633227186377,0.0,0.9954383764552711,0.0,0.006014409486072216,0.013696863370223567,0.0,0.007331174918785298,0.0039948950462057355,0.0056545767539408045,0.0,0.010705153327833066,0.0,0.020148030344817606,0.030101732278206263,0.003243858973090523,0.0,0.0,0.013129456360122041,0.9871516094233637,0.0,0.006301407880453366,0.20897276493953165,0.18452105819897607,1.0,0.009074894309750774,0.0031293483742766935,0.003069191586842591,0.0,0.013612882829940515,0.009489681231505578,0.009108744210727436,normal,0.009422287798628576,1.0,0.0069767620938760815,0.005584031570555596,0.0,0.010339300105423794,0.01202763268201184,0.004668171455765058,0.0,0.004706136558886154,0.001760459744589392,0.0,0.0026741180343809448,0.011356560540198157,0.004155213525676531,0.01809099496118989,0.0066228369715758415,0.015529761064495771,0.004388660986282529,0.007341692785952356,0.0,0.017193659435145663,0.009134488730149692,0.0,0.0,0.011078888340318059,0.0,1.0,0.012025363047111624,0.0,0.0,0.0,0.0,0.006740378448586735,0.0017698058464405634,0.0004725596672393197,0.0,0.0,0.0,0.01154626006101231,0.0,0.01586509779694926,0.0,0.0,0.0,0.0,0.0033464253205126556,0.004585095451213326,0.0,0.0,0.0,0.006070696820585534,0.0,0.0,0.0016272400123892076,0.006748506330637405,0.010866669912676033,0.005927683243034283,0.008987436834482922,0.0,0.0,0.0,0.01732729710409444,0.00898153468070386,0.004318306299403272,0.0031927255294132467,0.0,0.013233731978481154,0.0,0.0032119680614774923,0.004343583160400106,0.006975921633400288,0.0029470211777605517,0.0,0.0035921126426626776,0.0,0.015896118655425825,0.0,0.00894354129158063,0.001065785237428434,0.0025685637665923116,0.0,0.9885950811235998,0.00818849657879132,0,normal,Normal
0.022780444893429518,0.0,0.0017014865866951234,0.0,0.0,0.018865788804002862,0.0,0.0,0.006459742837563356,0.0,0.0,0.0,0.004143584046797561,0.0,0.0,0.0,0.010152537445094452,0.01003346693937189,0.0005024957300834744,0.22180605845220974,0.0,0.0,0.0027237627636328638,1.0,1.0,0.03659299987036407,0.06669723926717279,0.0,1.0,0.03393458231290396,0.02466843843532976,0.05964627841997013,0.0,0.0,0.011418726922978004,0.0047756592577698235,0.9907722522010249,1.0,neptune,0.0013947989860005278,0.9913494106759521,0.014527043613360165,0.003647963521169526,0.0,0.0,0.006571339900521782,0.0,0.0,0.0,0.013785628254783888,0.0,0.012020204101071304,0.0,0.0,0.0,0.0,0.0017882430422688621,0.0006155605973758023,0.006160409339244303,0.020791880535274684,0.013052689134206236,0.003963837229509066,0.011036072018712205,0.0,0.0,0.014887948756203369,0.01301404851366416,0.0,0.0,0.01964996731216041,0.0,0.0039658813048786936,0.004618402518879124,0.022802591417206065,0.0,0.005385636541671638,0.005747084329037292,0.01401716922710755,0.01055151595184635,0.009001670477142508,0.00742915395723343,0.0,0.0,0.006076042356958015,0.0025162058949922965,0.0008267264612949174,0.0,0.0,0.0030263896592471456,0.0,0.007884603450989151,1.0,0.0,0.0,0.0,0.0018109361939923885,0.0,0.00973292183855546,0.009942957146245844,0.0,0.00020634112706664027,0.0,0.0,0.0,0.0037780966765886934,0.0026768371392047654,0.0,0.0,0.007430109296346726,0.01714823298666544,0.013278237836072092,0.0,7.185572603113042e-05,1.0,0.0,0.005622651439723222,0.003208784722495839,0.0,0.0,0.0,0.0006165950001232269,0.0,0.0,1,neptune,DoS
0.0,0.0,0.007988891453213857,0.008974073766214907,0.008190991278439398,0.0,0.0,0.0,1.0,0.0,0.0,0.013938672322441234,0.014237763126773793,0.0012390758930117573,0.0,0.013010651808374836,0.014535925369990155,0.006711609484622817,0.007222728040881763,0.03875046725549079,0.03182294901286419,0.0,0.005890589210829634,0.0022943990909647678,0.0,1.0,0.0,0.0,0.4936521370365867,0.9866819042787143,1.0,0.0,0.0,0.018893938332520285,0.014135101850800462,0.01119517327816151,0.01393985278321504,0.001984110167085031,normal,0.0,0.9970102380170524,0.0,0.018683850328160098,0.0,0.0,0.0,0.0,0.0,0.008418440703424316,0.0022660703804823113,0.0,0.0,0.016794321467301837,0.016877236262449247,0.0,0.0,0.006574422063538828,0.0,0.0,0.0,0.0,0.005203159749972972,0.027296986988544113,0.0,0.023389161441582408,0.016991295424158996,0.997390976316177,0.0,0.020777283697364892,0.0,0.0,0.026261661164635953,0.0,0.005415586852166033,0.0,0.0,0.0,0.0,0.014320633819976765,0.0033417085267717916,0.0,0.0,0.014681832629573587,0.0,0.01229671327497109,0.01417991814669636,0.0021848799597334384,0.0035711468887517956,0.0,0.009985855960976734,0.0025730582427175627,0.013079569006922951,0.003552040851478868,0.0,0.007398528415251746,0.0,0.025161071191517552,0.0020183590360180015,0.0,0.0027394044458035416,0.0,0.0,0.025422018278365748,0.0,0.00438468739061698,0.0,0.0030365490305653974,0.006399538762394186,0.0011307113730690177,0.0,0.016809760005185775,0.0,0.006392791891522212,0.0033484255028008647,0.0,0.008580592037390443,0.010826188491825324,0.010434977813117521,0.0,0.002779524515855518,0.0,1.0,0.044957116058625214,0,normal,Normal
0.0,0.005924976757874599,0.00281301983824641,0.005420780760653791,0.008137175386724095,5.811890989001179e-05,0.006759674493545705,0.00784911680937969,1.0,0.0,0.0,0.0,0.01807394368958768,0.0,0.006591573658379884,0.0,0.008975601048687266,0.003903442163966841,0.011747692853305127,0.007452079531366,0.004521252066778346,0.009210346154401155,0.00044343594370457656,0.003974212874286212,0.0,0.989367828996574,0.0,0.0,0.3167175653227395,0.27155188120263735,0.5893372401393489,0.0502081076015057,0.014637028061650422,0.03253092025820715,0.0,0.0,0.0,0.0,normal,0.0,1.0,0.014982959683302368,0.014855828609074154,0.004482254454738821,0.025575026805392087,0.008853213966333453,0.00714368035162876,0.007495733620639076,0.0,0.0,0.0,0.0,0.01124486525609629,0.0,0.0,0.0,0.015655388742932864,0.0,0.02047838225550207,0.0,0.012242058631437978,0.003467979984479664,0.0,0.0026545547351729754,0.0,0.0,0.0,0.0,0.014556002356754352,0.0,0.0,0.0049940052353386775,0.008262564401188988,0.0,0.008375998201169845,0.0,0.0,0.00638058758184865,0.0,0.0028397849498147287,0.0,0.0,0.0,0.01939754160235333,0.0,0.0015573737938513982,0.0,0.0,0.0,0.0,0.0024820878500331003,0.0,0.007006551383368827,0.0,0.0039904944607236075,0.0017845750381857495,0.9852401616658184,0.0,0.0,0.0,0.006616871370141268,0.005182118856332474,0.0,0.0014701418719030713,0.004004569335772127,0.0,0.0,0.015672478778483587,0.0,0.0,0.006846149254960614,0.007767986754465994,0.0,0.0,0.0,0.0,0.0,0.01700039251958742,0.0034830603285135424,0.0,0.0,1.0,0.0026614016909434347,0,normal,Normal
0.0,0.010126722627302282,0.017003667509486505,0.007863551903119584,0.0,0.013398512811588605,0.011607380755830047,0.008943212475978339,0.006503701897569112,0.0018601638725085378,0.0,0.007804499727519421,0.0,0.00047126663400011377,0.012966823706175032,0.0,0.006635016452985,0.0,0.0,0.4516538202561758,0.025941681193624576,0.6126407223089814,0.7588733465847249,0.3573698286675152,0.2602141097439832,0.06146327412980642,0.06254494915954285,0.0025686487514969473,1.0,0.04464499534372015,0.05974529742850098,0.07353217602352677,0.010090871983287609,0.0,0.5544531814373509,0.7503761104705594,0.45784779705501166,0.2540131381261833,neptune,0.0,0.9989086969771903,0.0016322305706511645,0.01400620778654165,0.00031873520792869017,9.266679037860567e-05,0.0,0.0,0.0,0.0,0.015563852564074093,0.002242052423416417,0.006491528649467078,0.010291993837797954,0.0,0.0,0.0,0.0,0.0,0.0,0.009159511949646568,0.0,0.0122807752838317,0.0,0.0,0.003426759881778041,0.0,0.0013285177257707375,0.0,0.0,0.0,0.001956918599660969,0.0,0.0,0.0,0.0,0.013115027248216988,0.0,0.0061575349417560725,0.00665190828764036,0.0017300491498832417,0.01955357359477292,0.0,0.0,0.0,0.0,0.0,0.0,0.00494865000149458,0.0,0.014540734684338738,0.011942282605309882,0.9910913500811974,0.0,0.0,0.0,0.002380295678627947,0.0,0.0,0.011778282720683595,0.00729942917716702,0.004179553105941683,0.0,0.0,0.0,0.0,0.0,0.0,0.008610844891274684,0.004053164699685505,0.005474902125768859,0.0,0.0,0.0,0.0,0.0,0.0,0.005551704508264117,1.0,0.0,0.008961152604324854,0.02060357660796044,0.0,0.0,1,neptune,DoS
0.00877298472145055,0.005243398456358034,0.0,0.0024211739063478835,0.021854555656871645,0.002450425404603988,0.005660902566800688,0.0,0.0007039408104389828,0.0,0.0,0.0062584449909940925,0.015422568722414747,0.0011033901956838145,0.0,0.0,0.0018613887363232908,0.0,0.0035696284084790427,0.32234865135916685,0.3190905712448192,0.002824350149516981,0.00993760837167506,0.0,0.0,0.9930650580628801,0.0,0.0006454178840415451,1.0,0.9896079926468714,1.0,0.005360861056431728,0.9889156860183468,0.003675323403537555,0.0,0.0,0.0024585559998458613,0.005754782073610002,smurf,0.9951741710478879,2.442232173887239e-05,0.00019244831809149966,0.0,0.0,0.0,0.0,0.0181535371754074,0.0,0.010349473166275902,0.0,0.022832817086980196,0.0183421567992505,0.0,0.0033017954143093153,0.0063378070565301425,0.0,0.0037274295791020723,1.0,0.0,0.0,0.023708465776415333,0.004234538574687456,0.0,0.008498905906144667,0.0025118299992880587,0.026034570979585194,0.0009488262855285962,0.0,0.0,0.0,0.0,0.0,0.013747591295570278,0.006413802316000052,0.0,0.0,0.0016434467939869274,0.003299891448762823,0.0,0.0,0.009362925691224521,0.0,0.014064298509381156,0.0,0.015395837756712502,0.0,0.006559771384703712,0.0019553047116906827,8.324765444649432e-05,0.0,0.001114833660489686,0.006536551736480623,0.011934835855461885,0.020314157684224995,0.0,0.0,0.0,0.0,0.0,0.0,0.0039555151596518505,0.01796662014260311,0.0,0.0,0.00447371291749209,0.0,0.0,0.0,0.008653131442654876,0.0,0.0,0.0,0.0,0.005198939993533442,0.012548507928948197,0.0,0.00018873973965187756,0.0,0.024121644155081716,0.021405974378426874,0.0,0.9949335580178186,0.004051821318118507,1,smurf,DoS
0.015554635711178454,0.0,0.006566550648918268,0.0020166328777174998,0.02239691342420241,0.0,0.0,0.005320176805351665,0.0,0.00018086501375325903,0.00928627166097409,0.0,0.001589359135018263,0.0,0.0,0.0,0.0,0.007387549564671855,0.0,0.26226703522746286,0.0,1.0,0.9937189615432819,0.0,0.0002599411756183591,0.05949838332777557,0.091945915780348,0.01582229814265645,1.0,0.0,0.014859462693258331,0.10471433500615378,0.0,0.007088193536827621,0.9967381679766293,1.0,0.0005515020056321132,0.0,neptune,0.00931274794954984,0.9949083158448553,0.008531688066218913,0.0109874004975606,0.0,0.0017513811725138316,0.0,0.0,0.0,0.012730500762080548,0.0,0.0,0.0,0.0,0.011556787901828324,0.006141892724908046,0.0006414828500179917,0.012519934754297631,0.0037541926941982067,0.0,0.006475994874478939,0.00437906949727815,0.0,0.011339050553332465,0.003928386507333069,0.0,0.0,0.005460662113281093,0.0028687485702307385,0.0055597621326694945,0.0,0.018380926338388805,0.002414297636018197,0.0,0.0,0.0,0.0,0.0,0.0,0.0,0.006538877654120743,0.0,0.0,0.0,0.0,0.012981546651298059,0.0,0.0,0.021421394978297013,0.002860685278483737,0.0,0.0,1.0,0.008386152954603225,0.011017086825350355,0.0,0.00958936355450761,0.014361072781687979,0.007671852032268306,0.0,0.006931943492068424,0.0,0.007018818340841468,0.0044861655573583525,0.005164085056963277,0.008753649355545961,0.0,0.0,0.010039021172372828,0.007420731035831683,0.0073736383664852224,0.02350214181031817,0.0033997043765598227,0.006188028533775247,0.0,0.008130930367823029,0.0,0.0,1.0,0.0167058053029992,0.0,0.0,0.016287621047108583,0.0,1,neptune,DoS
0.0,0.016832397087002408,0.0,0.003475252341313067,0.010167177205694513,0.0,0.0,0.0,1.0,0.0045131076829124095,0.0,0.008048557053827367,0.00038888217466624485,0.0,0.013303405319785426,0.0,0.01750178998255036,0.0,0.013152928334918506,0.0,0.01194355327185624,0.0,0.00994371408408148,0.003411045757442182,0.00878636612200038,0.9886921280869659,0.009267062268932794,0.01875701838166432,0.17379585069076717,0.9833048626255184,1.0,0.0010220510815140667,0.007146733927856603,0.03068350545231689,0.009300804039363116,0.006308556962134326,0.0,0.0,normal,0.020744676866619304,0.9973790256148063,0.01329188880811717,0.0,0.005997320834819766,0.0,0.0,0.0009583399415320746,0.003364030718816797,0.0,0.0,0.0,0.0,0.0,0.014487792262836668,0.013533569351453851,0.00991442275103926,0.009039817885428986,0.0006658108527872321,0.004324769438890365,0.0,0.011441814391550066,0.0,0.0,0.0,0.027146084639299902,0.0,1.0,0.0,0.0,0.0,0.0,0.0,0.018130396021383458,0.0017599565517713777,0.022973158321229033,0.0,0.0,0.0,0.008314855099369838,0.0007334719494340014,0.0,0.0003061272026545718,0.013315381775152407,0.00958720718671094,0.0,0.0,0.000779470607696271,0.0,0.010905275550639058,0.0,0.003907239187805238,0.0,0.0,0.0,0.0,0.001870815829031732,0.019384839769577385,0.0,0.0017650333522447222,0.0,0.0,0.0,0.0,0.01297457647747651,0.0032258961735338364,0.002373188615359931,0.0012116189662301413,0.006745457787272725,0.0,0.0,0.0008411890271028789,0.004271965741232382,0.0,0.0,0.0,0.0,0.0,0.0024837067982791316,0.00021580991546268978,0.0,0.0,1.0,0.0,0,normal,Normal
0.0,0.0,0.0,0.024965272227258275,0.0,0.0,0.0069251753362487255,0.004856793607638805,0.9963741430879776,0.0,0.0,0.0,0.0020924732411471943,0.010890668163550192,0.0033694557649371366,0.0,0.0,0.0037007931342830803,0.0,0.01674123429616731,0.003288275284122455,0.0052466941079279215,0.01823778283207522,0.0,0.008266680383384592,1.0,0.002131012221796492,0.0,1.0,0.9508684845129439,0.9368392793661062,0.01885122704657919,0.0,0.0,0.0050193589799854554,0.0,0.04790457776307438,0.07673326810335492,back,0.005738978968822266,0.9896191185481852,0.006245083532996714,0.0,0.0,0.0,0.006856676610867654,0.0,0.00879894877721869,0.0026904065770610116,0.0,0.0,0.0,0.0007135423237711185,0.0,0.0,0.015786328197443644,0.0,0.00872513627655175,0.0,0.017165266510028553,0.0,0.0013916654112462348,0.005979071054245476,0.0,0.009823158936690075,0.0,0.9928874880417704,0.02596055401178842,0.0026313675926424086,0.00488223924710688,0.019274959271896992,0.0038098090474738516,0.0,0.0,0.0,0.011181195047391552,0.0033857764774369394,0.0,0.012914316756968833,0.016500960226342665,0.006995991136765904,0.013713207627634418,0.0,0.0,0.0,0.0,0.0,0.0,0.0,0.0,0.0,0.013766239537485798,0.0,0.016292240192700484,0.012635328177444607,0.0010724341639252045,0.0,0.0,0.0019040305272003675,0.011460267779415834,0.0,0.001131063229924231,0.0,0.0,0.0,0.0,0.0067290365130640495,0.006154642477946853,0.016365736431234484,0.0,0.0,0.0,0.008402475240655415,0.0,0.018430488909671746,0.011032665604941781,0.0,0.0,0.0,0.0,0.008143966419149572,0.9973746319975586,0.0,1,back,DoS
0.0,0.0012817107405963448,0.002248929455515258,0.004855890432195873,0.002416589856985896,0.0,0.0,0.010937489408899204,1.0,0.0,0.019268353771497444,0.0161935672657089,0.0,0.0,0.009635005285517442,0.0,0.0,0.0,0.0,0.0,0.017901584860505006,0.0,0.0,0.005506571514629989,0.0,1.0,0.0,0.7600002745389496,0.11665856287570908,0.9427226623347208,1.0,0.0030096142044358743,0.011157230493799634,0.006786705906641636,0.0,0.0,0.006195499444995867,0.0,normal,0.0,1.0,0.0,0.013813931755198934,0.015553984938833993,0.0033641039550276527,0.0075733451917617345,0.0,0.006119304909714287,0.0,0.01333863456804457,0.0003358941723650727,0.014903098083848099,0.014060030918077202,0.0,0.0,0.0018219458343359317,0.0,0.0006591834036127657,0.0,0.005774712236611062,0.0,0.0009169704399201202,0.01947738509852829,0.0,0.0,0.0,1.0,0.0,0.0,0.0,0.0,0.0,0.011551158595776654,0.0,0.007300565107525449,0.01224703234211615,0.0,0.012601531086296674,0.008299244620657514,0.0,0.0,0.0008589451635071981,0.0,0.0,0.0,0.003444185553204205,0.0,0.018612766726276625,0.0,0.004420375753779826,0.002116904069944221,0.008225445403173466,0.023411596917271155,0.006500363333338011,0.0026846733379070897,0.0,0.009303749943181502,0.014418298414123747,0.005988371609784864,0.0,0.009863641629637699,0.0,0.008897076268116783,0.008127996150934645,0.0,0.0,0.0,0.0005373098689474212,0.0,0.0,0.007225633047614108,0.012826857251174975,0.011585914169338995,0.0,0.017729833549895217,0.0,0.0,0.001351727150533304,0.0,0.007518521001763664,0.015552318654201917,0.9917400905729364,0.021457971720261596,0,normal,Normal
0.017285810086657822,0.01907473761690181,0.0,0.004219478943212459,0.007748792176026956,0.01661093452545865,0.013699346853253873,0.0,0.023029417994684085,0.0,0.0,0.0,0.004284472002002748,0.007554769909838202,0.01498438099567952,0.0,0.0,0.003981119318971457,0.0035530012668864553,0.444635921501031,0.038726657057974845,0.0020634273570906466,0.0,0.9970840131977908,1.0,0.07024386540555592,0.06997255040155884,0.013656639132338068,1.0,0.06347100703197993,0.06166204069856809,0.060549593530248795,0.009760100955421975,0.004908516502738782,0.01967878762343052,0.0,1.0,0.9957374905937595,neptune,0.0020885869056214016,0.9988534394377881,0.0082943180263103,0.0,0.014822197907130298,0.0,0.005199959065114335,0.0,0.0033656498285078713,0.013380386779553785,0.0038948776723007907,0.0,0.005808098535371977,0.0005684867376196359,0.017724136723273293,0.00911089493133475,0.0,0.0,0.0,0.00032782168268858053,0.009344716501850805,0.00042007243677781174,0.0042279913743040985,0.00552870386801556,0.0,0.0,0.0,0.0073827416963389795,0.0,0.0,8.234881620759261e-05,0.0,0.0,0.0006200481303993677,0.0,0.002812045631120798,0.019105470502069705,0.0013802751311155549,0.0,0.0,0.01553969741742339,0.005134387942392524,0.011454309524907159,0.003269570717855921,0.010767816268513088,0.01016881774446781,0.0,0.005720619508401832,0.0005258510922321226,0.007905319105660854,0.0026061381237209354,0.008943159990880373,1.0,0.0,0.005072732831417162,0.0,0.008924354116800533,0.0,0.0,0.016876187393961104,0.006297200944670606,0.008609644626108713,0.00027135446074191,0.0,0.0,0.0,0.0,0.0,0.0014332262931896164,0.0,0.013823005541514532,0.0007193955911100456,0.0,0.0,0.9872402700122936,0.0,0.010184887013517314,0.01070777624304276,0.0,0.0,0.0031746067348574014,0.0,0.02954283670480103,0.005137066061728755,1,neptune,DoS
0.0026292073132174183,0.0,0.00469179531918082,0.0033039562662349692,0.0,0.00754572474791471,0.0011559615892669463,0.01397373222248326,0.012419944210816793,0.0,0.005464205058439513,0.0,0.0061535702080818865,0.0,0.0,0.0,0.0,0.007479538886798773,0.008101301919446935,1.0,0.008614243115066093,0.044460765625471035,0.0,0.9557411002912143,0.9907962800644222,0.0,1.0,0.0015907375913673508,0.9808146519044552,0.015801980623823892,0.008477673929115201,0.9989695469517671,0.009076539561041916,0.0,0.0059205868257943915,0.008041189661306838,1.0,0.9846773075917977,satan,0.0,1.0,0.004879529787963725,0.0030303251382658336,0.0,0.01158832232610499,0.0,0.008531224867872323,0.0,0.007520821455043154,0.005544786537353225,0.01053666088797785,0.0,0.0,0.0,0.0,0.0,0.0,0.0,0.0,0.0006233025423203602,0.0,0.0,0.0,0.004365626614212516,0.0,0.010964946572256497,0.0,0.0,0.0,0.0,0.003220159098664979,0.0,0.0,0.0,0.00747180952469098,0.0020291833917181978,0.0,0.0,0.0,0.00038403793285782836,0.016522115708101543,0.0,0.0,0.015911705138966586,0.017188970090099426,0.010824179253034616,0.9927982177663641,0.013631441205956227,0.0,0.004181612447425436,0.0,0.013472921274112202,0.009348398977351383,0.0094179806008757,0.013864881323184815,0.0,0.004684104995501782,0.011207556504584278,0.0,0.008549092530379502,0.0,0.007499275232540506,0.006755816220249395,0.0185130009172534,0.0015872129015180602,0.0055578463787589365,0.0,0.0024740354060001604,0.0,0.0005037128170129114,0.006370146194821901,0.0,0.011192070549636928,0.9955748600427415,0.016726792810111343,0.0,0.0,0.027404950654633848,0.0031809247403633274,0.011612399163398509,0.004523564548255864,0.0,0.009164932916024535,1,satan,Probe
0.0,0.00016003992796222546,0.0,0.0,0.0011896688405493223,0.0,0.0,0.0,0.0,0.011347544732226903,0.0,0.0,0.009064819374894088,0.0,0.0,0.0,0.0003031629453362509,0.018516234232718323,0.0022883279476051542,0.4429482763651093,0.036394905280935155,0.0,0.002106079404937439,0.995742051696761,0.9893908846785904,0.060176308682606136,0.07596505893549022,0.009004561091119793,1.0,0.059589612438545256,0.06307327262659201,0.0687424295353039,0.005696004179867934,0.0,0.0,0.0,0.9982231617563017,1.0,neptune,0.006034368357354896,0.9992969529349749,0.0,0.0044602163087868445,0.005330424007781279,0.0,0.01133542722006063,0.007101368330101301,0.0,0.009306419730718028,0.0,0.004330538177543553,0.021124653466880562,0.0,0.014604110753638724,0.006925953410349618,0.0,0.0,0.012881994032810864,0.013017617428840141,0.0,0.0005953724032560217,0.007277091127843477,0.014891702119964418,0.009566050507859386,0.0008567246111986117,0.0,0.0,0.0025949458953242817,0.0,0.011861645313458118,0.007039321981492441,0.0,0.0,0.0019690848737712197,0.0,0.0,0.005362937869288089,0.002835321083240618,0.0,0.0,0.004956446321951071,0.0,0.014687189786069954,0.006225791101196096,0.0,0.0008259641118901891,0.01160645966803748,0.0,0.0,0.0,0.0,1.0,0.00891178247768266,0.017408446956032865,0.0,0.0,0.010630746356458956,0.004622081975025347,0.01046987090056412,0.00618182084261286,0.000469192497614002,0.0,0.0,0.0,0.0035568051349723585,0.0,0.0008415820513841604,0.0,0.009834795418951839,0.013848607920097695,0.0,0.006544536114583031,0.011126152983049038,1.0,0.005530627665784877,0.0,0.00516901615131421,0.004606463361553724,0.0,0.006217017802695302,0.008715647450130752,0.009480522093662154,0.0034639789889674916,1,neptune,DoS
0.006790504597471696,0.006437171947135935,0.0,0.008386011467726742,0.004359875965020933,0.0,0.016750694481029244,0.0,0.0006212996196474463,0.005631314779733475,0.0030858060684841853,0.0,0.0,0.0,0.006085240976978615,0.0,0.0,0.0,0.0,0.23587258241814502,0.0013587529816410163,0.007165642820565488,0.01193904168189901,1.0,0.9992304037825528,0.03971686685591927,0.06256767406735571,0.0,1.0,0.009177200796853692,0.021098799316374654,0.05499914411798873,0.0,0.0,0.02751666714166888,0.0,1.0,1.0,neptune,0.0,1.0,0.0023646262175255448,0.0016403447985920397,0.0,0.01299120339656542,0.0,0.0,0.0,0.017915373054428103,0.0,0.00862371899244462,0.0,0.0,0.0032378373431442044,0.0,0.0,0.02042398029158498,0.0,0.005822618881508503,0.005236909090549972,0.0,0.004959102975926823,0.0,0.00043767797489509014,0.001084170669217088,0.0,0.0,0.0,0.01011671467520938,0.0,0.002231927079703547,0.0,0.007436648468127624,0.0,0.006881624410438681,0.025837046281226503,0.02261307627133693,0.0021571063712596326,0.0,0.005886735202751618,0.004669351995548171,0.0,0.0,0.0,0.0,0.0,0.0,0.010678805817879467,0.005528932832043978,0.0,0.0,1.0,0.0,0.0,0.0,0.005094365965980363,0.003048996375626084,0.0,0.0001277483785310517,0.0,0.015986503311087374,0.008736230447403053,0.0,0.0,0.00709137891784181,0.016630615086009385,0.0,0.02301389979283016,0.003218142473547999,0.012419750041075584,0.015872977753454427,0.0,0.0,0.9917487098438711,0.0004744657171849876,0.0,0.014970985086274797,0.0221958763432558,0.019844452869413633,0.00413473956742739,0.0,0.0,0.01524864011089623,1,neptune,DoS
0.010191389309745951,0.0,0.007085436582678362,0.0,0.0,0.0,0.0,0.0,0.0069408271636673124,0.005683784266665546,0.016566056898234812,0.0,0.0,0.0,0.006796617309580305,0.0,0.010128600853501793,0.0,0.0,0.22076890173060415,0.028494714195093952,0.014043202448356294,0.011767822623090257,0.9871005674197384,1.0,0.0700844878741646,0.07374575035216081,0.018490266215812803,1.0,0.028379184326665037,0.026712804865480957,0.06849593191465933,0.0,0.0,0.00136350634332369,0.0026520940911210857,1.0,1.0,neptune,0.0,0.9942494991647947,0.009466730063030702,0.014543302996327799,0.018888594280290914,0.0,0.0019498738173360619,0.029000145520134604,0.0,0.00219555719036918,0.0,0.0,0.00020400297076979902,0.0,0.007483559909258892,0.0,0.0,0.0,0.0,1.0,0.0,0.016493097706140224,0.02311310486041082,0.0,0.0,0.014929705502528305,0.0,0.0,0.008703639929603933,0.0,0.0,0.0,0.0020509931107211958,0.0,0.0158322036857217,0.009656376255720559,0.0,0.015676224275420658,0.008444805324350197,0.0,0.0,0.000795305343503798,0.0,0.011626738413577817,0.0,0.0002403571786117038,0.0,0.011936713705846995,0.0,0.0,0.0,0.004794497651154936,0.0,0.008160633377202827,0.0,0.02048751668205008,0.012934562526062586,0.0,9.831124619636872e-06,0.0,0.004395307595815321,0.0,0.0,0.0,0.0,0.020075498162685567,0.0,0.0,0.004183753279878729,0.001628901264343697,0.0,0.0,0.003700697062831636,0.004374246353341605,0.9910230874447535,0.010037377510788018,0.0053209523441809705,0.004774235745350526,0.0011373281694856353,0.0,0.004740615554086994,0.0,0.012284436651402712,0.0,1,neptune,DoS
0.0,0.0,0.004172184577462735,0.011437469110840483,0.0,0.0016442301777036467,0.0,0.0,0.0,0.0,0.0,0.0,0.0,0.0,0.0,0.006107510220586768,0.011507544282055198,0.0019669392204063594,0.0036777882736252895,0.23174788800104515,0.2283084362932686,0.0,0.0,0.012027729811275019,0.0,0.9792587432576,0.0010744551603815886,0.0,0.9910947944217834,1.0,1.0,0.017619797787594767,0.0,0.0,0.000962268775515231,0.0,0.0,0.0,normal,0.0024501857275995714,0.00397809526051288,0.9984784029202172,6.850923542273953e-06,0.007011399135776451,0.0,0.0,0.008646298115648975,0.0,0.0,0.01662319730766549,0.012533024378002846,0.0,0.0,0.0,0.9857684369348838,0.009417431879298084,0.0011802828068014568,0.020731207274464963,0.0,0.0,0.0022337255971730564,0.0,0.012116142373363545,0.0,0.0,0.0,0.0,0.011020121237305905,0.0031076947957770678,0.0,0.0007863394744744345,0.015525664712468258,0.0,0.010195259143695479,0.0,0.0,0.0,0.013486218664666235,0.01417561428030138,0.0,0.0,0.006677157660967642,0.0,0.0,0.016070159801805668,0.017855945611564037,0.0,0.0,0.0,0.0,0.015941157490394625,0.0003107530862568212,0.015568170598967155,0.0,0.000731872267405436,0.02519479492016239,0.009185028387230796,0.0,0.0,0.017158250845847527,0.0074822620224541305,0.014222203788621114,0.0,0.0,0.003483511025899919,0.009907397069669545,0.025970654874271425,0.0033872424072690422,0.0,0.0,0.010817801086184763,0.0,0.0,0.0050485244073243405,0.0,0.0,0.003403259563389701,0.0,0.0,0.009014790405741368,0.0,0.9873943079409669,0.0,0,normal,Normal
0.0,0.00860383892030829,0.004130334347167472,0.0,0.0,0.006184858400920538,0.0,0.005105750098951276,0.005737612866825298,0.0,0.0012143314731288396,0.0,0.0,0.012915294105794792,0.0038819543193800428,0.0,0.0,0.0,0.0,0.0025071593170167984,0.006676033837000037,0.0,0.010181423504140228,0.9750282220973563,1.0,0.9959153482017243,0.0,1.0,1.0,0.02038078641343096,0.033681779121219724,0.03124924558687949,0.0,0.0,0.00019537267694404043,0.0007210270685276887,0.23180008545331846,1.0,mscan,0.0,1.0,0.0,0.0,0.0,0.012442199750965444,0.0,0.01419309610236341,0.006964117242133756,0.0,0.01481249564583651,0.0,0.006101472359309423,0.011504640609737405,0.0032760762265070637,0.0016872780701699974,0.010281688863735892,0.0,0.0022418401854045053,0.004037793796363944,0.0,0.005437710859489744,0.0032097607563194666,0.010226628336746759,0.0,0.010508882135481654,0.015299356474766337,0.0,0.0,0.0,0.010496545112552751,0.0,0.0,0.0022124795717091577,0.011894217895758442,0.0,0.0,0.0,0.0,0.0,0.011900908533381412,0.025005865110524918,0.0,0.0,0.008940476186128029,0.005583404931604995,0.0,0.0009317308001101064,0.007236980557044911,0.002436810279788441,0.011215312736842486,0.0,0.010286849804977283,0.0,0.006599217765800103,0.0038024810020501503,0.0,0.007758736499335684,0.01260337356531128,0.016178745654982344,1.0,0.0,0.013395508869937931,0.015167475980448196,0.0020760235947086605,0.0,0.008334945855606549,0.0,0.014514709589087047,0.0,0.0,0.0,0.0,0.005842048557969158,0.9950654024529008,0.0,0.0016414996633483303,0.0,0.005444042013446519,0.0,0.0,0.007510441934465958,0.007353176482585969,0.0,1,mscan,Probe
0.0,0.0,0.0,0.0,0.014659316268073548,0.02015448806649709,0.0,0.011640185229110554,0.985390796027579,0.012765722792890889,0.0,0.0,0.0069970270501786115,0.006977684809656548,0.00538333353063229,0.009862993455110299,0.0,0.0,0.0,0.0,0.0,0.0,0.007346692965816877,0.019572705346502385,0.0030604408693718234,0.9771277709641202,0.007978251397767899,0.0,0.9961478783032076,0.9190830034160403,0.9166500364609523,0.04706848450896636,0.0,0.0,0.0,0.010084715174627805,0.06920755423555651,0.0028966082785459165,guess_passwd,0.0,1.0,0.008503242830059207,0.0,0.0,0.015615883544712357,0.002278790673900004,0.007199312392735658,0.0,0.0008516977692880883,0.00044153277183054464,0.0,0.0,0.019525223139069067,0.0036040136487550905,0.0,0.0,0.0,0.0029520460925901377,0.0,0.004812222095519527,0.011704004663539287,0.0,0.0,0.009344715595581617,0.0,0.010148821708498113,0.005659906865064965,0.015994986852955168,0.0,0.006446782006796823,0.02495618004410382,0.0,0.0012505143416974716,0.008599479222330743,0.0027422726986644913,0.00934265711029185,0.012964315075362134,0.0,0.009217214032479193,0.00042612638086234603,0.006432225181254608,0.005299497889944871,0.001315686901358601,0.007799054832000397,0.0,0.015418039179887414,0.0,0.0,0.00029895039886215064,1.0,0.00647971274343215,0.0,0.0,0.006589680875399671,0.00703238316507042,0.0,0.01661229260006785,0.0,0.0,0.0,0.0,0.0027323992109752598,0.0,0.025972790666896187,0.00845789387071898,0.0,0.0,0.013727250040961739,0.011911935770007792,0.010396265820220083,0.012612132843607937,0.0,0.008870307086784381,0.0,0.0,0.013713948193488295,0.008123738029516563,0.0,0.0,0.0,0.004799838932778217,0.9990644303636315,0.0,1,guess_passwd,R2L
0.0,0.00277006778933606,0.0008604952833728241,0.0,0.0,0.0,0.0,0.007076266167968149,1.0,0.0,0.010780196946432145,0.0,0.007903557261024523,0.005944076540576463,0.0,0.0,0.017064684437532642,0.01095665519011389,0.023826321501264593,0.03876544817874461,0.04115587168334624,0.0,0.0,0.0,0.0,0.9991777154448372,0.0,0.007307501451459259,0.34992510814417355,1.0,1.0,0.008387858108495926,0.0,0.009973545019286519,0.0,0.0,0.005945967237959767,0.006353727889746104,normal,0.0,1.0,0.0,0.0,0.013289759127201642,0.0,0.0,0.004333798825263074,0.0,0.0,0.0,0.012395937045131157,0.0,0.0,0.0,0.011084701890014674,0.0,0.0,0.0060528058643920446,0.012553959433131002,0.0,0.0,0.0029400966227786166,0.008943301537014595,0.0,0.0007532290376895342,0.0,0.9933693717681914,0.0,0.0,0.0,0.0,0.0,0.0,0.0,0.009303149774574651,0.0,0.0,0.008851547971899706,0.0,0.0,0.0,0.0,0.0,0.0,0.0,0.01552438393547191,0.012425074479951228,0.0,0.003186702654235925,0.0028169184199296716,0.0,0.0,0.0,0.0,0.0,0.002592979600292541,0.0,0.006729720867059339,0.0,0.0,0.0,0.019044906523692732,0.006052929602196647,0.0,0.0,0.011307850109596807,0.0,0.0,0.0,0.0,0.009325459477031511,0.0,0.011886295383443076,0.0,0.0,0.006363352930177993,0.0,0.0,0.0,0.0014540105870730713,0.0,1.0,0.0,0,normal,Normal
0.0,0.004597961760900289,0.0009874834950737341,0.014876216037539082,0.0006625548999543132,0.015119491495826087,0.0,0.00985875492916076,0.0,0.0038594109464542697,0.007973825203957194,0.008371969629415476,0.0,0.0,0.0,0.0,0.0019932287801743926,0.0,0.0,0.0,0.0003900502427806379,0.002743489211526827,0.0166858340044938,0.0,0.003913890156949395,0.9983639610492118,0.0,0.022538148418379374,1.0,1.0,0.990655304318092,0.0,0.0,0.0,0.0,0.0,0.007227804199406971,0.00264087245976343,snmpguess,0.0,0.0,0.9958453082232075,0.008001946691694583,0.006154195860617153,0.01122698141831501,0.0,0.0,0.0021964750113274887,0.0,0.0,0.005607693997464871,0.0,0.0,0.0,0.0,0.0012138589309140923,0.010493223389881685,0.0,0.00863996163136534,0.0036984837712501846,0.0,0.000795440474253636,0.000489989682250828,0.004592295409053117,0.008738927711507754,0.0010823501072906275,0.0,0.014174518827279983,0.013514166042538292,0.008945146372099562,0.013230015131218987,0.0,0.00909810219236635,0.012377573566130812,0.007547529830108629,0.0,0.015582293330368717,0.005178598697308808,0.009538744940418122,0.0,0.0,0.003132033476769321,0.0,0.0,0.011888681440549873,0.0,0.0,0.0,0.0,0.016811023531982373,0.0,0.989794834863312,0.0,0.0,0.006422234751617799,0.02015982102675367,0.013595330463491206,0.0,0.009647642109988903,0.021045440230434104,0.0031649665052518013,0.0,0.010981167334967776,0.0,0.0,0.0,0.005334376818440318,0.0,0.0,0.0,0.007155414706696802,0.0060582125089475225,0.007852736709637655,0.0,0.0,0.0,0.012899907351127192,0.0016622593520368132,0.010345622334130848,0.001283122923184594,0.0,1.0,0.0,1,snmpguess,R2L
0.0232063837294859,0.0,0.009734277116792756,0.0,0.004091115817052206,0.0,0.0,0.0,1.0,0.015861504446518997,0.0,0.0,0.0111909051761783,0.014531949717954212,0.011044301979774808,0.0,0.0,0.005832497770998817,0.0007507460038184008,0.04082969644511891,0.06032353795406273,0.006980838673146284,0.008457626191211966,1.0,1.0,0.997151491244731,0.011682214352712121,0.0,1.0,0.9953741749157233,0.9754837126579144,0.01667068047848226,0.017105530836815125,0.0,0.021741314293002703,0.01571967259643051,0.6027701565913148,0.6070855332918587,apache2,0.0004905104322174325,0.9957960966445033,0.017171680511930642,0.0,0.004272640240072998,0.0,0.0006687004737729485,0.011774598509556509,0.0070309786180580685,0.0,0.017809368585352703,0.0,0.0,0.0,0.013436637873635216,0.0,0.0,0.0,0.008227102383407505,0.005268803373423637,0.0,0.0,0.0,0.0,0.0,0.0016592302498079012,0.0,0.9963546886506758,0.0,0.01830444633476691,0.0013558587865623564,0.0,0.0,0.0,0.00692930115140346,0.0,0.01421365777223702,0.0,0.0053316114859442865,0.005564960053098158,0.0,0.0,0.0,0.019192266656766658,0.0003507828798598392,0.0,0.008507458954733075,0.0,0.0,0.0,0.025686986823074038,0.011076160621656313,0.0,0.0,0.00820719164734653,0.01565880766234933,0.0055706233881563086,0.0,0.01130417741665017,0.013210311214944481,0.0018928144408173434,0.0,0.0,0.0012757979529026203,0.022293406034412176,0.0,0.0,0.004866552079075033,0.0,0.0034782167414944584,0.0,0.0,0.0,0.0,0.0,0.0,0.0,0.9956941313359445,0.0,0.0,0.012140558052401412,0.0,0.0016701260998759951,0.0004671880796837431,1,apache2,DoS
0.006074321281465583,0.0016688061083512654,0.008990259541928738,0.0,0.0003016354731408401,0.0,0.0,0.009675566266622698,0.0014594947316017642,0.0,0.0071853159275399045,0.0,0.0,0.00962545994454098,0.0017552888006947508,0.0034817201695257123,0.0,0.0,0.0,0.19698007849240728,0.03847894052893603,0.0,0.00798778302085,1.0,0.9893267352838369,0.19104677604941428,0.04597397697683758,0.0,1.0,0.06561391448174173,0.053401854681451734,0.05055134846366025,0.0,0.0,0.000893019525149584,0.009120980470479798,1.0,1.0,neptune,0.007924308617303307,0.9955371598371296,0.007524854591235074,0.0,0.0,0.0,0.000756026534516768,0.0,0.0,0.012030473723765091,0.0,0.0,0.0,0.007459620556133365,0.011956225863351893,0.008558164272894561,0.0010361143222788825,0.009570169793192244,0.011842660161911269,0.0016164523184113485,0.0,0.0,0.012315570973681016,0.0,0.0,0.0,0.0,0.0,0.010987370642681028,0.0009483035149092674,0.0,0.0,0.0,0.0,0.0,0.0,0.0,0.0,0.016115588475564015,0.01574452761577907,0.014268200253849499,0.005157225144507535,0.0,0.005793139848731453,0.011183881800982573,0.004214094339412897,0.0038354328263272407,0.0,0.005274369089770196,0.003935053794924024,0.014491652378779639,0.0,0.9782828486468823,0.003991541362589841,0.0,0.0024470014178083737,0.009581077362413601,0.0,0.0017261393179035872,0.0,0.014569704516631048,0.00501604509048932,0.008770761440160054,0.0,0.014221015770890997,0.01325768177395989,0.0,0.029045083471211944,0.0025166227357380257,0.0,0.0018912795364140142,0.016108728275073696,0.0,0.0032277604654815653,1.0,0.0,0.01645370399393133,0.0,0.0009401624551204995,0.0,0.0,0.006659571982629967,0.004807819819414397,0.0,1,neptune,DoS
0.0,0.0,0.007358763904205998,0.011963069693095824,0.0,0.0013173489067407876,0.007927970386663699,0.0,1.0,0.006472888564795348,0.0027049976423054174,0.0,0.014861338079170129,0.005567547654803392,0.003500703728427286,0.0,0.01011163548157561,0.005000053668169345,0.0,0.013722530880811053,0.007019650052104216,0.015497588963445282,0.0,0.0,0.0,1.0,0.007082343829240119,0.0034885087205605673,0.4060979517595842,1.0,0.987085167631027,0.011398618263601834,0.015007768074287924,0.03025380206101399,9.88349216703847e-05,0.0,0.0,0.0,normal,0.0,1.0,0.009629220360376157,0.0,0.0,0.0,0.0,0.0,0.0,0.0,0.01685301672313963,0.0089160979905283,0.004812539182832726,0.0,0.001976748876087649,0.011259537226252638,0.0,0.01560505730342623,0.00476643035747911,0.013130756300374776,0.0,0.008074477055233582,0.021394435071821493,0.0,0.017663589600883024,0.0,0.0,0.9956099422536255,0.0,0.008752718819638015,0.0020898660647348678,0.0,0.0,0.0,0.0062625813259684585,0.0,0.005664301455097684,0.010071453319408603,0.002534718274136365,0.007936732906614868,0.0,0.0,0.0,0.0,0.0,0.0,0.006480652917635206,0.007840520577030514,0.0,0.007617786028717948,0.0,0.002082358581931459,0.002461881823532067,0.00874676175617306,0.021302800756147634,0.0,0.0019268469765253199,0.0034519721335942587,0.009693744842811559,0.0,0.0,0.015138854925769154,0.0,0.003519473516747001,0.0,0.0,0.007291681926489945,0.0,0.011706085043260282,0.0053549341910177975,0.0,0.0,0.0,0.0,0.014420054995296782,0.0014329070488476806,0.014547790409479747,0.0,0.0,0.018179068504325473,0.0,0.0035303144887759057,1.0,0.016469968715364495,0,normal,Normal
0.007868207886564624,0.0,0.0,0.0,0.0038100085829417493,9.197898245079398e-06,0.0,0.003612652683785108,0.0,0.0,0.0,0.0,0.005354584677997332,0.0,0.005659946105623428,0.0,0.006220502876188821,0.016898538972713914,0.0,0.3935113649866482,0.012230410079682147,1.0,1.0,0.0,0.0145875718781894,0.05692847630823487,0.05406945912435576,0.009841893673219717,0.9916951063980982,0.0382360248058055,0.051011699629381436,0.06339471573143243,0.009966807485153134,0.0062632301816965535,0.978762527845673,1.0,0.0033792029704834033,0.0,neptune,0.013698607069135624,0.9786884531844197,0.0,0.0,0.0,0.0,0.010151149682407943,0.005335940512580585,0.0,0.007328785933990993,0.0,0.006635476938727791,0.01430016597222138,0.0,0.004306193386627661,0.02182782325184843,0.002164814039948586,0.0,0.0033162262791580953,0.0,0.0,9.017032816513351e-05,0.008073173098035418,0.0,0.006210089062270967,0.0001469453043443242,0.01927512813850842,0.0,0.0,0.0,0.0,0.0003830492989680022,0.0,0.013117061645311559,0.004433657559544793,0.0,0.0,0.007878379988061356,0.0,0.991457167669735,0.0,0.0025969532325293286,0.015175255960268495,0.002646298417884205,0.0,0.00040427862722262404,0.0,0.0,0.0009016101081445231,0.014722146349541101,0.01222494346357751,9.582229781282698e-05,0.0,0.008443589484511207,0.0,0.0,0.002102019163098212,0.0,0.006223491960479435,0.0,0.0,0.00046733561929564323,0.002261725034186306,0.011599885976518773,0.011325392828256823,0.005546675349237597,0.0,0.0,0.0,0.0,0.0,0.0,0.0018977371007223409,0.0,0.0,0.0,0.015322699060663334,0.01823611232501257,1.0,0.0001299537111500616,0.0017909792529133878,0.006769222361376966,0.0,0.0,1,neptune,DoS
0.21301448846449586,0.0,0.0,0.009656464652835511,0.00847262889769291,0.002624609919085515,0.002917983658047471,0.0,0.012486853755042418,0.0,0.0,0.0035062536237609925,0.0,0.0,0.010061475749686131,0.0,0.0011984599572659755,0.0,0.0,0.0002554368220208539,0.0049803518360067925,0.0,0.0017816891469458593,0.0034932557102624684,0.0,1.0,0.0,0.0,1.0,0.18136930979458035,0.19239725085596857,0.04334864281291263,0.004658961042973678,0.00802654187844454,0.0015687996421586232,0.015123778260057967,0.10610438879119855,0.24463584568437652,processtable,0.0,1.0,0.009445213833987422,0.0,0.0073178694879471404,0.0,0.010927718813921603,0.006004736773750136,0.0006455486423022014,0.0,0.0026739485623502595,0.0,0.010046358942917395,0.013560582171033174,0.0,0.008315143925852942,0.0,0.0,0.0,0.012732548403905895,0.0,0.0,0.012802439544486628,0.0,0.021427983161090094,0.005969014422161157,0.0,0.00016171521773442288,0.0,0.002061221677030679,0.008697521893871097,0.010098843003877436,0.0,0.0,0.016826605417952143,0.012936992885119528,0.00995506862430924,0.0,0.0,0.0,0.00161852852963183,0.0,0.0,0.014324210948889186,0.0,0.0,0.0,0.0,0.0,0.0007297602017433626,0.00883859618947918,0.0,0.005006876242813111,0.0,0.012645656289134126,0.0,0.02126349292878517,0.01021785209854227,0.0,0.0,0.0,0.008565950584576393,0.0,0.9898682230867308,0.01848178323090042,0.0,0.0,0.000624996812652455,0.0,0.0007621731562159216,0.0,0.0,0.0,0.025784106416398455,0.0,0.006075568643021377,0.0054722533083219616,0.0,0.0,0.0,0.008382656600628544,0.0039885700166339974,0.9958521521673427,0.009854682499283006,1,processtable,DoS
0.0007056369884704623,0.0,0.0,0.0,0.0,0.00040714306394088297,0.0038430159405363666,0.0015248640406354413,0.0,0.009623636803064979,0.0,0.011366686961569086,0.0,0.0,0.0018659104008219715,0.0018371802533486948,0.0,0.011775060721577775,0.0,0.29912403460371845,0.03952088013580756,1.0,1.0,0.0017319666020192742,0.0,0.11994731437151673,0.04839367046974923,0.0,0.975188153719038,0.07971960567743445,0.08711714392357466,0.0502259887665991,0.019438521550220834,0.0,0.9842188860504508,0.9918321498564592,0.0018911511135497106,0.0,neptune,0.011611994939778315,1.0,0.0009133821567641791,0.0,0.0,0.0,0.0,0.010524457633859348,0.0,0.0,0.0,0.0,0.0,0.0008695584155865617,0.0,0.0016194679051146294,0.0,0.0,0.0,0.0,0.0,0.0,0.019659957825287865,0.00586254371571475,0.0,0.008882161950201417,0.0,0.0,0.00038077135446114795,0.0,0.006296600079779585,0.025197849301182764,0.0,0.00479505625009474,0.005048152694032588,0.0036051817722442567,0.0,0.002495776979049245,0.0,0.0009907379694487997,0.004946234229367233,0.0011501334041926522,0.013021605066596408,0.0,0.002894227518414469,0.006232678210888765,0.00028065954477271186,0.0,0.013515673589964307,0.0,0.007306644061850735,0.0,0.9864514289300241,0.0,0.0,0.0,0.0,0.0,0.0,0.002539428109106262,0.0032264934268183844,0.0012300847873233827,0.018914886175164392,0.015833270816238396,0.0,0.008947279045200263,0.0,0.0031523757888738285,0.005048044266162828,0.007334650346595626,0.010327356749021313,0.0,0.014981096623666952,0.0,0.003480678692433219,0.019497955486088094,0.0021613490426533005,0.0,0.986775274936726,0.004356087764784119,0.0,0.0,0.00021631736113908836,0.010095551505343138,1,neptune,DoS
0.010112498109718428,0.019614228808490286,0.001408130601184303,0.0,0.008740109234943809,0.0,0.0,0.013185587363020508,0.9920517499885589,0.0010971867713803333,0.0018214755580420908,0.0012579965984830302,0.0069082704554434705,0.0,0.0,0.0,0.0,0.0,0.0,0.03294189665001781,0.03134165453041731,0.0,0.0,0.0,0.0025116528968796487,0.9962930488895537,0.012874758517128786,0.10556737845492757,0.13486824325502011,0.9985581061962835,1.0,0.003610722046933135,0.038092351999624824,0.05288663840415647,0.0,0.003180153693641787,0.010253150308180392,0.006882200978919466,normal,0.0,1.0,0.00527970754997822,0.0004837913737524134,0.0,0.0032943604124531086,0.0,0.016875072014778305,0.003742981349135735,0.0,0.012139133090998636,0.0,0.0,0.001869319267368049,0.0006027030101162587,0.0,0.0,0.0,0.0,0.0,0.0,0.008161431817671492,0.009997187790389155,0.0,0.018048939765344735,0.0027822761646634003,0.0,1.0,0.0019790160010886393,0.007971260489956961,0.0,0.0,0.0,0.005719547853075663,0.011620014488998498,0.0,0.0,0.011010814909588188,0.006410265029190127,0.0,0.0,0.00703435348106312,0.0,0.017985079586714275,0.0,0.0035829008302704847,0.0,0.0,0.00792728862550946,0.0,0.0004888471491276953,0.011537011988092987,0.019219263267508474,0.0,0.0055035728402793764,0.00214574467458402,0.0,0.0,0.0,0.0,0.016160146286523097,0.0,0.0010264795100168506,0.02912209055297073,0.0030290706345793895,0.0,0.0,0.0021854794174594977,0.01247118041521376,0.0,0.0,0.006805571127957572,0.0,0.0,0.0,0.0,0.0,0.0008631867999310182,0.0,0.0,0.0,0.0,1.0,0.01116685077064331,0,normal,Normal
0.0,0.00328507168416087,0.0059655907183385915,0.012653929544293117,0.008989576480871581,0.0,0.0032002303068280535,0.002686528116433802,1.0,0.0,0.011278293956810076,0.0038193941192436595,0.0052125692804709375,0.016409361650524285,0.0,0.0,0.0,0.016906462240518626,0.0,0.0,0.009573347597664874,0.015865558168577695,0.0,0.0,0.00751210240069725,1.0,0.0,0.0,0.09633957244528814,1.0,0.9997047877385987,0.013813166663912673,0.04176928323478369,0.07321871672569169,0.007263799384465168,0.006305488365303659,0.0,0.007892649912366125,normal,0.0,1.0,0.0,0.007884190304062136,0.0,0.0,0.0,0.017896239361342367,0.02130327966058199,0.005751894780864377,0.0,0.0,0.006147260427264518,0.014940465384250453,0.005186547624031267,0.0,0.0,0.014752380837861146,0.0,0.0,0.0,9.519099285779926e-05,0.002059061081939195,0.017766015123660675,0.01038627506833397,0.0,0.002399336737427545,1.0,0.0,0.0028073753780455137,0.0,0.006670097714138025,0.005300412416158837,0.009778539185784408,0.0,0.0,0.01805521830083411,0.0,0.0,0.0,0.005218688620135819,0.0005404556639191172,0.007725434369938008,0.012219332249778099,0.008312564976963475,0.0,0.0,0.0,0.0,0.01506032546278078,0.0,0.0,0.0,0.00011712158005719652,0.007483496802840672,0.0,0.00033313320001617907,0.0004143113704058826,0.0,0.0028584057793356156,0.0,0.006629731737165443,0.005972422782347357,0.002850207418469104,0.0019007742544898873,0.0,0.008459681625984017,0.0,0.0,0.0063025596671751625,0.0,0.0,0.009393739517344655,0.0,0.0,0.0052260947518226655,0.0,0.003662976481719464,0.0,0.0,0.008598356091319918,0.0,1.0,0.0034298674206113874,0,normal,Normal
0.01256834044774202,0.0,0.0030116965159967236,0.009066005257992974,0.0,0.0025848107155991705,0.0,0.0016927211167259383,0.021876607779345116,0.0017098985572957354,0.017335433940541867,0.0,0.008245732456216553,0.0036042549606940246,0.0,0.0,0.008224041654593717,0.009913173005082751,0.022293237783135605,0.23387989768724793,0.0,0.0,0.004564806181283563,0.0003862833848162941,0.0021085120409144024,0.015795440885432326,0.9507656281186009,0.0036766974634879447,0.9918357704219486,0.0,0.0030339658109404047,0.6989256358220944,1.0,0.0,0.0,0.0,0.004235425991233244,0.0012317694012980761,satan,0.0,0.0,1.0,0.01390546105093136,0.010750226581331694,0.004949400428603735,0.0,0.0,0.0,0.0004940027308933539,0.0025186717496616224,0.0,0.0045598472393085085,0.0,0.0,0.009160457170689312,0.007551402998135667,0.0,0.0,0.0007510057219421682,0.013660393106920177,0.0,0.005184849730313499,0.009121685659941576,0.019243516625021353,0.0,0.0,0.0,0.000390772856876827,0.0,0.0,0.0005058990557907717,0.0,0.0009922875646898787,0.008839590305884246,0.01449556169146621,0.00981098289296471,0.0026982181719233857,0.00023869038991339647,0.006957267572166701,0.0,0.0,0.0,0.0,0.0024017720093564223,0.004646800902697466,0.0,0.00815592129216165,0.009334209139771805,0.0,0.0010631324419988902,0.0,1.0,0.012396546184781084,0.005636637677043237,0.0046576210328911965,0.016617988512631347,0.01186648809663539,0.0,0.0184221046803652,3.803657784247837e-05,0.0,0.0,0.0,0.00586150268306485,0.00355773554130944,0.0005581401846878928,0.0,0.015295194859600245,0.0018028388856016135,0.0,0.0,0.0,0.004449060639040031,0.0,0.0063711729790482665,0.0,0.0,0.002377859356068661,0.006126196804708495,2.8497826543806595e-05,0.0,0.98496146453942,0.003511558659512814,1,satan,Probe
0.004365313254345708,0.0,0.001374855264883674,0.016045377774089514,0.0,0.0,0.004752990186088672,0.011115168713230504,0.9862732893947562,0.0,0.014327604249637662,0.0,0.002236598476170327,0.004151254361757234,0.0,0.009834333519362921,0.0,0.0,0.0008973237033590247,0.02869664103245838,0.0332280552043386,0.0030381391543314335,0.0,0.0,0.0005030940122530806,1.0,0.009313860828276987,0.0,0.9946861367924353,1.0,1.0,0.0,0.0070876439511814325,0.0,0.0,0.0011362012556694432,0.0,0.0012559423044575962,normal,0.0,1.0,0.014468066672402302,0.00616865435993597,0.007238174870666398,0.012114785128409447,0.00750977693491905,0.01347414224602761,0.0,0.019979201209095868,0.0,0.0,0.0,0.005480646536787496,0.005685338223060428,0.00932408087775053,3.4720881503740255e-05,0.0,0.0,0.008036067878334772,0.0,0.0,0.0,0.0,0.0,0.0,0.0,1.0,0.009021550787155875,0.0,0.0,0.004790591715945689,0.006551654029939706,0.006936303205720405,0.007216886265734585,0.005572631778052885,0.004333301297456218,0.0,0.000429842085170935,0.0,0.0,0.0,0.0,0.0015646807063102856,0.0,0.007897470266247179,0.0,0.009061321107422074,0.0,0.013889395676521627,0.0,0.0,0.0,8.609411626439802e-07,0.010811636043016732,0.0,0.0,0.006394035825887097,0.0,0.0,0.0,0.0,0.02422076419911802,0.005395475729333597,0.0010735556665670614,0.0,0.0,0.00908661586512737,0.00021694520284248957,0.0,0.013195335851749992,0.016334762106522203,0.0,0.004490929997243454,0.0,0.002586743561908716,0.015259980702749604,0.0,0.002803853091210355,0.0,0.0038512280316515845,0.0,1.0,0.0,0,normal,Normal
0.0,0.0015468456569191396,0.0015934972123527378,0.0,0.008269241448949409,0.004268026553686957,0.0,0.008934149712192852,1.0,0.005190930100617149,0.0,0.0,0.0,0.0,0.0,0.006006655233213127,0.006023941247782708,0.0,0.005578945289278929,0.015185578811110306,0.02279753203416087,0.022095814337486606,0.01634248475906671,0.00040796299042603166,0.006401345402719031,1.0,0.003527953170673969,0.20462724165338567,0.03536886953524534,1.0,0.995667630848306,0.004927190833059212,0.0795052586671042,0.02792725309901252,0.0,0.0044597019298747535,0.0,0.0020327614755238184,normal,0.004416497912515541,0.9889862188621232,0.0,0.006402159247601362,0.0,0.0,0.0010775661201764247,0.020644337900682288,0.0008811980031359737,0.0,0.0,0.0030705891457403563,0.0,0.01882432594639512,0.011377577334028091,0.0,0.0,0.010895361001830623,0.0,0.0022316539254088026,0.0,0.0,0.007591904229904836,0.0,0.0,0.0,0.0007060428132850502,0.9993415974608408,0.0007323579058617138,0.0019886463492215724,0.0059781937987818,0.008071300575326132,0.0,0.013867381754281162,0.013266308895909112,0.011364861655615047,0.0,0.0014881460031170675,0.0,0.009013818373855866,0.0,0.006554351981591792,0.00769143484969069,0.0,0.00805000112146159,0.0,0.0,0.0,0.017048531547726876,0.025081743101494424,0.0,0.008984678710560766,0.026904441272685424,0.0,0.002361607377703053,0.0,0.00032052861998956006,0.0,0.0,0.0,0.0,0.0,0.00543248880024206,0.015687149703626432,0.0,0.0,0.010304189474015409,0.0,0.0,0.0,0.0011354566781359577,0.025235681566487558,0.0066946983622953515,0.009575950876918808,0.0010947402639758048,0.0,0.0024134498469709177,0.001879666762995694,0.007463091468198536,0.0,0.0,0.0,0.9950442315972491,0.0,0,normal,Normal
0.008184523893447551,0.0,0.0,0.0031546602397659056,0.012407352885888179,0.0,0.0020370153503271506,0.004256294205299298,1.0,0.0035802614022491176,0.0,0.0,0.0,0.0,0.005068124326298814,0.0071701132748320864,0.02007728508030323,0.0,0.011333562686472147,0.012269762156353704,0.0325934019376096,0.0,0.0025449921109737318,0.0019684571930666,0.002642873096080502,0.9965200345964917,0.009853193435197895,0.21106014158862574,0.08799189233944253,0.9921760225784148,1.0,0.0,0.037182748575034646,0.02351929654451465,0.0,0.0,0.012587846534320195,0.0,normal,0.00693435089551376,0.993358843464574,0.02867255098326905,0.0,0.005116880438483586,0.0,0.0,0.0,0.0006697358376200309,0.0,0.00750597655222506,0.0,0.012769563024927337,0.0,0.005301065224790739,0.00425186809953269,3.364203098940608e-06,0.0,0.002245817154239592,0.003766855243866317,0.010208591301377424,0.0,0.0,0.0,0.003697205432236439,0.0,0.00840590115297005,1.0,0.004766294596923397,0.006215036432051093,0.0,0.00017988595448311024,0.021853593340161716,0.0,0.0,0.0,0.0,0.009649750843469198,0.0,0.0049373684004894065,0.006711757848552973,0.001824541774571699,0.0,0.013477032942955703,0.0006168109439455986,0.0,0.026399353039929314,0.0,0.0031367309309395346,0.016216740657031388,0.008187903399607416,0.0,0.0,0.0,0.012228788937403277,0.0,0.0,0.0,0.014890664116709557,0.0,0.015343002136788042,0.0,0.002160233052730258,0.0,0.014171538018884627,0.0007165151103046715,0.010363756879000886,0.0,0.0,0.0,0.022005194078359804,0.0,0.009469783636256546,0.0,0.0,0.0,0.0,0.005833235234844422,0.009026974735973614,0.019183395043289444,0.0029084536344025553,0.015880100386718304,0.9923737231274288,0.0,0,normal,Normal
0.0,9.819166058779884e-05,0.003122106196575236,0.0,0.00791187107835749,0.0,0.0,0.0,0.004879176929759931,0.004354809923909358,0.011639127877016488,0.0,0.002501861755159748,0.008761180008399849,0.0066490433548972395,0.0,0.0,0.0,0.0024611638475221724,1.0,0.9948521634088534,0.0,0.0,0.0,0.004711431161563642,1.0,0.0,0.008488998507304165,1.0,1.0,0.9962096063872108,0.006687329335777648,0.9502136733107523,0.0,0.0,0.00488345514229655,0.0,0.0,normal,0.005793560341186943,0.011858356491439188,0.999844312491777,0.0,0.0,0.00405509640016076,0.006933719527236728,0.0,0.0,0.0,0.015021183773673667,0.0,0.023565912353102837,0.0,0.0034556879993311363,0.0,0.003858115321731886,0.0157458550674572,0.0,0.0,0.0,0.006549966070553827,0.0,0.0,0.0,0.00042642807789842606,0.0,0.0,0.0,0.0,0.010440409667841589,0.0,0.0,0.015080747124919476,0.0,0.0,0.0035245724283955965,0.002111917961197448,0.023998606464518915,0.006758036701811372,0.0,0.0,0.0,0.0,0.012403258783729028,0.0,0.014439022068483074,0.0,0.003249354003428799,0.004514988547733975,0.0,0.003638145604329115,1.0,0.0,0.0,0.0,0.0,0.0,0.011648095809602304,0.015247282794997959,0.006817724047235499,0.0025350651551833,0.00684764555223676,0.0,0.014911145411003794,0.0024983282787299113,0.0,0.0,0.0023279394913769133,0.0,0.007604229790264083,0.0,0.0,0.0,0.006541080264940182,0.025238369183901956,0.0,0.015034588969554173,0.00803331538096445,0.0,0.0,0.0,1.0,0.0,0,normal,Normal
0.0,0.019087660882523033,0.006199444377719124,0.0,0.0,0.0,0.0,0.0,0.9960101671399748,0.004499423764200524,0.0,0.0,0.0,0.0,0.009689176947761788,0.006577275462898666,0.0018819506822175135,0.018675993002776076,0.0,0.0,0.027632254181282997,0.0028221382848833128,0.10718333788440706,0.0,0.000929684987893077,0.9961319462020088,0.01172669366599254,0.29202572109098335,0.034682114476610834,0.9820982520711445,1.0,0.0,0.13800010032059815,0.0465987715874074,0.008285326377304822,0.0,0.0,0.018527496690613092,normal,0.005402348349943718,0.9903320826776482,0.0019789716712228797,0.0,0.0,0.0,0.0,0.0007218117578562573,0.004462737097241658,0.015201491139663754,0.0033523023785728646,0.004136423884029935,0.00040794261150100966,0.0,0.003344415519911404,0.003536099370421375,0.0068019002963349605,0.010747756011184512,0.0,0.007729958518661209,0.0,0.0,0.0,0.0,0.003790711765434118,0.006616082566474925,0.002444623050988461,1.0,0.0006171108222502675,0.0,0.0,0.005896014649664041,0.0,0.0,0.0,0.0,0.008804128372712074,0.0,0.008278953519241693,0.0,0.004037800651763686,0.0,0.0,0.0,0.0,0.014778383240638071,0.004932279379452791,0.0,0.0028546243416780713,0.0,0.0002594105453233963,0.0,0.0,0.013818830435730881,0.0,0.0026331643646311364,0.005200043978438658,0.0,0.0,0.008585405093498503,0.0,0.0045993100284680835,0.0,0.022037088440188462,0.0,0.005186679813108239,0.0,0.0,0.006691924877923401,0.0,0.0,0.0,0.024438183057973965,0.0004271426828152008,0.0,0.00108191799126154,0.0,0.009583827981027006,0.008457185641270659,0.006619265974969245,0.012076286114293676,0.009947822862532527,0.991062346964546,0.0,0,normal,Normal
0.00929077143136099,0.0,0.005530803205745238,0.012032531751686693,0.0010895461696449839,0.0,0.0,0.006064383320124798,0.9923339136178057,0.010502739141482156,0.0,0.0,0.007366313614427461,0.0,0.016775836297283155,0.003140045141879157,0.012252903513415608,0.0,0.0,0.02706450348630212,0.04210490351276856,0.0,0.0,0.0010857817679211256,0.013193852236252204,0.9814814622326931,0.0010316461225686139,0.0012018614824871705,0.181243347191206,0.1535854768582831,1.0,0.0,0.036720714489663325,0.0068426474037645195,0.0,0.003109477279881781,0.0,0.0021110415949378188,normal,0.005754759508976872,1.0,0.005260094748485013,0.0,0.0,0.0,0.005418131936273698,0.0,0.016865520855590028,0.0,0.0,0.02185514993241914,0.0,0.0,0.006870755368790644,0.0,0.0,0.014245463121427071,0.010875985179424404,0.012235555736749702,0.003572443602649757,0.0,0.004735883488302526,0.0,0.0,0.0,0.0026484934532092935,0.9918601284851781,0.010496907161678688,0.006614411695823535,0.0,0.0046288048130658415,0.005193781018448679,0.006016258598608719,0.007539553476736131,0.0011933033586977132,0.0,0.007252789018396736,0.007548902609585334,0.00514576782772649,0.0,0.0,0.00805104958791362,0.0,0.0,0.0,0.0023795325352049777,0.004329484657901407,0.0014375069431703897,0.0054798672997917654,0.021850056173313762,0.0,0.0,0.012472301420646098,0.00119546696320712,0.0,0.0,0.0,0.0,0.00488722723917946,0.0,0.001135394965269535,0.01912403543894665,0.0,0.011206588900471982,0.0021869719348325887,0.0072684074974135905,0.0,0.0,0.0,0.0,0.0,0.0,0.0,0.004122703891037123,0.0,0.0,0.011496983662707889,0.0,0.00048493678411786183,0.014596992330498566,0.0,1.0,0.0,0,normal,Normal
0.0008783031324467473,0.0,0.0,0.0,0.0,0.0,0.0,0.0,0.996798244244461,0.009536441682970319,0.0009559464729653398,0.0027165000024004537,0.0,0.0,0.019575016465231767,0.0,0.0,0.014498613009542607,0.0,0.01799465042054919,0.03570893166042602,0.00668981481081752,0.008792058029177135,0.01921467765929017,0.021511965524645422,0.9895623451137112,0.005993778362548366,0.1630451716810444,0.9940359135261811,1.0,0.9801282229899605,0.01237172419109547,0.015725625552439414,0.0,0.01785211588788828,0.014816555603959747,0.0,0.0,normal,0.0,1.0,0.0010603160779531881,0.005962720188336898,0.005859667795849675,0.003921781456307883,0.007005211333704794,0.0,0.0,0.0,0.019313403116295817,0.015197913492826324,0.006236981384032503,0.004515718922963284,0.0,0.0,0.0014544362672885788,0.03212666673586466,0.015718178023044073,0.0,0.0,0.0,0.0014644733669588132,0.0,0.0,0.0,0.011778027011873865,1.0,0.008141956393144283,0.0,0.004182926777497256,0.0,0.013222232314675371,0.0,0.02855699326688827,0.0,0.009772025875192289,0.01116203765021785,0.0012282202477902093,0.007947524919079671,0.0016007015843923756,0.014330664337008223,0.0037536758728930536,0.001867471694909308,0.0,0.014119110193153308,0.0,0.015899687265227835,0.0,0.01406099724368622,0.0033688709067933764,0.002315217895757679,0.0,0.0,0.0,0.0,0.021888549238263912,0.0,0.0,0.0,0.002706364063428469,0.004798521022540388,0.00033153350189443515,0.010193947725327902,0.0,0.0019244542603268913,0.0,0.0,0.019773687326207167,0.006349148871871438,0.0015428094389203881,0.004249956587035114,0.017021278649266038,0.003982097503385153,0.0,0.017098926201240882,0.0,0.0,0.005178683094999899,0.010328851916048544,0.0017262619212341612,0.008638100905322181,1.0,0.0,0,normal,Normal
0.001960657986557431,0.008671163018781928,0.0,0.0054253525853678606,0.0,0.0,0.0,0.0,0.0,0.0,0.008157408984684129,0.012495665484441825,0.000563354908341613,0.01210655175917289,0.003218752812430652,0.0,0.0,0.0038612487391936528,0.016139714039944682,0.3930418964315086,0.0010611096695588476,0.0,0.007059179517358037,1.0,1.0,0.0,0.052974808106946825,0.0,0.9783784069508196,0.011464777675772402,0.016275757349501953,0.0745192565580097,0.0013727943699856583,0.0125313725762259,0.0,0.0,1.0,0.9958281134417555,neptune,0.0,0.9928127233275866,0.011349111390445006,0.0044426837218936414,0.0,0.00378109619725747,0.0,0.00018296795635384228,0.00017831845342731187,0.0064655635084534605,0.0,0.013107052678339453,0.002804869866295198,0.005077782816618403,0.9939385260511586,0.0,0.0,0.0,0.0037957588924969954,0.0,0.0,0.0,0.0,0.0031972318179893716,0.011650731590340085,0.0,0.004846919922109036,0.0,0.016494936705716376,0.011628024569939902,0.0,0.01398189048690876,0.0014275925461114988,0.0,0.009730643975645768,0.0,0.0,0.0,0.0010369929812773996,0.007113879123960828,0.0,0.009775554068497196,0.0,0.0052618770208137725,0.0,0.004310333727787029,0.0023089452098153072,0.0,0.0,0.004989612362771111,0.031096063345170784,0.0,0.0,0.0,0.0,0.00247136353503995,0.0024903743214783457,0.005842049697457513,0.011120391822215423,0.003572289755532139,0.005229972980745167,0.0,0.0,0.0,0.0,0.0,0.0034408356547913645,0.0,0.0042412094408270885,0.0,0.012309294080709377,0.0,0.0034166697928142697,0.0,0.9873557243285964,0.010580168244837899,0.0,0.0,0.004930916989591011,0.0,0.01494877170597035,0.0,0.015465305117690018,0.0,1,neptune,DoS
0.0,0.021466855524119446,0.004987440205059327,0.0,0.0,0.0,0.012053216418022324,0.024719254846554444,0.0,0.0,0.0,0.0,0.023611965479259856,0.00719716796124042,0.0,0.011809155190379537,0.011111151540148535,0.02157241797119948,0.0,0.4593871999172147,0.0,1.0,0.9887500243321696,0.0,0.01216680111453461,0.009314707904291368,0.04945652317983856,0.0,1.0,0.0038586517815543475,0.0,0.06543701865396846,0.002614097588594226,0.0,0.9983997553977938,0.98529607615317,0.0,0.00885095536182889,neptune,0.010238555533024938,1.0,0.0,0.005584260136063129,0.0,0.001593293740485333,0.0,0.0001997634900744833,0.0,0.003635685189046746,0.0007971566960643699,0.008274700081012753,0.013851562710851393,0.0,0.024947126652194142,0.0018022321579428085,0.007089890932264121,0.0,0.0,0.012502669506973112,0.0,0.003091283027210565,0.0,0.0,0.0012719770988921877,0.0,0.0033288120168131563,0.00791402157011926,0.004134748425569173,0.0,0.0,0.0,0.020076291413653097,0.003715754195858607,0.0,0.0,0.005870528406334618,0.003254846079834882,0.0,0.0,0.0,0.0,0.0,0.007025188557950371,0.0,0.0,0.0,0.0,0.0064433434791573265,0.013542175420594382,0.0,0.0,0.012112493981879214,0.012911782693161804,0.0,0.015380237666937175,0.0,0.0,0.0,0.9912349569136742,0.010747225853951312,0.0,0.0,0.0028872560408679036,0.0,0.016030312382925065,0.014347518084636362,0.0,0.0,0.011500837387624611,0.013861611080326311,0.012990205951244685,0.0,0.0024079172265339534,0.0,0.0,0.0,0.011501881099518331,1.0,0.0,0.020136033737071228,0.014635796952038626,0.003951953430025649,0.011664020552257123,1,neptune,DoS
0.005562256598961613,0.005472018895818938,0.0,0.00627010220694884,0.008193376189854908,0.015951095780379537,0.0,0.008306796149767023,0.0,0.0,0.0,0.008669744738911571,0.002429324134401022,0.0,0.00283301758722024,0.0,0.0,0.0,0.006534935239639582,0.0219427541763445,0.0036299843012317706,0.9959357954103643,1.0,0.00515078614735688,0.0030511724205252227,1.0,0.009824921176583158,0.0,0.9889759203961276,0.35040867848687973,0.34649361636946163,0.02604248152714019,0.0,0.0,0.0314053644880778,0.10564489052808551,0.1036567310570515,0.12785800662992608,processtable,0.01165020753909885,1.0,0.004222671608178888,0.0,0.0,0.0,0.0,0.0,0.0,0.009753688030950421,0.0,0.0,0.0,0.0038426665570780593,0.0,0.0,0.0014303771415253067,0.0,0.0,0.019530595490250914,0.0,0.0,0.0,0.0,0.004608843390948537,0.006793705028154516,0.0053886726141162715,0.0,0.0,0.010995549667969944,0.003932353960680426,0.0,0.0,0.0,0.0033438788186810372,0.0,0.0,0.0,0.0026979025188460294,0.012536125821150903,0.01615942400921531,0.02082646233239601,0.0026550345448671793,0.0,0.01861423267452423,0.0,0.0,0.0,0.006815187218899792,0.008960246934012487,0.0,0.0,0.011086065816423837,0.010154349362427175,0.005491031773421343,0.0,0.0,0.004305888867091204,0.0,0.0,0.006650782681078144,0.0,0.0016601627583614931,0.9864046200220085,0.014423058827900024,0.0,0.0,0.0053745251207918355,0.0009210203201656619,0.0,0.00562522950634202,0.0,0.0048530930218143795,0.004796256323205293,0.0011356316030350492,0.0,0.0,0.0,0.016761527831250258,0.0,0.0,1.0,0.0,0.0,1,processtable,DoS
0.003228413663180899,0.005629189517333048,0.0,0.0,0.016584642231597186,0.0,0.011713531956010045,0.0,0.005465863511915149,0.008776838679184941,0.0,0.003985466961331362,0.008307821789114093,0.0,0.006196172543391636,0.0024197650751957836,0.0017585074138515447,0.0014500829879262869,0.0013934335136507215,0.4214943861566547,0.023447449391309896,1.0,0.9982827862978303,0.0010407214716922572,0.0,0.03509437816424604,0.08534439809822561,0.004501606227555864,1.0,0.01927998753312148,0.02495657925544863,0.07954516393499354,0.013034882368090884,0.023226342972186828,1.0,0.9969264591823744,0.0,0.0071276931764913225,neptune,0.0,0.983810474315372,0.00520573372785379,0.0,0.0170980382539906,0.0,0.015331773631995007,0.0,0.00528068156303479,0.00048486874072580134,0.002790955120553059,0.0,0.0,0.010717454561260893,0.02166715263144818,0.001832267324987089,0.0,0.0,0.0,0.007343999929184543,0.0,0.013984465570586715,0.0,0.0,0.0,0.0,0.002084060375821287,0.0015317864056666921,0.0,0.0,0.0,0.009791615386795566,0.0,0.0011988050470993614,0.003441456706686663,0.008313443734300863,0.0,0.00849218882920962,0.01828113487727628,0.0,0.0,0.007271544786041077,0.0,0.0,0.016847593378376276,0.009867265406835154,0.0090852353664246,0.0052934223770482085,0.0029332931582918722,0.0,0.00015821849677730496,0.0009537143549350684,0.9918338037417146,0.01112790142500209,0.0005919640668577636,0.0,0.0021594468701359023,0.0,0.0,0.00906272655652471,0.0,0.0,0.00258186735213463,0.0,0.0,0.0,0.0,0.01570538016037082,0.0,0.0011135728773896247,0.002157299562431628,0.0,0.026425916454155797,0.0,0.012498931698495062,0.0,0.0,0.0,0.9926430576634646,0.0,0.008800984032502646,0.010686311264002688,0.0,0.0,1,neptune,DoS
0.0,0.0,0.0,0.011324097312713135,0.025324277319963145,0.0036235971519472947,3.154185288385091e-05,0.0,0.0,0.0,0.0,0.0,0.0005639815651847437,0.0,0.0,0.009656317390687492,0.011293580448055545,0.0,0.00976179110867476,0.019092405149615577,0.016947889971617062,0.0018969115815910356,0.0,0.0,0.0006772936533932972,1.0,0.0,0.0,0.9918571889988024,0.03955836827886704,0.04748071430087912,0.027640829369756568,0.03741447800457709,0.015185059528504184,0.0,0.0,0.0083629958362442,0.00016744804390176986,normal,0.015329401240329417,1.0,0.008308616352670477,0.005832731359672725,0.01480672334393406,0.020806196674873902,0.0,0.0,0.007865381677237993,0.02962619378769639,0.004065561460754736,0.005689513607971754,0.00578465188947159,0.0,0.0,0.0,0.01885106307671377,0.0016328007285282336,0.010823594338151808,0.0,0.0,0.017179632348131024,0.007707958551552564,1.0,0.010511630866043174,0.0,0.0,0.0,0.0,0.0,0.0,0.006583848447298726,0.0,0.011290934366099119,0.006600443968256471,0.010006479246607103,0.0,0.0,0.0069752288358932105,0.0,0.00928385859613477,0.0,0.008375169773033151,0.005521557492875332,0.0,0.005547363199840223,0.0,0.004302560232660977,0.0,0.0,0.0,0.0,0.01631494602321303,0.0034842229644568225,0.0,0.008614885121525265,0.004819556537637874,0.0015896419555554873,0.0,0.0015109468029968593,0.004854699528044346,0.0,0.0,0.0,0.008062483290990156,0.0,0.011085106221748338,0.013025623277958176,0.0,0.0,0.0,0.005088884118484416,0.0,0.0,0.0,0.00725884811539004,0.0,0.0008376232706470531,0.0025474207581543135,0.00986076863484354,0.0,0.010832602850283857,1.0,0.0,0,normal,Normal
0.010762796460445792,0.0,0.00017092435041386937,0.005986636005188469,0.010204290274991272,0.0,0.0,0.004515654870796384,1.0,0.0,0.0,0.0,0.0,0.0037571724021673177,0.0038764592895627775,0.010230893500452722,0.003112884527187852,0.0,0.011627760108338322,0.00610808209680801,0.043749646457982794,0.007620451653343628,0.00999141983718583,0.0,0.0,0.9786510957143559,0.0,0.07491866524034699,0.04889367786311001,0.9425997384152204,1.0,0.004070311098031073,0.12464730307040686,0.06640056043821997,0.0,0.0,0.001986939400368426,0.0,normal,0.019462127579608746,0.9944721543330536,0.0035765961896672654,0.011752050557710964,0.008213858136105236,0.0,0.0038171885593424387,0.0,0.0,0.010915007380133535,0.0,0.0028879097395803576,0.0028502776590187307,0.0,0.009936037653104282,0.00181146744073417,0.0,0.0,0.0,0.001954763311027145,0.007772385980704578,0.0,0.007751393305338748,0.004713920344299219,0.0,0.008389068169532613,0.0005037657959544538,1.0,0.0,0.0,0.004343151344640119,0.008800550369934164,4.137207651653887e-05,0.0,0.012338039309668201,0.002499788148389817,0.0,0.00956097114413227,0.0041222387168332346,0.0,0.019034243361274333,0.0,0.0,0.017947283453858726,0.0,0.0,0.007243697628851476,0.0,0.014779678738604158,0.009758178921748665,0.01017730321124699,0.0,0.0,0.0006552450163190693,0.009884028949263908,0.0,0.0027704663929326435,0.0,0.0,0.009244808656755782,0.004952884348024046,0.0,0.0021723421756932727,0.0029186553314139714,0.021828411860175208,0.0,0.005167646641125717,0.002317217388685585,0.0106635207525526,0.01658896612940241,0.006207989643774396,0.0,0.002938153461301309,0.003570117467342009,0.0016728920599506751,0.017262646454201284,0.0,0.0,0.0,0.009524137092674783,0.009316727136954276,0.0,0.9889877445764014,0.01324179291402337,0,normal,Normal
0.009576683756607134,0.0,0.007059405980214462,0.0038874356792814985,0.0,0.009688615189923578,0.0,0.0,1.0,0.0,0.004157196011247533,0.009416195158539569,0.00675406047974655,0.0,0.0,0.0,0.0160844815131317,0.0,0.005193711253513102,0.005644775329249057,0.00965675093472522,0.0,0.009876932971551991,0.007016811179681888,0.0034851214502461814,0.9949460431502063,0.0,0.01268827759441421,0.01974150921533587,0.9981227917575551,0.9980516957050867,0.0,0.4831882843451745,0.044213063730753205,0.0,0.0,0.0,0.0,normal,0.0,0.9997940721969063,0.0,0.0,0.0,0.0,0.019920120698743982,0.0,0.0,0.009189995469504842,0.0007543761698310219,0.0,0.0026045981870036336,0.0023363023525831473,0.0008070396604159806,0.0,0.0,0.0,0.01343530431242185,0.0,0.001627949986923012,0.0,0.0,0.011834904981713421,0.0,0.0021997276815197086,0.0,0.9988489348312115,0.002209876726456394,0.013830902242743639,0.005739866367539428,0.010766435498394426,0.0,0.0,0.0080503680209246,0.01296085864330898,0.0,0.018539619776483968,0.0,0.005492021097822895,0.0032921927630565145,0.008112871079605491,0.0032046546062941606,0.007180850842980558,0.013269819804648957,0.0,0.0,0.002803946025630989,0.0,0.0,0.008039699135468877,0.0,0.005673609337807867,0.0,0.0,0.0,0.0,0.025404899748006943,0.0,0.0,0.0019758072728904793,0.0006664557839311268,0.0,0.0,0.006268900368865873,0.005059922098154472,0.0,0.0,0.0,0.010859428947789034,0.0,0.010618883661421908,0.006114078753092453,0.0,0.016019508743573833,0.016400405755947433,0.0,0.0,0.0,0.009767653405139525,0.0003219514150679726,0.01982145892019469,1.0,0.0033088505656981436,0,normal,Normal
0.0,0.0,0.0057808457828572935,0.002658992885533483,0.0,0.0009517867915763274,0.0,0.010890032969727988,0.0,0.0,0.011615493589116234,0.002799060269185577,0.0,0.0,0.0010994539105695378,0.0,0.0,0.0,0.0,0.0031629056329462134,0.0022855517002625795,0.0,0.0,0.017693942043380758,0.0,1.0,0.014405417027606837,0.0,0.12197898880361577,0.13478517402981152,0.9893324303142403,0.01362221727847532,1.0,0.013401179285879234,0.0,0.0,0.019246275047802002,0.0,normal,1.0,0.010323272314580927,0.0,0.005574788157237683,0.0,0.005212059814862873,0.0,0.0,0.0,0.018073325361408946,0.0,0.0020370859259741685,0.009963391060997313,0.0,0.019339626053091957,0.0,0.010142761051696448,0.005779059570319635,0.9923016894365119,0.008539791680643158,0.0,0.004567545394322655,0.0,0.0059940269088874796,0.0,0.013433887505848964,0.005846378911586757,0.0042005279437494995,0.004421122146021415,0.0,0.010881068785338366,0.0,0.0015885231210569604,0.0,0.0,0.021354307390657804,0.0,0.004984642691446688,0.0,0.008505795488629347,0.022358247480411014,0.0,0.0,0.00222522848194714,0.0,0.0,0.003002864790751085,0.0031137449498851834,0.029016393488840175,0.0,0.0,0.0,0.0046231043014354775,0.005119533699333091,0.0,0.0,0.0018263851464662413,0.0,0.0,0.0,0.0,0.0,0.0,0.0,0.0038859946604367945,0.00460691896032044,0.0,0.0,0.0,0.0006768020017360124,0.0,5.997870701555873e-05,0.0,0.0,0.002657961128311691,0.0,0.005238206512854863,0.005719368312447387,0.0,0.0,0.0,0.002692471512753331,1.0,0.0,0,normal,Normal
0.0,0.009729849472542906,0.0013040248576215343,0.023711264587187277,0.0,0.0,0.01093795546063364,0.015014735442309928,0.0003011760121596511,0.0,0.01476027795952924,0.0,0.0008988923238839415,0.0,0.0,0.0,0.0,0.01601100324707498,0.0,0.5575130103946616,0.03821112614797401,0.0,0.01126387761710248,0.9970700522356083,1.0,0.06977797381348946,0.0694611952021765,0.024718056023947724,1.0,0.07383496012820892,0.08898523347459852,0.06965136065656992,0.0,0.0005438420082015928,0.0,0.0,0.9962731725599723,1.0,neptune,0.012821413413802314,0.9983788473032156,0.002711310744322465,0.010443751050695192,0.0063980438440511015,0.004494104781635807,0.0,0.013289967599901935,0.0188243532043987,0.008535482751788002,0.0,0.0,0.008851598725970631,0.0,0.005942213284329235,0.0,0.0,0.0047363749219505894,0.02798769902673174,0.002849483502206562,0.0,0.00417069054791615,0.0,0.0,0.0,0.0,0.0,0.010375086591682195,0.0,0.009439505161732363,0.0016861365267382238,0.0,0.0,0.0,0.0,0.0,0.0005654286340139101,0.0,0.007894080352682457,0.0,0.024723078941699114,0.010772255135072692,0.0,0.0003494753093750942,0.0,0.006984977885340323,0.003857045927095525,0.0,0.0,0.018865535140754435,0.011796153920631065,0.01945885867695186,0.0,0.003316172138429593,0.0,0.01117075205531244,0.0030662465554181033,0.0,0.017318110459213498,0.005610398684635748,0.0,0.9933321313745345,0.0,0.011241248954160978,0.016573144516624807,0.0,0.0,0.0058130230596510546,0.013249674524646054,0.0053945299898748985,0.0,0.0,0.0,0.0,0.9840149426744909,0.003719244082754878,0.0,0.0,0.008877054541984826,0.019112398244209308,0.0,0.005756774171666402,0.013534032411755445,0.02126688397094651,1,neptune,DoS
0.008747923573228214,0.008585281532161955,0.0,0.002908270147948967,0.0,0.010898615259472649,0.0,0.19387583792471139,0.013220757481726709,0.018883314475634728,0.0046806484079627295,0.00662902429978961,0.0,0.0,0.0,0.0,0.010374101719997126,0.01008299891977966,0.002979151785540004,0.0,0.0,0.0037292707789608514,0.005281036498090029,0.0,0.008976014747297643,1.0,0.0019745381396743915,0.0066284538984351625,1.0,0.8792106258772676,0.8893712158452052,0.02652415355772781,0.007028051961581281,0.027339465465192562,0.012287864024198392,0.0,0.03212113821808738,0.03335690139380091,guess_passwd,0.003518964812423221,1.0,0.0,0.011239350233124494,0.007922408820307024,0.0092164124119569,0.0,0.0,0.00014914068299541456,0.0,0.0,0.0,0.0,0.007129166928931118,0.0,0.0,0.00192835061949265,0.0,0.0,0.0,0.0,0.0,0.0,0.0,0.01063427412647828,0.0037306606104905698,0.009072759953210939,0.0047967058773261,0.0,0.0014768598771907862,0.0018326543484250577,0.0,0.0,0.0,0.0,0.0,0.0,0.0,0.0015316982238041822,0.0,0.0,0.0,0.010568727330446228,0.0022015920206742458,0.006053740595302429,0.010147318519967575,0.006342723280589624,0.008512063165005171,0.007166240047723708,0.011930363049162744,0.0,0.0,0.005924772132222201,0.0,0.0,0.0,0.0,0.006046721077314754,0.020089189101024814,0.0,0.007702281505034419,0.0073872129291266886,0.011139146837818149,0.9955945544518646,0.004256348069168573,0.0,0.0,0.0,0.0,0.006704842436509231,0.0,0.0,0.0,0.0,0.0,0.0,0.008582480014660202,0.0,0.012882655425400145,0.0,0.0,0.0,0.9887610938957885,0.0,1,guess_passwd,R2L
0.009765558770305213,0.0,0.0,0.011351244813941268,0.00713276487724349,0.00815862595915403,0.012796935411485943,0.0,0.012284964919543142,0.01931361661385737,0.01090861130989677,0.0,0.0,0.0,0.009240185571786796,0.0009538912638675348,0.0,0.0,0.00237677081399167,0.5241872488689386,0.025258763895276915,0.9980382094432382,1.0,0.0,0.01337716967734371,0.043780745520672855,0.05583767484050731,0.0006916918267481501,0.9975711772484851,0.06363732828890249,0.06449202431309874,0.05703191352482391,0.01079841232680624,0.0015535321830521388,1.0,1.0,0.0,0.0,neptune,0.013919031910322975,1.0,0.0,0.01721591141719526,0.0,0.00155269785401191,0.002634647256242265,0.0,0.007062794236800486,0.0,0.00816246474475734,0.006292809634467067,0.01161118635407294,0.011518214905757575,0.003950172197957762,0.015142049956768334,0.0055067180387524395,0.009719620446371705,0.0,0.0009407505096750804,0.0031160121169476096,0.0,0.006755051965851231,0.0,0.006241839858243836,0.004598393888909984,0.0,0.002775260598402641,0.01157327924031632,0.008865361300960713,0.0,0.007291232320859906,0.0074063154993885515,0.0,0.0,0.004343430090231359,0.0,0.0029999244654664793,0.0,0.009908659297589863,0.01750028452478834,0.0,0.0,0.0,0.0,0.008639699680611203,0.0,0.0018149696906704033,0.0,0.007099998543187014,0.0023852364800934045,0.002648383815803617,1.0,0.0018167922291147096,0.0,0.0,0.005670373113365774,0.00395642133127306,0.00014392873883807585,0.003367213932224243,0.007061039178530617,0.0,0.0,0.0,0.004902096615257815,0.0,0.0,0.010289821963728654,0.0,0.0,0.0,0.002106818568604413,0.0036086221091490007,0.0,0.010678741937613112,0.004622113468008065,0.0,0.0027485228192560087,1.0,0.0026513689726604703,0.0,0.0015029903884992337,0.0052560985213950685,0.0,1,neptune,DoS
0.007941023427688368,0.0,0.0,0.001276001381421114,0.002462416884075665,0.0,0.0,0.02741899246235359,0.0029349221247643932,0.0,0.008549350321317236,0.0010552583645383408,0.0013193688136209304,0.0,0.002909649762307824,0.002361053767827407,0.0,0.0,0.008880672280343935,0.40291234312539803,0.41381100135349097,0.0008519233083209425,5.438574179927423e-05,0.0,0.0,0.998453021896807,0.0,0.000437276331350497,0.996489419230987,0.9830801392343403,0.9899901071382342,0.007343394660096102,0.004308285999315057,0.017860578295245427,0.0,0.0,0.0,0.0,normal,0.01128139964639169,0.006331600136978726,0.9969398465690735,0.0,0.0,0.0016154938397082864,0.0,0.0,0.0,0.0,0.017942879136222372,0.0,0.0,0.00786993774135575,0.0,0.986849507507065,0.0,0.0,0.0,0.004178186532652007,0.016020070396598477,0.0,0.002757229121146386,0.008017338699373384,0.0,0.010482272442913913,0.0,0.007726148542172972,0.011915396972840804,0.009774579795903234,0.0,0.0,0.0,0.0,0.0,0.0006998991375339955,0.0,0.005032689535744714,0.0,0.003737524445119269,0.0,0.020753502514238013,0.0,0.0,0.006613343376482518,0.002115666912061888,0.0,0.0,0.0,0.0,0.007597267494649459,0.0,0.0,0.005979441145432345,0.0,0.005141687074672111,0.0,0.0,0.0,0.0149026658679419,0.0,0.01703731880484055,0.0069098729664342495,0.007061349374565885,0.0,0.011707082399236006,0.0,0.0021312584119921587,0.0,0.006428821697554751,0.0015278360312246616,0.0,0.0,0.016127850920043818,0.0,0.0,0.0,0.011912520362182082,0.0,0.006697675065947789,0.0019030237472652057,0.0,1.0,0.0,0,normal,Normal
0.002325520154209519,0.001760778295277599,0.0,0.014018771178603947,0.0,0.0012182925202838101,0.015150916494403673,0.006685697525339746,0.9955242008548316,0.004012675507363031,0.005096222530134655,0.017202406712088628,0.007152718750502647,0.0006931428275344037,0.0,0.008159922117110287,0.0,0.0,0.0028885456345255876,0.015279244525868534,0.010030923477536063,0.011893750546172584,0.0,0.025036474855022774,0.0,0.987286680015932,0.0,0.32165409370252535,1.0,1.0,1.0,0.015718486146412823,0.005672079535636797,0.001334337898770077,0.0,0.02061763678519724,0.0,0.015695449424309133,normal,0.0,0.9922579973399918,0.0,0.0056789489670182255,0.002465024048785248,0.008020808221870037,0.0,0.008685663028664218,0.0,0.0,0.002083140243170947,0.0,0.0,0.0024621719491640347,0.002955714674378952,0.004170109107502526,0.004890658274629227,0.0,0.0,0.007294275249957357,0.007534249147596773,0.0,0.0,0.0,0.0,0.011342636597996487,0.0,0.9968040726971109,0.0,0.01294305614246638,0.0,0.0,0.0,0.0,0.0,0.0,0.0,0.0034849827313889145,0.0,0.0,0.007508717691000736,0.0,0.0011150650076389033,0.0,0.01857897902402723,0.00518129129473407,0.0,0.0,0.0,0.01778530553332529,0.0,0.0,0.0,0.0,0.008331752330748139,0.012368792078245143,0.005628327281800996,0.02849705581380281,0.0,0.00200017564063875,0.0,0.0,0.0,0.0,0.008446619598199536,0.0,0.0,0.0,0.004930138318841933,0.013540650776223784,0.015029416260782904,0.0,0.00010436002475411375,0.007179085178525905,0.0,0.01726643204856173,0.0,0.0,0.0037305455433106205,0.00415899923313007,0.0,0.0,0.999606067690171,0.0,0,normal,Normal
0.0,0.007508360766443554,0.0,0.0,0.014361483150242067,0.0,9.903830468356533e-05,0.0,0.984092099951754,0.005177037227243318,0.009705060582669548,0.0008662684413537672,0.0,0.002660096750892011,0.01417102038138736,0.0033372259281384802,0.0,0.003922940404662685,0.0,0.017974321422989978,0.051193733082133416,0.0029207431170580845,0.007568411783437439,0.0,0.0,0.9770083554486941,0.0,0.0776102299359829,0.11658770584235247,1.0,1.0,0.0,0.018161470322477325,0.08733110017935614,0.0,0.0,0.009913662718868142,0.00803855784845845,normal,0.0,1.0,0.004568406941577161,0.0020439303353537146,0.0,0.005592257812971123,0.01479957199752168,0.007527347103310733,0.0,0.0,0.010273396343127286,0.0,0.009562760261672403,0.0,0.0010423229735034396,0.0,0.0011162836242964015,0.0,0.0,0.00488468010511309,0.004215880416431408,0.0,0.01564640345672808,0.015021258217257727,0.005325453660112071,0.0,0.01210692994550172,0.9958500232430705,0.0,0.0,0.0,0.002162108057337373,0.004880522714214166,0.0,0.0,0.0,0.0,0.0,0.015383149796337462,0.012221226685234777,0.0,0.002289735726920568,0.01489403812147956,0.0,0.0,0.02071808389152019,0.007357975329570814,0.008846379231387216,0.006456338147595623,0.0,0.011495254530007135,0.0,0.0,0.0,0.007947085943103381,0.0,0.026868659450151204,0.0,0.007912539379445901,0.012899630965032915,0.0020286653984488757,0.0,0.004749194555865784,0.00579432670024731,0.007225557549811262,0.016247705641012643,0.0,0.0,0.00978583927255835,0.0,0.010534125133160863,0.0,0.0053192610220477825,0.0006999326370750623,0.0,0.005894458990899222,0.007651408369326915,0.011197184611114814,0.0,0.0,0.006814422081840103,0.008857524106442551,1.0,0.0027260987374470285,0,normal,Normal
0.017512894486649177,0.0,0.0,0.0,0.0,0.0059269412506843975,0.0,0.005761387210309947,0.0,0.0,2.3878197217270022e-05,0.0,0.002174094574837319,0.0033045680765519526,0.0,0.02537803648905474,0.0058869091516043906,0.010422976083507849,0.0,0.5539772031799791,0.029856501858685842,0.006218398767857271,0.0,1.0,1.0,0.03712667505754331,0.06004219797014204,0.0,1.0,0.03886461950557415,0.04270494979356696,0.05692989921771147,0.0,0.0016493858743801624,0.0,0.01571356783495473,1.0,0.9920886103366532,neptune,0.0,0.9892769412720716,0.0,0.006891900570371981,0.018219904334864794,0.0,0.002830150445049959,0.0,0.0,0.004953762535827495,0.00103006165836117,0.004999591755030655,0.009704857961862936,0.0,1.0,0.012665059881312073,0.0,0.0032007125747491277,0.009170659663399918,0.0,0.0,0.0,0.0,0.0,0.0,0.0,0.0,0.01558721625661808,0.0,0.0,0.0021483517850404595,0.0,0.0008169585279959381,0.01081563465647064,0.003280850057657462,0.0,0.0,0.006871384789153829,0.0024725691733574933,0.0,0.0,0.0010947438482966391,0.00309432465086365,0.011278257366909357,0.02033743738515846,0.024319984927355858,0.0,0.0,0.008871481612232581,0.006138689859261462,0.0,0.0071850702563011,0.0030249939695652754,0.0,0.0,0.0,0.005231803229493573,0.0,0.0,0.006006886464314964,0.0020213135058470212,0.0,0.007453581464027336,0.002118968206492313,0.00013110168559742817,0.005843945986081419,0.0,0.0,0.0,0.000925679052337669,0.0,0.0,0.014466555969069608,0.0009418410829015032,1.0,0.0,0.004898905833922207,0.0,0.0,0.0,0.013218136954536419,0.0,0.0,0.007843015680170807,1,neptune,DoS
0.007133620068034361,0.0,0.0,0.0,0.0,0.0,0.02127656478697485,0.0,1.0,0.00886190489562153,0.012051815833970152,0.009195706815573523,5.558521422568696e-05,0.008380599457746815,0.0,0.0,0.0,0.0,0.0,0.0,0.020635153146354238,0.00477881150927524,0.01740076207895658,0.015232104147722785,0.0,0.9946985447659376,0.0,0.16162795823751672,0.0350438749749819,0.9980230147891538,0.9880208368786041,0.0044021929288115495,0.13647896683405816,0.031189161249310607,0.0,0.012261603377726115,0.01058341992155307,0.002674808857504441,normal,0.016382536863634178,1.0,0.0,0.0,0.0,0.0,0.014245524747243426,0.003232467301558497,0.0227276877643552,0.010905799181541737,0.0,0.0,0.006743345464041053,0.014363141560118628,0.004984123020934181,0.0,0.0,0.018400140440941373,0.007880549238284334,0.0,0.0,0.003493097375661104,0.0,0.006374979430892281,0.004498796587560049,0.0,0.0,1.0,0.0,0.0,0.015603437028924489,0.0,0.0,0.004895482692483434,0.0,0.012231473723150997,0.0,0.0014305548341611537,0.005131751448937792,0.007830024481173405,2.4515818508995913e-06,0.002598851881323434,0.0,0.0,0.011241984327948524,0.0,0.0,0.0,0.0,0.0,0.0,0.0059966996832408895,0.0167439299527064,0.0032120477676828036,0.005596759238791699,0.009908017945494965,0.0,0.0059145685199956865,0.0,0.0,0.011495391813290463,0.0016571859839895331,0.0,0.0019069409724221168,0.0,0.013887908772404246,0.0,0.00413550264745197,0.0024050052123339243,0.0,0.0,0.0,0.013644681026547485,0.013298897321943247,0.0,0.0028650128854305033,0.0025010612243396495,0.0,0.0,0.0,0.0,0.0,1.0,0.0,0,normal,Normal
0.005335372520004603,0.0045899346109215455,0.007046163914476384,0.004276006985481204,0.0038670245735612447,0.0,0.0039472448211469195,0.0023222682108852374,0.0,0.0,0.0,0.0,0.0,0.0,0.0,0.013726006219170105,0.003020078889966637,0.001890392683021537,0.0,0.03740893366746966,0.0,0.0007309021219014567,0.0,0.003961863672867442,0.002873545139101556,0.23672784102008443,0.46497226122316593,0.0,1.0,0.009557655105810236,0.011380314636224508,0.24723109184156178,1.0,0.011588644479584069,0.0,0.0,0.004403132987611674,0.01973932536604817,normal,0.02797297864705964,0.0,1.0,0.0,0.0,0.0,0.00805391322188439,0.0035273350610223525,0.0034488783336779176,0.002824446605951342,0.0011991674557157814,0.00022013461894241864,0.0,0.0,0.0,0.019450622266583555,0.003619073926370337,0.008021820662874164,0.004821973005308388,0.0,0.0,0.0,0.0,0.002142025041889213,0.0,0.0,0.0,1.702106038563109e-05,0.0,0.0,0.0065270016183585034,0.004209645950112263,0.0,0.002803487443817951,0.0,0.0,0.0,0.0,0.01300765763883614,0.0030923916764314207,0.0,0.0,0.0,0.005215782976868516,0.0,0.009947052390649379,0.0,0.009324998553910224,0.022109921946865955,0.0,0.0,0.0013631241890539655,0.9973961825929542,0.0,0.008524963547710993,0.0,0.0,0.0007440377709081353,0.012866510724902103,0.0,0.0,0.0,0.0072946059942626046,0.0,0.0,0.0,0.0,0.0,0.006182413957896855,0.0010756213527623455,0.0,0.00800732419104996,0.00104791275117015,0.0,0.005467332033835167,0.00885242041835309,0.0,0.04015857754136451,0.0012150923531845975,0.0,0.012130043039484817,0.005542936496334986,0.9812000368219104,0.0028768468345205475,0,normal,Normal
0.02326097743223773,0.0,0.012473384294879491,0.0,0.004019218337387732,0.0,0.007858978709017181,0.0,0.9963740197492571,0.0,0.0,0.0,0.0,0.0,0.0056166205222024325,0.0,0.0,0.00010401493952757718,0.0,0.016023346126532556,0.0,0.004693619582217838,0.0,0.0,0.014459269964462172,1.0,0.0,0.0,0.32003885089138345,0.6949090064606427,0.9996947849211802,0.0018194553122641783,0.012920556823435627,0.0374289403929611,0.0,0.0037095206641438567,0.01707626287034373,0.007576453384482735,normal,0.0,0.9982659889413689,0.0,0.0,0.00842443712600569,0.0,0.01576932216835375,0.0,0.0009269486240937056,0.0,0.0,0.01931332345267686,0.0032428502692326213,0.004087174258268672,0.0,0.010184441322015639,0.0030335265064828695,0.015512060059750251,0.0036272542876044866,0.005418480060612001,0.0,0.002336256663781393,0.005542505194190374,0.0,0.0,0.010906100628357163,0.0,1.0,4.5181565913337594e-05,0.0,0.0003608411789003795,0.01545497733072816,0.014885698886779136,0.0,0.001978944291056658,0.003924111867545636,0.0,0.005918228337017394,0.0036425486914505294,0.0,0.0,0.0,0.0020819758267541914,0.0,0.006002113033014179,0.0,0.0,0.0,0.01497915604295892,0.0,0.0,0.0,0.021050294904324716,0.0,0.0025139149291709033,0.012300308648835611,0.010326066465597233,0.0,0.005706387371278966,0.0,0.00016071013373884432,0.0036096682214602606,0.006529752925005259,0.0,0.0,0.0011344015249153724,0.0,0.005870904622144239,0.0,0.0,0.011014050504322984,0.0,0.010131297145217176,0.0,0.006828528576260096,0.0,0.0,0.0,0.0,0.011988286951934527,0.003239598990387486,0.0,0.9785880488896856,0.0,0,normal,Normal
5.2406718897798224e-05,0.0,0.0,0.0,0.0137669913885769,0.0,0.0,0.007215351879824849,0.00309367133249717,0.0,0.0,0.020721840655719897,0.0,0.0,0.002190794490888216,0.000900492547504469,0.0003085885528791466,0.0,0.0,0.3638334998481701,0.04376809263356867,1.0,1.0,0.0,0.0,0.1269668123839937,0.07866974681967039,0.0,0.9997453153638013,0.06982801839134303,0.06322613149957297,0.0798767890541378,0.0009518223638300692,6.852608261035608e-05,1.0,0.989336891439992,0.00962755097758352,0.0,neptune,0.0,0.9922134239127346,0.007382318052231292,0.0064376945832383395,0.0023906801835754557,0.003284963099244221,0.0,0.0,0.006065372097473119,0.005577958173245736,0.0,0.0,0.0,0.0,0.0,0.0,0.0,0.0026342008872277185,0.0,0.0,0.0,0.0,0.0,0.002688199620203533,0.0005003538833595947,0.007080265410731525,0.0,0.009233468872049436,0.0,0.0,0.0,0.0,0.00012264294047696183,0.0,0.010819101441529855,0.006189560890268037,0.001220002634515131,0.01769928988575498,0.0,0.0,0.01606288324867444,1.0,0.0,0.0013169349845016476,0.0,0.0,0.0,0.012454463186447695,0.0007072829770582409,0.0029135889217906997,0.0,0.004867232635770436,0.0,0.013359666496472853,0.0,0.012649123739194171,0.0,0.004446173192158412,0.0,0.0,0.008859962074710362,0.00668506881744782,0.0,0.008257585801803125,0.007477916405688954,0.0,0.007318769419838812,0.002166892166236359,0.01196444697609155,0.0,0.009774304820243874,0.0,0.0,0.0,0.0061191366537648815,0.0033431960540528426,0.0,0.0026423953159892327,1.0,0.0,0.00953928945834215,0.0,0.0,0.0035395145614053923,1,neptune,DoS
0.0,0.0,0.0075541090097249845,0.01066729935037055,0.0,0.0,0.0,0.00673871902537361,0.004020111088361469,0.0,0.0031342435137551943,0.009609821875246557,0.0,0.0,0.0,0.0,0.0,0.0,0.0,0.012457321499752448,0.0,0.0,0.0037062449659429337,0.3440098112910631,0.0,0.3338877217243934,1.0,0.0036595390032071466,1.0,0.21760509885197032,0.19636828972220963,0.005661131308946989,0.003388255024168205,0.003714049788034961,0.0,0.01160788322321884,0.19162397596998898,0.0,mscan,0.007005023023289529,1.0,0.0,0.0,0.008295867059914044,0.009904550978503446,0.001780336722070465,0.0030557749409588957,0.012646245920340802,0.0006468374104652103,0.0,0.0,0.0,0.0,0.0,0.018007072171200705,0.0,0.002472736648281542,0.0,0.006776219221322694,0.0,0.009143604730485285,0.0,0.01827890858707191,0.008060273805208195,0.0,0.0,0.0,0.008002005159261081,0.009066601779809749,0.0017415153567353898,0.003827390532070877,0.006767835500145968,0.003636210439800137,0.004592094660001099,0.01615115240843861,0.0,0.001860759979380351,0.0037457458990159775,0.009383683802272436,0.004564069347002445,0.0,0.011121542979675426,0.010891878944352507,0.009289068499310582,0.0,0.006129311441928728,0.0,0.013675373328359542,0.0036811271277964685,1.0,0.008086222567548242,0.0,0.01429238051788931,0.0008242632989009939,0.0,0.017294673765987045,0.006392964516776701,0.0046586828462203585,0.0,0.0034316801626376988,0.0,0.004401010210087176,0.0,0.006426055966807543,0.009407113106627694,0.0,0.0,0.014140059874569753,0.0,0.0004373414890681635,0.004728289682604466,0.013107661331392682,0.007964314304409205,0.0,0.02419279160976956,0.0037751602772083904,0.0,0.004029665597090459,0.004295629024688025,0.007526306498371499,0.0,0.99045699573323,0.0,1,mscan,Probe
0.0,0.0,0.0,0.022502933150446967,0.005997072974418685,0.0,0.0,1.665347116292062e-06,0.0,0.0,0.007463319889747176,0.0009642858035880183,0.007413928911555749,0.006802512513926319,0.0,0.007626650639683951,0.0,0.0037775915730724,0.0,0.007855316371083072,0.013740687642722342,0.0,0.005437287469829078,0.010394781608822283,0.0,0.9997010334325045,0.006497773524809755,0.0,0.9850164400786414,0.9820799217105192,0.9917867179920021,0.025218996560257063,0.017055450507555314,0.0,0.0,0.0,0.010416445870553815,0.0,normal,0.009226619861898518,0.0,0.9837945419647096,0.0,0.004231819570169965,0.0,0.0,0.0,0.00605052899290511,0.0,0.0,0.008788899451437003,0.0028836646120063503,0.0014246950626270291,0.0,0.0034380861795898577,0.0,0.005170992710110055,0.013163550734927422,0.0037883543996168755,0.027654742091684316,0.0,0.0,0.0,0.021162440298026785,0.0,0.0,0.0001026748969395409,0.021605274388046058,0.0,0.0,0.0,0.0,0.000537327160390716,0.0,0.0,0.006375795960031039,0.014251292464900485,0.013891697615752492,0.0027103679430358395,0.00215237181654812,0.0,0.008748195079563752,0.0,0.016131004515114192,0.0026179511751287404,0.0,0.003333659714593795,0.002926796347552292,0.0002127752758674374,0.0,0.0,1.0,0.0,0.0,0.0,0.012838503638567316,0.0,0.0016215947280592545,0.0,0.003122657125607034,0.00710085179915069,0.007960146974400718,0.0071701577516304835,0.0030865738676675364,0.0,0.0,0.0,0.005685021075376291,0.0009772751673561677,0.0056877211374359886,0.0,0.0016245420603679186,0.0,0.0,0.003014136471749586,0.0,0.0,0.0023290248594922017,0.0,0.008015485342384424,0.003081901800502187,0.9696768547766722,0.0234764692697669,0,normal,Normal
0.0,0.0,0.003057497879256418,0.008667194402134306,0.007818660551869264,0.0,0.0,0.0,0.9933995256135427,0.019823417019895043,0.023920158789596524,0.0,0.0038862980885086304,0.0,0.0,0.0,0.0,0.016833228434722024,0.0,0.010401852932306537,0.0038716652105178586,0.002392595033091795,0.0,0.013957014956802198,0.0,0.9967195362642391,0.0,1.0,0.9919445937462126,1.0,0.9990023148979899,0.0,0.0,0.00378484952035285,0.001032599591065983,0.001030108338077155,0.0,0.0,normal,0.0,1.0,0.0,0.0,0.0,0.0,0.007922744290963539,0.009042475944058156,0.0,0.0,0.0047152025848381865,0.018148084405371454,0.0,0.007410553206095691,0.012917741526816963,0.001075767329120685,0.01053507054846116,0.012475193909963576,0.0,0.0,0.013437240688823635,0.00403210529094984,0.0,0.0013122446362275318,0.013847587940160834,0.0148814126874473,0.0,0.9996035265200114,0.0,0.003020725873823424,0.0,0.0026628864956579497,0.012300023958425868,0.0,0.0,0.0032490372841125457,0.022014832241483852,0.004905619901834972,0.0,0.0,0.0,0.0,0.0,0.0,0.007762882525537734,0.0,0.010874688708686115,0.0,0.0,0.006885899483679412,0.0,0.010601602204217226,0.001786342748603264,0.0010325663115867887,0.0,0.012002728962461833,0.0,0.012735381267716029,0.0,0.0023579282984395465,0.0,0.0016535470438339343,0.006365332564241282,0.005960762937644212,0.0,0.0,0.001636514546426001,0.0,0.001859835896272922,0.009799604603182847,0.009074738653653438,0.0,0.0,0.0,0.017683038098220857,0.0,0.00011722060473548476,0.000519969544724335,0.0,0.0,0.0,0.01077876296559942,1.0,0.0236260545146317,0,normal,Normal
0.009965819571259896,0.0,0.0030691692600739538,0.0,0.024590205385902716,0.016697312335323695,0.0,0.017340609139650732,1.0,0.0,0.0,0.0004564297872950691,0.014991981827761638,0.02243307923814478,0.0,0.0,0.0012990519724366317,0.003873051140179174,0.0,0.0,0.0005392426792953252,0.0031110535334957987,0.0,0.0010227601719578633,0.011158378497987828,0.9800223655753983,0.0,0.025507144731928034,0.33219610007846195,0.9966257077983559,1.0,0.0,0.00944648637887947,0.009594308960521103,0.0,0.004679518811186061,0.0,0.005992679290213937,normal,0.0,1.0,0.0,0.003947127350404135,0.013835073972935864,0.0,9.961832219823696e-05,0.007441563907601458,0.0037504060752950557,0.0,0.012597733100515283,0.0,0.0,0.008472952300581586,0.004578043838022046,0.007019531861120566,0.0,0.000166312368433954,0.008951034301405033,0.0,0.0037415638322754086,0.0,0.0,0.007819397340096663,0.0,0.013929863804949505,0.0,1.0,0.01615853426995829,0.0,0.0,0.0,0.0,0.0,0.00031035390365432647,0.0021452481604379257,0.007669066287020888,0.0,0.0056080638703325655,0.0,0.0,0.0,0.002171519099127347,0.011036290692790865,0.0014873481563912865,0.013766079861282103,0.0,0.023069354317478374,0.0,0.0,0.0,0.00488508560009191,0.007452196160386483,0.005292063479371694,0.0,0.0,0.0,0.0,0.013370720053683081,0.011207524641580398,0.01565057623503992,0.0138840583017664,0.0016439414679194967,0.0,0.024844648430606235,0.012867001899075022,0.01393167252038239,0.0,0.0008754375578791117,0.00035865332087147865,0.0,0.0,0.0026345895748858274,0.001374948085181262,0.0,0.0,0.01200939129773862,0.0,0.0,0.0,0.0,0.0,1.0,0.015934547240561404,0,normal,Normal
0.0,0.005902564070722355,0.0,0.008536140029415207,0.0,0.008905935320018259,0.015951675617031816,0.00658215043003004,0.0007745023239396857,0.00170789673913973,0.0,0.0,0.0,0.0,0.0,0.0,0.0,0.0,0.023703743323254686,0.320891447124327,0.0,1.0,0.9966402127707353,0.003103047373687927,0.0,0.006830715715793626,0.11025459234481401,0.004394452875910822,0.9850503448250081,0.010949159326262423,0.005841303984639507,0.10865226193475333,0.0,0.009084611541203403,1.0,1.0,0.0,0.0,neptune,0.0,0.9958654729582083,0.0,0.00089056120166074,0.0225507957735061,0.0,0.0008850659186584687,0.006050066043653055,0.0,0.0,0.0,0.0,0.0,0.016136378901634236,0.006039148916831578,0.02345470009140128,0.0,0.0,0.0,0.0,0.010640845487953158,0.0019420246523758886,0.011591663818714928,0.014126023303893648,0.0,0.006084568546907627,0.003824025152507804,0.0017640189733853125,0.004253931789399402,0.00447630303935372,0.0,0.0,0.0,0.0008581185377085478,0.0,0.0,0.0,0.004957560690335003,0.00808700305405306,0.0,0.016167325395732863,0.0019256578179926735,0.0,0.0,0.0,1.0,0.004188745244255747,0.0,0.0022455062024672955,0.0,0.017193178916849162,0.0,0.0004796017775215955,0.013315138227361592,0.012075326840487557,0.005310267716575199,0.01047826534770779,0.004239339236101148,0.024210503107687124,0.0,0.0,0.010460492145296891,0.014737611924268468,0.0,0.006581575912061315,0.01220827994335125,0.002145284591369375,0.011220861795523215,0.0,0.002891958249434994,0.0,0.005071697219711353,0.006803918665009674,0.0067582815767945545,0.0,0.0,0.01591553104960307,0.008870763661429002,0.9839526833046034,0.0,0.01068682181424231,0.009906133975609117,0.0020787110432582572,0.0,1,neptune,DoS
0.02070417362772781,0.0037823462760765564,0.0,0.0014323493644596036,0.004707169962746825,0.0,0.0,0.009393468466484969,1.0,0.00622602258577914,0.00687883510812311,0.009420330348047443,0.007858395424910153,0.0017951140854078637,0.014425682312834556,0.0,0.001934752716772284,0.0,0.005661255926555763,0.04316724216181538,0.038290077596241506,0.00929458206850589,0.012863176862263277,0.9909890381944035,1.0,1.0,0.0,0.0,1.0,0.9872296424108238,0.985606867777091,0.013369908141644994,0.0,0.0035949925022833898,0.0,0.018569153755131247,0.5801439750241391,0.5437878365511211,apache2,0.0,1.0,0.0325561205723365,0.012785638478933587,0.004444611529310576,0.0,0.0,0.007923429801782176,0.000721018177740193,0.003566370037779081,0.0,0.0009008372415154048,0.0,0.005599351650615044,0.0,0.014816645658171309,0.0,0.001891174173480327,0.012907459982864362,0.0,0.0,0.002334970354572879,0.0,0.0,0.005407474144741455,0.0,0.011029748602786613,0.9952310629944578,0.012530206349642206,0.0017121336373958581,0.00746373876675558,0.009639584677573117,0.0,0.011967350480426256,0.0,0.0,0.001646727209286419,0.0,0.005339842509933638,0.0,0.006199733722343971,0.0,0.010275967452822119,0.0,0.00015174658082810864,0.013940021444362276,0.0,0.012624997299281038,0.0048902845788696995,0.0,0.0029337150908696464,0.0128448850882457,0.0,0.014593394437258494,0.006111193067406717,0.0014587137988277632,0.0,0.0,0.0,8.079301995085531e-05,0.0,0.006778346066606997,0.0,0.010430034514772374,0.0,0.009766849645228731,0.012756008888076681,0.0,0.0,0.0,0.0,0.008326308087456191,0.0,0.0,0.0,0.0,0.021535725874831275,1.0,0.0,0.0011290570042589295,0.0,0.0,0.0,0.0008750154903077994,1,apache2,DoS
0.013453744381831105,0.0,0.0,0.0,0.0029863819513235067,0.0,0.004418964890653766,0.0,1.0,0.012320504981887456,0.014805680690726025,0.0,0.013272911060116015,0.0,0.0,0.0,0.0,0.0,0.010941282571110105,0.031098944604086933,0.008270908962049298,0.0025523907530861658,0.00463129589671952,0.0,0.0,0.9905822424860113,0.0,0.2245658416305248,0.4293852833532196,0.9999831938080871,0.9904189724438768,0.00788762022375192,0.014792041487517924,0.0037086755729749538,0.005675755849392509,0.0073748658250017834,0.0,0.0,normal,0.0,1.0,0.005802406793171329,0.002216040005092494,0.027357050485541996,0.0,0.0,0.006047871141139202,0.0008325195756695054,0.0,0.011951800608492238,0.0029870806283988673,0.0,0.024177353876214728,0.011620830034792728,0.01596113645340811,0.003454687775221821,0.0,0.007270642456516817,0.009612710438379751,0.0,0.0,0.00040525586054250074,0.0,0.000764901950390851,0.0,0.0,0.9941377959450749,0.0,0.012286003814645428,0.00034038944961661095,0.0,0.019312848322248468,0.0,0.002914915942667466,0.002378245289264814,0.0,0.0,0.0015808342194406407,0.007391214949549537,0.0,0.006163345648993737,0.0,0.0,0.02207726929637375,0.008685803311463302,0.003190777928020164,0.01748653126915462,0.0044588414129048395,0.0,0.0,0.0,0.0,0.00020807037030826932,0.014017922038028423,0.013574266123760581,0.009479651094180757,0.0,0.004443417031221474,0.004100171215597198,0.0,0.023334451062449805,0.010099468972020546,0.0,0.0009052185442252341,0.0,0.004025607115369917,0.0018997827462147166,0.0,0.01803138323168561,0.001828779419226104,0.003951762081466213,0.0012215684903302065,0.0,0.0,0.0,0.0009779128767779166,0.012050168729708802,0.0,0.0,0.0,0.009256528985655826,0.9977033005901816,0.001455756388420819,0,normal,Normal
0.016093904766652328,0.0,0.0,0.0,0.024443134939683937,0.0017041400384853929,0.0,0.004119118097348413,0.0007988135460791929,0.00041257782732687743,0.011072665893773785,0.014087089881638717,0.0,0.0,0.0033103113766050725,0.006153462552721736,0.004642439679355606,0.0,0.0160964266811135,0.9993815980719268,0.9953564664146349,0.0,0.0,0.008494878042992388,0.0,1.0,0.0,0.0,1.0,1.0,1.0,0.020245709609417687,0.8241197895327551,0.0,0.0024137014799093877,0.01880828566446482,0.0184590671379571,0.010692122981921848,normal,0.008753364280586609,0.0,1.0,0.00014849369810991908,0.023764144136914717,0.0,0.0,0.004231675338322445,0.00903508867494453,0.0,0.0096135685636306,0.009872904569135041,0.02095023419781207,0.01089018240963014,0.005403192944266707,0.00457420955075528,0.0,0.007650922809978105,0.0,0.0,0.001882198997330896,0.0,0.0,0.013492762707350137,0.011501862848801399,0.005243417670911627,0.00039623354777451917,0.0,0.0,0.0,0.004533700416455926,0.0,0.0,0.0,0.0,0.0,0.00451766836692456,0.0030316182167365252,0.011071358198315603,0.014100105148137086,0.0,0.0,0.0,0.01098315502997604,0.007241540759644294,0.0,0.009720382945430275,0.0,0.0,0.0024136054824462246,0.019001022983087014,0.0020552866302676344,0.9997592684595012,0.008034926552112756,0.0,0.0,0.0,0.0,0.010890737813029894,0.0018536573139932696,0.0,0.0,0.0,0.0,0.0,0.0,0.004270618349345748,0.0,0.0,0.0,0.0,0.0,0.004758194339830245,0.0,0.0,0.0052448309189982445,0.0,0.007057776073848915,0.0,0.011912723395805753,0.0,0.02299693941721755,0.9938295468960907,0.0020766757289779887,0,normal,Normal
0.018191317610350803,0.011869045473166896,0.020345847427689346,0.008801943638711743,0.0,0.0,0.0,0.0,1.0,0.004899922557319981,0.0072548410244432935,0.0,0.0,0.009969235418335673,0.0,0.10136932540030649,0.0,0.0,0.0019425723795110995,0.0023378390357297243,0.017432785682650328,0.0,0.004285712082791959,0.00046758020962852547,0.0,1.0,0.0025667437051689903,0.611557689075729,0.017713442926949156,0.9967126178098863,1.0,0.0,0.3327963684903061,0.04417726638628843,0.0,0.0,0.007895724566761866,0.007907356616936156,normal,0.008315833829433704,1.0,0.012089461386267486,0.0,0.006477549290042299,0.0036320985970365394,0.012470179465489275,0.0,0.0,0.0,0.0,0.0024384658468145797,0.009765089740399371,0.014907664446754301,0.0,0.00248372794035314,0.0,0.008979229152040663,0.0,0.004263526268357983,0.014562239868931634,0.0,0.02441768079166677,0.023000912012833163,0.0021697205340618485,0.0,0.0,0.9931449620801782,0.012609633401705402,0.0,0.006715968634173582,0.0,0.0,0.003576799429496968,0.012747704564051852,0.0,0.0,0.0,0.0,0.006890137232428477,0.0,0.0,0.0031516732176795005,0.0,0.007686457232255476,0.007782709092143164,0.0,0.0,0.007708950779730832,0.0005416629487541022,0.0,0.0,0.0,0.0003858640742343041,0.0076043456066024985,0.02165025932782434,0.0,0.0,0.0,0.0,0.0,0.0,0.010734307718994607,0.0,0.014734688143232269,0.0016706622421029979,0.0034444705268480546,0.0,0.01127697364094689,0.0,0.00044402657254623377,0.011098382136881062,0.0,0.0,0.0,0.0,0.0,0.0,0.013725133126612254,0.005952889491208064,0.013677457081817728,0.0,1.0,0.005498746680483867,0,normal,Normal
0.0,0.004002779227065884,0.0,0.0,0.012682413945821472,0.02025333606203005,0.0,0.0,0.991819426569729,0.0,0.006624967990640802,0.0,0.0,0.00282743562987821,0.0,0.0,0.0,0.0,0.0,0.02719893146100225,0.0011362069759474555,0.0,0.0,0.008926636652947146,0.0026495223493483845,1.0,0.0,0.009210070005210921,0.200902001505332,0.9739856595265227,1.0,0.005184279790816857,0.031381383895505766,0.022806380465189385,0.0,0.0,0.0,0.003234399530163898,normal,0.0,1.0,0.0010184177684998642,0.0,0.0,0.010552081852028213,0.0,0.02041610941562318,0.0,0.008940407691625792,7.99460277999608e-05,0.0,0.0,0.0,0.01581665904374882,0.0,0.0,0.0,0.0,0.0,0.0,0.005047262489761661,0.0031196993854494693,0.011896263650634698,0.0,0.0,0.0,1.0,0.00750234368109747,0.0056435117033293136,0.0,0.0,0.0,0.0,0.0,0.0,0.0,0.0,0.0,0.0,0.0030835302872184184,0.0,0.0,0.0013466279632622818,0.0,0.006591886046178832,0.0062304921373040265,0.0,0.007781414807811106,0.003946839840078023,0.0,0.0,0.0,0.014380432144837288,0.0,0.0062550346505606995,0.00034635835679487306,0.002832732376969776,0.0,0.015621689759440283,0.006965307459761067,0.0,0.0,0.007580152816617708,0.0015202057897581867,0.0036189350978917735,0.0019138135944955792,0.007769402934276711,0.01474573543826079,0.0,0.009126776644768976,0.0,0.0,0.0,0.01937775988264439,0.00379373760424318,0.0,0.0,0.00929058303967599,0.011747196218117437,0.01262014506342048,0.004340598645722515,1.0,0.008790949771107791,0,normal,Normal
0.0,0.0,0.0,0.0,0.0,0.015470335246118658,0.0,0.0007427573194708224,0.0,0.01556392951343712,0.010121194330490753,0.0,0.0,0.016731058097697548,0.012388772130999893,0.012447224527340739,0.013083249531450037,0.0,0.007341813841080337,0.406560651355762,0.017335842500627686,0.014712320818963271,0.0,1.0,1.0,0.026113589782657234,0.06775813295495596,0.0015451349592433838,0.9975226281863926,0.03533266955825813,0.02993296898087605,0.04793182002845878,0.006704285344986254,0.00917573185291524,0.010748051248538646,0.002158668360784689,0.9987479274187794,1.0,neptune,0.0,1.0,0.0,0.017138035553740393,0.006133027958107654,0.0,0.0,0.0,0.0,0.017082670324820564,0.016618434753471814,0.0,0.0,0.007719843046624919,0.0,0.008693175205747496,0.0008118312361916793,0.006628969351187362,0.0,0.015353934181306155,0.0,0.0,0.0,0.0004690280939978646,0.0,0.0,0.0,0.009302762005580596,0.010066682167209254,0.0,0.0015030930064310764,0.0015848552372546656,7.05440322323488e-05,0.0036642294907875995,0.0,0.0,0.0,0.0,0.0,0.0,0.012571537134176114,0.0,0.016910423736026962,0.0,0.00033309460751620426,0.015183449732660515,0.008309857925726206,0.002562511546728907,0.0011168436274722087,0.0009490035604353904,0.005173859782537044,0.006015350615993905,0.9992637164878285,0.0,0.0,0.0,0.0029716755187900812,0.0,0.013909956323647022,0.0030921049409061182,0.008368712869310454,0.01602000205946143,0.002314995885174977,0.0,0.0,0.005665306884822538,0.016219626411064853,0.02353736050440096,0.0,0.0001774303491560031,0.019385131374433068,0.0,0.0,0.002392074243439821,0.9942092933486232,0.025225808968118674,0.008922696256440555,0.0,0.005216077206177354,0.0,0.008107105289327999,0.00956052546796879,0.015983574651478698,0.0062140907019603495,1,neptune,DoS
0.0,0.0,0.0,0.00686743039734154,0.01740051479322916,0.0,0.0,0.017723745171802942,0.0,0.0141143742094431,0.013224895089243792,0.0,0.0,0.012412896256206948,0.0,0.0,0.014156932602968677,0.0,0.0026868516363340246,0.9987323794142967,0.9853020308267241,0.010353968811519598,0.006436415150736143,0.0,0.008778746747150798,1.0,0.0020330326595364386,0.0,0.8612772356326459,0.8450098533017648,0.9840545741614871,0.006050830437854256,1.0,0.0,0.0,0.008674301204744885,0.011633725051189304,0.0,smurf,0.9963444819268272,0.0,0.0,0.001000160788716515,0.00574354463300574,0.00818641168985276,0.0,0.0,0.013388110367548008,0.0,0.0,0.0,0.006330554566441533,0.0,0.0,0.0007491587186155219,0.0,0.01077092934211932,0.9969978686982736,0.003684092151151791,0.015698629936932506,0.004047575254112618,0.0,0.02230137427012108,0.004055326995264208,0.0,0.0,0.0013065937385960953,0.0,0.0,0.013299022219642525,0.0007707807602962992,0.0,0.0005561865307441183,0.02150037091100962,0.0,0.0,0.0,0.005124839924731385,0.0,0.008869466115926051,0.0023308594580826888,0.015812969649984222,0.014954290518328093,0.0015717038911977636,0.007972041765160786,0.0,0.0,0.0,0.0,0.0,0.028431878290163155,0.01175454359099846,0.0,0.0,0.0007938517303946126,0.00010141263460004586,0.0,0.0,0.008277931005851339,0.0,0.013356305190973129,0.0,0.0022536219999304235,0.0,0.0,0.0011892308840823352,0.00446910803548132,0.0,0.0,0.012237419696730752,0.006632297209282674,0.011676334116543157,0.010684568029727783,0.003221124845753721,0.0,0.00760509211392726,0.0,0.0,0.0,0.012042305306587071,0.014006965954044822,0.9987919374082577,0.0,1,smurf,DoS
0.012746817430871464,0.0,0.0004426303820270569,0.010391433061022297,0.0,0.0,0.0009925726863594024,0.0,0.9968461906268187,0.0,0.008529109566823458,0.0,0.006416161446903366,0.011231494989280603,0.0,0.0,0.0,0.008175392465509431,0.0,0.0,0.0,0.0,0.0,0.004512559281652625,0.010207821370320487,0.9901454576030296,0.004591732452618065,0.0,1.0,1.0,0.9978728101178318,0.0,0.0,0.0,0.0008339487266668191,0.0,0.0,0.008200833531932145,normal,0.002298208246472245,1.0,0.0,0.00415216869105245,0.0,0.014870437249989774,0.0,0.003720089137051167,0.012298154804381446,0.0,0.0,0.003607109746512006,0.0031339714255435424,0.0,0.0026124472566878103,0.0,0.0,0.003456647264348919,0.001575599773004822,0.0005543582459691503,0.009214980895384244,0.0,0.0,0.0,0.008759428035730819,0.0,0.0,0.9985164093666741,0.003276195660959255,0.0,0.004473460021733652,0.0,0.0,0.0,0.0,0.013140957242888341,0.0,0.0,0.004471894651239592,0.006993232278687893,0.0,0.0,0.0006386765582777658,0.0,0.008178459008600923,0.0,0.016518376207038117,0.011939968509341457,0.0,0.011568776557268418,0.01808061576532463,0.011854498181222802,0.0016256060531080604,0.0,0.00030910726233115813,0.0,0.0,0.01965910556060623,0.005935283175136743,0.0,0.0,0.0021452609072711206,0.0,0.0,0.00262996901896752,0.0,0.0,0.0,0.0,0.015278349007975707,0.0042326636344251775,0.0,0.0,0.01822018936857631,0.0,0.0012167621820804101,0.0022968823752782456,0.0,0.0022906063206185544,0.0,0.0,0.0,1.0,0.0031239361625655156,0,normal,Normal
0.0,0.0017407193278533891,0.0,0.01297648061975022,0.016307576652385077,0.016789254720094567,0.0319810779464315,0.005122626258498758,0.9957564190430371,0.0,0.008409421070891957,0.0,0.0,0.014782560115808011,0.0,0.0,0.0,0.0,0.0028814645817335,0.011102551799919168,0.06656458916069487,0.0,0.007372533871611143,0.0,0.0,0.9970924572616807,0.011029982464373873,0.05757348258838557,0.9882754825932251,1.0,0.9942969858692584,0.0,0.0031928204663253567,0.0,0.0,0.0,0.05554386988453155,0.055708711153614865,back,0.0,0.9898716444763158,0.0,0.0,0.0,0.011853022783717361,0.0,0.0,0.0,0.006782003186729972,0.0,0.0,0.0,0.0,0.0,0.01225773370843788,0.007053462557639406,0.0,0.0,0.0018853148567836992,0.002892185509765923,0.0,0.0,0.0,0.0050817782664835595,0.009040520041721638,0.0,1.0,0.0006631580722143023,0.0,0.0,0.0,0.016474607817136732,0.0,0.0,0.014040404646385004,0.0,0.012668804817949833,0.018578507696026016,0.008745480903682953,0.0,0.0,0.006466602975944084,0.0,0.0,0.0076890857201530995,0.0,0.0,0.0,0.0,0.03175757746232983,0.0,0.0,0.0,0.0,0.007856604135677975,0.0,0.0,0.010481122250920221,0.0,0.0,0.005516356683445566,0.0009249897217531568,0.01594946356696209,0.0,0.0032072227786003817,0.0,0.0,0.0012576114927609888,0.00943695063887406,0.0,0.0,0.0,0.011011114157313394,0.006284992057367167,0.0,0.0,0.0016746289459240219,0.0011624308971822418,0.0,0.0,0.0,1.0,0.0015011793697366146,1,back,DoS
0.00923899995348414,0.0001645977651686458,0.011961736024270595,0.0006711658006631146,0.0,0.0,0.03005158774853022,0.007044707679069239,0.9919970462458306,0.010985686871979355,0.014393252534897512,0.003533739334201402,0.0,0.006023823570189656,0.013623745650174744,0.0,0.0,0.00031318081793136715,0.0,0.004937312019120556,0.017220185262247754,0.002349161644229699,0.0,0.016521099224405884,0.010061499235291416,1.0,0.0,0.0014345427710204623,0.9859432385707285,1.0,0.991229992465372,0.0,0.0,0.0,0.015817602742986762,0.0007619733663429534,0.061442981209915926,0.04673751945358654,back,0.0,1.0,0.0,0.0032058595985372845,0.012904976565293753,0.012627035473183388,0.0,0.0020646236563528816,0.004161501030930337,0.014323169209071654,0.0,0.0,0.003071687856036926,0.017546642983251853,0.0115750377642895,0.0,0.0,0.0,0.0,0.0,0.001615579356243235,0.0,0.004665872556113186,0.0,0.0,0.0,0.0069294865274346605,0.987164931942647,0.012238925325542351,0.0,0.008613478085659716,0.0,0.011260234509130272,0.0,0.0,0.0,0.0,0.0,0.004877981868270344,0.0,0.0015239283149961432,0.004625278319528568,0.010121699790079318,0.0,0.0021937392176486627,0.0005368571239740509,0.0,0.009231961245381365,0.0,0.018544168005115127,0.00043713257575569124,0.0,0.003052568313497023,0.0,0.0,0.0,0.007948723983376517,0.0,4.855478871980846e-05,0.0,0.0,0.010063514536962224,0.0,0.0,0.0,0.006055797989969587,0.0,0.00028910044417456283,0.0,0.0,0.0,0.0,0.0,0.005142131730956157,0.0,0.009042347892724852,0.0,0.0,0.006212323996667103,0.006671337402102449,0.012470241840242065,0.0,1.0,0.0002596428477435322,1,back,DoS
0.0,0.0,0.0,0.0,0.00808742492931949,0.0,0.0010394785750138444,0.0023953940258220163,0.0,0.0,0.020376087120947184,0.0,0.0,0.0028733707954883454,0.00930981139524901,0.0,0.0,0.0,0.0,0.22595828532150647,0.008158650974739584,0.9993644332175928,0.986534004380048,0.007460314332600343,0.0,0.12366094578064107,0.050073589782491865,0.0,0.9965281513339579,0.04418736023218899,0.05845031311410704,0.06137328945226974,0.0,0.002193930965006443,0.9870231913335807,1.0,0.003504636848585969,0.003244400650151023,neptune,0.0007871180180488392,0.9911227742501639,0.007994643004219927,0.0,0.0025363873475038657,0.007391629834618083,0.01290645330199902,0.00045932010989484484,0.0,0.0,0.013220667043804804,0.0,0.0,0.017546565661493912,0.01135178231989698,0.0,0.006138323135470506,0.007950533960122616,0.004269920126801393,0.0,0.013463037821209957,0.0,0.0,0.0,0.0,0.014660880558377566,0.0037535084798394213,0.0,0.0,0.0,0.0,0.0,0.0,0.0,0.011415495648812654,0.0,0.0,0.0,0.0,0.0008268028159310717,0.0,0.008986795547009284,0.017473867781339355,0.018471112338764525,0.0,0.020584098198625382,0.00032612500528810716,0.010607241142871862,0.0,0.0,0.018148506663473753,0.0,0.9959815025196647,0.0,0.015274654480714155,0.003852669564732127,0.0,0.0,0.0,0.0,0.0,0.0,0.00014792150684304846,0.0,0.01609108646764433,0.0,0.002509186253925389,0.0,0.0,0.008966397333786966,0.0,0.002479690348903441,0.01035665002199105,0.0011440972774056431,0.008751512514002918,0.0004889772559888674,0.0,0.001999563417307896,0.9858808863470548,0.015824673976588488,0.011241077678525292,0.015946975644858332,0.0,0.0,1,neptune,DoS
0.0,0.011634416371769183,0.00527549141397119,0.009596191713119732,0.01160050801863768,0.0011353807245159616,0.0044339262442644745,0.000807827522977302,0.0,0.002504157517521451,0.0,0.01282309677125403,0.00898304017173312,0.0305148857074197,0.0,0.002808380298337027,0.00843308308824122,0.014363380276357174,0.011064117554713553,0.4669865007301724,0.036717173097153624,0.0066442004836513345,0.0,0.9964972398063167,0.9967176388043704,0.06819859309362529,0.06909488056595087,0.0,0.9983496796543542,0.09121775638409652,0.0700350416176325,0.09263718514058455,0.0004279531444638005,0.0,0.008496916386881092,0.009771154479066305,0.980218461905478,1.0,neptune,0.0,0.9906140871880676,0.0,0.0,0.005169988761589526,0.0016668048859870375,0.0,0.01775210101924932,0.011792217761613193,0.011429532158515164,0.01284639766606143,0.0051391080134587635,0.0,0.0,0.014450816803820486,0.0,0.0,0.0,0.0028383452623980056,0.0,0.0,0.0,0.0,0.0,0.009422897188770046,0.0,0.0,0.006268968340595327,0.0,0.012547418866638538,0.029817578278866087,0.0,0.0031040261882528115,0.0007987196753267319,0.009211901267679509,0.0,0.001973740077448907,0.007261994200803447,0.012352873311847076,0.0017019350338785461,0.0,0.009420105853651417,0.009464787463197996,0.0076550199226716855,0.007498516961197441,0.0,0.0,0.0012384187348471868,0.008767515157727085,0.0007591880925522538,0.0,0.0015566021590010875,0.9899133204754461,0.005859180307461973,0.0,0.0,0.010210172786814823,0.0,0.0,0.022189548582555965,0.0,0.01483546676872654,0.003023471318180048,0.009058622847728291,0.0,0.005849449117284036,0.0,0.0,0.0,0.0,0.0,0.0,0.0,0.0,1.0,0.0,0.0,0.0,0.0,0.002262032704558178,0.007695573205268182,0.004971254250905012,0.0,0.003368412122363696,1,neptune,DoS
0.003940658349909194,0.0,0.016100949697684355,0.0,0.0,0.007532050998488239,0.0007757345307765293,0.011542890874932194,0.01241060494972405,0.0031310758866544175,0.0018571978167958281,0.0,0.011921458085325565,0.009035830758722397,0.0,0.006591480901254875,0.014460810780267546,0.0,0.0,1.0,0.021261756782825197,0.0,0.007174873769189301,0.0023140220215948143,0.0,0.005307160788481962,0.9961039709585788,0.0,0.9971806356657271,0.010213910794500796,0.0,0.9835796519970932,1.0,0.014698213524697298,0.003157125790003898,0.0,0.005151753223419964,0.011787939502575178,satan,0.002598865182734522,0.0,1.0,0.007898883721883462,0.0,0.00505679840757685,0.0,0.0,0.0,0.012139641200001057,0.0,0.004294330556231178,0.0038242668025357265,0.0,0.0,0.006222796816537064,0.0,0.0,0.0010052063415054919,0.012175048509215799,0.0,0.00035651338330024466,0.004412309407702086,0.0,0.0,0.0005341706988939356,0.0,0.0,0.0002357186690643019,0.003553601492495125,0.0,0.003458737632060939,0.0,0.007814736120289321,0.028104045966755184,0.004107688804822638,0.0,0.0,0.0,0.0,0.0,0.001081437587604384,0.00022617533934355676,0.00709876460747061,0.00442816395555172,0.0,0.0,0.9789953628645846,0.0,0.0,0.012158756191783594,0.0,0.0,0.0,0.0,0.007092816210941043,0.0012537097639295375,0.012502375496799325,0.012489996023064661,0.0044168135786714705,0.007357649937817752,0.011515416570058952,0.0,0.005143349199781741,0.0,0.006362672111804079,0.0,0.015308933699337095,0.008393330850228716,0.004029194303652346,0.014227030947997314,0.0051049922269974955,0.009112811225812157,0.007627669906082307,0.0,0.0,0.0018938299543513981,0.0073398047317288955,0.0071884976408537506,0.0,0.0,0.007119659359893695,1.0,0.0,1,satan,Probe
0.0,0.0,0.0,0.0033775713717200634,0.004762675642142811,0.0,0.0,0.0031987083954408708,0.0,0.002944977605443132,0.0,0.0,0.0,0.0,0.0,0.0023701810601295856,0.0027290340071416536,0.0011896214232886269,0.0,0.024525410684826776,0.025439442265353707,0.0018572476764574114,0.0,0.0,0.02042631973265177,0.9912121704120533,0.00046212028819235675,0.3442355594529556,0.9995436502241676,0.9895049544666469,0.9728936820649867,0.007215765446131456,0.025383666357500608,0.008359879597717518,0.009234181556335859,0.008949098139981815,0.0,0.0,normal,0.016722291857868714,0.009920566251212846,0.9912695661744033,0.0,0.013633097822949664,0.0073929167853399,0.004876466405781489,0.0,0.003996384263228596,0.006245537302837199,0.0,0.012885792557212328,0.02576745681817473,0.005393247896719961,0.0,1.0,0.0,0.0,0.005553916553428914,0.0,0.005139982494071295,0.009456929633536679,0.0,0.008273362649029356,0.0,0.004804808500291788,0.0,0.0,0.01160783195257857,0.009456421296772143,0.0,0.0,0.0,0.0,0.0024949831654089948,0.010805017915249713,0.0004773238109373929,0.0,0.0,0.0,0.0,0.0,0.018583352340937716,0.0021095531735719165,0.0,0.020387632075176784,0.009759126556721844,0.0,0.0,0.009318098388370766,0.0,0.0,0.0025366444347386823,0.017088675132407995,0.0,0.0036659424711785087,0.0,0.011965889279756484,0.0,0.01114240540018147,0.0,0.0,0.0037802400603419296,0.009258065556308495,0.010887273662019404,0.0,0.009251164056585543,0.013357733946886283,0.0,0.0,0.0,0.0,0.0,0.0,0.0,0.010974094334940636,0.0,0.0,0.008661286003314983,0.0071586189340423845,0.0,0.0,0.9985711720800402,0.0007423096706593302,0,normal,Normal
0.0,0.017333754309956116,0.0,0.010926825383154396,0.006122008911745698,0.006028091478745232,0.0,0.01807140557853926,1.0,0.0,0.004799652884382466,0.0,0.0,0.0,0.0,0.11978478734560398,0.00407970182419807,0.0,0.008655933024392505,0.0,0.0,0.0,0.0,0.0,0.0,0.9926382716223966,0.003722930227465775,0.3967243910291495,0.9877955194688495,0.8393156344833955,0.8372962524117785,0.017912122690259723,0.0,0.0,0.015244007998543129,0.0,0.0,0.0,normal,0.0,1.0,0.0020651760507538887,0.0,0.0,0.009020972118240232,0.0030120296601593953,0.002551084159579904,0.0,0.014981046914663445,0.009791706088257312,0.0057286018238589965,0.005514212231207772,0.0,0.0,0.0,0.0,0.0,0.0,0.0,0.0,0.0,0.007871019474813846,0.0187782656466553,0.00019106722221241997,0.017131289063031633,0.002605020018252329,1.0,0.0,0.0,0.0017661247498486304,0.0,0.0,0.0,0.007844906558035188,0.0,0.0,0.0,0.0,0.0,0.0013335789364230647,0.0,0.00029732144644686176,0.0,0.0,0.001853954615119801,0.0,0.0,0.0009917567154270933,0.007833215012879405,0.0,0.014606984988308251,0.0,0.0015082349998352346,0.0,0.0,0.008226217564358021,0.01618158985910845,0.0,0.004787189184435241,0.0,0.0,0.0,0.009745830401558776,0.03173049477369493,0.0,0.008121630809112998,0.003254708395378512,0.0,0.008690597849644748,0.0,0.008395705398275532,0.006111080350830384,0.0,0.0,0.0,0.0,0.003149947208124531,0.0,0.0,0.0,0.0,0.9987150470998927,0.0,0,normal,Normal
0.0,0.0,0.0,0.0,0.0,0.0,0.006546539801039157,0.0013878994911023684,1.0,0.0,0.009588986316408716,0.0,0.015564182290398527,0.011758605348298047,0.0,0.013303784528071192,0.006227341077222064,0.0,0.0,0.004917384867493968,0.010859437762071187,0.00028222918095401273,0.0011819440779284847,0.0059516817989514435,0.001411619066990407,0.9974325170921646,0.0,0.0007661166611182214,0.07605120921570685,1.0,0.995652263485414,0.0,0.06326709061169289,0.046315508918123326,0.0,0.0,0.00414292076292001,0.004724795311656553,normal,0.0,1.0,0.0,0.015142787204946285,0.0,0.003187737019655345,0.0015326470470780715,0.00295698831118612,0.019180374054936722,0.0,0.0,0.0,0.0,0.0,0.0,0.0011252521156998132,0.0,0.0,0.014225053572615767,0.0,0.0,0.0,0.0,0.0016893154787904511,0.0,0.0,0.0,0.9977368581437339,0.01069113016635561,0.0,0.022198007450632336,0.0,0.0008138325212867801,0.0,0.0,0.004569471966603129,0.005451292186313865,0.0,0.0,0.0,0.0,0.013621452543154824,0.0,0.012307431944695014,0.0,0.0,0.015235132847914544,0.0,0.0,0.006272694744313423,0.009798622242070698,0.004243132274057617,0.006740857552880078,0.006539228032218378,0.011729786486786256,0.012506727078771405,0.00250233583117203,0.0,0.0,0.0,0.005133564208904979,0.0034887023223696256,0.014086657684607486,0.009376507767701266,0.021246557762712275,0.003550839681312104,0.0,0.0,0.0,0.005493639842857444,0.009382337983047903,0.0,0.0,0.0040564313936932396,0.006197235201408933,0.013382236839905404,0.010374932199703127,0.004238671165422031,0.0,0.002720554305110453,0.0,0.004015142477092307,0.9916636112949601,0.007541313906502525,0,normal,Normal
0.0,0.0,0.0,0.0,0.0,0.006160062127578334,0.006057420221636343,0.004816733557062851,0.0,0.00977253404603305,0.004415343722939363,0.0,0.0,0.00796678268874918,0.010087459053481239,0.0,0.0,0.0,0.0036172985317692477,0.016298009121111325,0.011913341312136916,0.0,0.0,0.0,0.0,0.2634990079076218,0.5151852695626865,0.0,1.0,0.004484105561421621,0.01524243652093392,0.01114044068596724,0.018002150412740885,0.0,0.0,0.001664458190789828,0.0,0.009653684955602641,normal,0.0,0.00044704526145110455,1.0,0.0026687024659089974,0.0006464979958040168,0.0117771310137778,0.0,0.010261212050473185,0.0,0.006039048737877481,0.0,0.009600891447812903,0.01623340802535556,0.0,0.005730698874985317,0.010689956612735672,0.0,0.0,0.014515881592524872,0.008004367756910056,0.0,0.0027665550983922114,0.0,0.0,0.0,0.0026821572684164723,0.005473712042099616,0.0,0.0,0.0,0.0,0.009761756906422777,0.0,0.005210383381100546,0.0,0.011345312942423809,0.0044656084048238604,0.004417978753302985,0.0,0.0,0.0074479548018786005,0.02037904626194532,0.005686086380506188,0.0,0.003031655885175709,0.0,0.9825313906906972,0.0020881312261563094,0.0,0.0,0.0,0.0,0.0,0.0,0.0017223512905918728,0.0002874726513180978,0.0,0.0,0.0021523793932155706,0.02071648874442159,0.00454295317839578,0.0,0.0,0.0,0.0,0.009683124554396199,0.009690123493199568,0.017909591274644598,0.0,0.0,0.013661888842705644,0.0018291149876452635,0.0,0.0,0.0106734907406589,0.004189410503100386,0.006601952513930932,0.0,0.0,0.0,0.004584700896975087,0.0005213492466735248,0.9970729046492335,0.0,0,normal,Normal
0.0,0.0,0.0,0.0,0.016015735670247513,0.0027389681657650254,0.0,0.0,0.0,0.004746828931185902,0.0,0.0,0.0,0.0,0.0,0.0,0.0,0.0,0.010098252284302719,0.4647804882198999,0.025714282142385293,0.013867723057532911,0.0,0.993929579217054,1.0,0.06413033105935201,0.05466265310209934,0.0,1.0,0.04376246484379853,0.057272754357871866,0.05558593601795499,0.00135040437817802,0.0,0.010621179011251074,0.010081534719286281,0.9980777520487818,1.0,neptune,0.00491729206015397,1.0,0.0008698342273837046,0.007909046524887005,0.0029767772704560394,0.010733142508483862,0.0,0.01172654136894604,0.0,0.01401841683615773,0.0,0.0,0.0,0.0033582869542575855,0.0120378940411631,0.013425306220044505,0.010510423574207974,0.0013032796420301275,0.0,0.0,0.0,0.0,0.010535588587913883,0.029120369138987048,0.0027119785974807076,0.0,0.0006682123589762441,0.0,0.021245158057191668,0.016190677170942774,0.0225938352144107,0.0058515917380416935,0.014024287678065864,0.003388050701890289,0.00870150020692489,0.00948749146986676,0.0005566163861166689,0.0,0.0,0.002253073334861864,0.001577361784698578,0.0,0.0070919718884182295,0.0,0.019740608499383885,0.0,0.0003216010458837358,0.0,0.0,0.0,0.0,0.009669750055224875,1.0,0.0029459031563288467,0.008828715355052254,0.003234532867365871,0.0,0.0,0.0,0.0006873582378702189,0.0,0.0,0.0,0.0039507104693643266,0.003229782635430839,0.015846527218635706,0.013684529439490613,0.0,0.0,0.0,0.011215112507171386,0.003076832457876298,0.01356722365764765,0.012435017719286807,1.0,0.0028162327906023623,0.0,0.0,0.004060108890025283,0.011474124789928713,0.0,0.00815605417727442,0.0013967998677736349,0.0,1,neptune,DoS
0.012834461076803612,0.0,0.0025537843209558616,0.0,0.0021109471175369803,0.0033153573987416717,0.021958290575282695,0.012263005071439133,0.007516023924830201,0.0,0.006713833678509043,0.0,0.0,0.0,0.0,0.005935844886360302,0.008382106930276174,0.0,0.0,0.5425389904009108,0.062329401322443606,0.0005689227799774906,0.0,0.993420894158514,1.0,0.05906451877455138,0.05737094360128557,0.0,1.0,0.0719146888300912,0.07826147521251332,0.08109034832949438,0.004506125372500923,0.009813196398066477,0.0,0.0010056108500754142,0.9986869115884608,0.989533385032091,neptune,0.0,0.9956098982638507,0.0,0.0011794402546733294,0.002598405697723875,0.001412747743592734,0.006635518542485891,0.002335254762589594,0.0020242985009342454,0.0014376211903383786,0.0,0.014164659739323753,0.0,0.00996264633629292,0.0,0.00030620978512069756,0.0,0.0031530108664020763,0.01368669100084621,0.0,0.008765149603000191,0.0,0.002867046750672359,0.0,1.0,0.0,0.005398641830615575,0.0016486767788329133,0.0,0.005416355603108036,0.005581344018980222,0.00812572880213205,0.0,0.0,0.0,0.0026023732943578747,0.003212365388948826,0.0018259610172546975,0.010553752674719924,0.0,0.0,0.0,0.0,0.0,0.0,0.0045325573130687415,0.0,0.029493563658297237,0.006376100408330551,0.01002451818732895,0.0,0.0,0.0,0.0001576186152208081,0.0007080642521448192,0.0015127846056954553,0.002668539999172315,0.0012467399475115982,0.0,0.0,0.0,0.0008482179143760573,0.0008156293388574654,0.0,0.0184697942110221,0.015698369692367646,0.0,0.0,0.0,0.0,0.0,0.011492981896145713,0.0,0.010458234971396455,0.9987888881931918,0.0,0.0017301043256556317,0.0,0.0,0.0,0.00326469255319421,0.0,0.0,0.011178907545778634,1,neptune,DoS
0.0,0.0011636633062723461,0.0,0.0,0.0,0.0,0.003350733071223155,0.02014583711234895,0.0,0.0,0.0032325746172746817,0.01818763752132263,0.007318466310458284,0.0,0.0029026186325426906,0.0,0.009273631347362978,0.006802236864001836,0.0,0.13212960843931054,0.03683253333704218,0.0,0.0,0.0,0.005293616293628483,0.1531819601692041,0.4399785479355213,0.0,1.0,0.10486588740855528,0.08963884922437962,0.5888608919414947,0.6118040181130296,0.0026349928406259504,0.0,0.0,0.38305343691229815,0.0,normal,0.018408538348322807,0.008169245853371778,0.9945242721786077,0.0,0.0,0.0,0.0,0.0,0.011667989341308003,0.02210767827310013,0.005521291237486733,0.017000181842678604,0.008964353074502072,0.0,0.00013490576221701254,0.0,0.006048990077456294,0.0,0.0,0.009516606560447912,0.0,0.0012186646107385211,0.005260839559586579,0.0,0.0029858980642801115,0.0,0.0,0.0,0.01772352121883959,0.0,0.0,0.011286609212694025,0.02284135652009685,0.015749097796251794,0.004130586524280179,0.006790866707266239,0.005379951782929715,0.0013324561752657746,0.0,0.0008855001065058616,0.006757070952404499,0.0011944347282033373,0.009116302265413443,0.0,0.0,0.0,0.0,0.006908619496527895,0.004148339741822268,0.0,0.0,0.001360515539823729,1.0,0.0,0.010167204245646874,0.0005093656912843902,0.00554362195197736,0.0011860384875097053,0.0,0.0,0.009079821770646345,0.0,0.007337356899356751,0.0,0.0,0.003644264570331281,0.011995724304257022,0.0,0.014522671946621551,0.0,0.0,0.0007680329182445303,0.0,0.00014378771606966394,0.0053593639782482504,0.016648783674873106,0.0,0.0,0.0032127259817306807,0.004638482000812529,0.0,0.008789286286470297,1.0,0.0,0,normal,Normal
0.0,0.0036757660165928495,0.014769979396764204,0.003950788245331606,0.020474215469226526,0.0,0.006794449098763551,0.0,0.0,0.0,0.003927307890637972,0.0,0.0024072825061709434,0.010373686253904417,0.0012282333683298853,0.02052220967936224,0.013582848039991841,0.0071904857848511606,0.0005894599382028027,0.19680492041783337,0.18385879608654418,0.0059695936125555415,0.0,0.0,0.0,0.9926324484554702,0.0,0.0,1.0,1.0,0.9892026630670553,0.009491702470627333,0.9959935947600644,0.009004129605636119,0.006218214080469381,0.0,0.01694396855281298,0.0,smurf,1.0,0.0,0.0,0.005214154919079546,0.0,0.0,0.0,0.0049919007436986995,0.006458996634104405,0.007064534084900359,0.0,0.0,0.017768103153063597,0.010091649933526087,0.0,0.0002032736508773499,0.012378444187487554,0.0,0.9855464038115592,0.004472537469778336,0.0,0.007921048240682432,0.00778293141649701,0.006424725459611529,0.0069169012287698785,0.004478094796509015,0.011126002664744625,0.0,0.0,0.0,0.007694450481895515,0.013199366528568013,0.0,0.01043732745880207,0.0037494365349539883,0.0,0.01360024409141311,0.00600810478117679,0.00999674405761682,0.0,0.007030604250256243,0.008076141692657739,0.0020772227630834438,0.013658729613035322,0.0,0.0022268179350422206,0.0,0.012164920728398927,0.0,0.012027172510588758,0.002292010746192566,0.0027468186308635756,0.0,0.0,0.0,0.0,0.009644943256765423,0.004902124801760444,0.015895853593965142,0.0,0.0011273239470710704,0.003747693631728095,0.0,0.0,0.0,0.0,0.0003173697587397628,0.0,0.0,0.0,0.0,0.0,0.0,0.0,0.0006874680520334539,0.001068833491692894,0.0,0.005279469990871426,0.003678850352172098,0.0127242950720862,0.018712914623571667,0.0031482658879387064,1.0,0.0,1,smurf,DoS
0.0,0.007096832650771064,0.00503998592322959,0.016131048487385332,0.009708084566138168,0.0013214844564372707,0.003390978457173121,0.0,1.0,0.015621603501893351,0.0,0.0,0.0,0.0,0.00808288133418416,0.0,0.006670229443017709,0.0,0.0,0.0,0.12452635156202826,0.0015262284682703551,0.0,0.0019154149017083272,0.006540958484055918,0.9977645236412722,0.0,0.09137662718225376,0.41780145531830437,0.42514401571962307,0.9987074578731029,0.0,0.006563515230111295,0.0,0.001329704007272602,0.026845292684042964,0.007046386463198311,0.0,normal,0.009713275062295785,1.0,0.0,0.0,0.0,0.00469529833201027,0.0,0.00884576998673475,0.004799868717312398,0.0047830852002399464,0.0,0.0032570208743523893,0.010923432685626604,0.014093247778538742,0.013891778569262207,0.00726814582084904,0.0,0.009058363954155732,0.027023298168587315,0.011017595140633355,0.0068739310576937575,0.0,0.0,0.0,0.0,0.0,0.0,0.998863237813409,0.014048208199916768,0.0,0.0,0.00607782254200153,0.0,0.01894359934892629,0.0008545294447565259,0.0,0.0,0.0,0.0,0.0012472444321925034,0.019154284343030875,0.0,0.01067649795594729,0.0,0.0,0.007649366063791709,0.0,0.0,0.008416759250558096,0.002519115812946976,0.007805080735102188,0.011694023451780073,0.0023043675363499626,0.0,0.0,0.01186931259052659,0.0010001112281011022,0.008027667726005362,0.0,0.001979286259284906,0.006917637849048461,0.0,0.0,0.0,0.0,0.01736940691884425,0.0014787247141774314,0.0,0.0,0.009078724890979026,0.0,0.004992577341261272,0.010911265033341389,0.0,0.0,0.01851563329398547,0.0,0.007580439278778239,0.01601110700345305,0.0,0.007213306725603261,0.0,0.9879872913717583,0.0044781460514895085,0,normal,Normal
0.004890418052124148,0.013873790425479003,0.0,0.0,0.0,0.0,0.0,0.0003990786340308098,0.007660254479517784,0.0,0.005519849150571866,0.009577537805251701,0.0080429901956848,0.0009065899101959607,0.008740178638403626,0.0018092319034827768,0.0,0.00928422654096522,0.021013980022134095,0.009111949479847718,0.0,0.010215611015342319,0.0,0.0008599894990591163,0.0,0.9954687787020353,0.0,0.004400177140819293,1.0,0.9933630954230718,0.9823713848314798,0.0126146347416628,0.022559944248129717,0.0,0.00929244095814754,0.0030518784167025094,0.014741442161030842,0.003231647556568138,snmpguess,0.0,0.0,1.0,0.005513870330853087,0.0,0.0,0.01515969967469589,0.004869783857721348,0.0,0.0,0.007227578978143586,0.0,0.005157165453437274,0.0,0.009678497385115987,0.01574981647114479,0.0,0.0016280285273975556,0.01375473879466555,0.007130747439456151,0.0,0.004846140674326185,0.009298523283210798,0.011490912307554828,0.01338806799895374,0.0,0.0,0.024578563503051792,0.0,0.00035027877875981454,0.0,0.0,0.0163157081575951,0.014590726896580924,0.0,0.0,0.0,0.0,0.015223131443390414,0.0,0.0,0.0012430323178693203,0.0,0.0,0.013843614496346824,0.0,0.010444477433377338,0.004894472575464469,0.0,0.0,0.00713022462519382,0.0033770184740197075,1.0,0.0,0.0,0.0,0.0,0.0,0.012168744923836636,0.0,0.0069647348316331835,0.0,0.0015474025029311737,0.0,0.0,0.008972024186605594,0.012606000141077083,0.0007858356940656047,0.0,0.0003056049814132388,0.0,0.0016369099384726255,0.0,0.0,0.0035779035095212437,0.0,0.0,0.009827912019136653,0.005498260611079057,0.006032076444157689,0.008144373789544114,0.010136147449413824,0.9953846906977701,0.010020111658097757,1,snmpguess,R2L
0.003428952813146146,0.0,0.0,0.010130688640306989,0.021593138920741585,0.0,0.02112923611791763,0.0,0.01264468318003733,0.0,0.00967990655689182,0.0,0.007967164201511938,0.0,0.0,0.0,0.0,0.0,0.0,0.1696155731127445,0.01355605355066236,0.15949944626555726,0.007079629239753228,0.8506823469520661,1.0,0.0,0.9820141458660696,0.006591915178899233,0.9971742235935818,0.0022292890774230772,0.0,0.2970537530726325,0.0,0.0,0.048481448124426466,0.005956812052052317,0.21311391181556588,1.0,saint,0.0,1.0,0.003252700384982648,0.01075633614648362,0.0,0.0029742188770398824,0.015494538860538216,0.0,0.0,0.011511430419282154,0.005767102412582112,0.01662409521499209,0.011633768946677175,0.022526202935380782,0.0,0.0,0.005953566031758001,0.0,0.0,0.011014693994659808,0.0,0.0,0.006672593641321107,0.0,0.002405559392593907,0.00852345670982244,0.0,0.005987216230433014,0.005068860493931543,0.0008223561515265451,0.0,0.0,0.025196021368124055,0.0,0.0032624935726574228,0.010613331977319326,0.0,0.0,0.0059533703537637955,0.0015943667449178343,0.0,0.0005829950952708677,0.0,0.0,0.00043153105955404586,0.0,0.011512020507905802,0.004117945457284313,0.01975554765155895,0.0,0.0019407582722819978,0.0,0.9864391188165222,0.011829437621386572,0.0,0.005039734919602986,0.0,0.01774735377935856,0.008071593462627192,0.01060481823410737,0.001460944740931442,0.0,0.0,0.0,0.008193319434118045,0.0,0.0,0.0032491713368721347,0.0034741274777654943,0.008582479246200684,0.0,0.00951117754235323,0.01109342198807399,0.0023008038190845638,0.998818284578894,0.0,0.0,0.01596873911583152,0.0,0.0,0.0,0.0053584765884555005,0.0,0.0,1,saint,Probe
0.0,0.005799866153207324,0.00954321067958551,0.0,0.0,0.00974162286006418,0.0,0.0,0.9980738656949706,0.0,0.0009736045201385547,0.0021635016137512664,0.016051095643552366,0.003185223329971745,0.0,0.1025984231360271,0.0025960062396020644,0.0051405703943354685,0.0,0.021044871203254517,0.0039393121995818185,0.0036223082187326915,0.0,0.0,0.0,1.0,0.012847266192934104,0.010804369520239259,0.9964014597671328,0.9049158664320492,0.9199808143002544,0.014586715111280266,0.0,0.019292986804133286,0.0,0.01622706424754124,0.008809576443395244,0.0,normal,0.015921281021632986,1.0,0.010817325528924867,0.0,0.0,0.005026872819638356,0.0,0.0,0.005325959557616182,0.016352770501580474,0.008744401494543103,0.0,0.0,0.004100866177931922,0.0,0.0,0.009627076472742347,0.0,0.005837998291149547,0.0,0.0,0.0,0.004751011741427633,0.0025501903598515088,0.0,0.0,0.0027666368166797024,1.0,0.0,0.015585792845453517,0.008483630526314775,0.0,0.005510576561179966,0.0,0.0,0.0,0.0,0.0008142741333361657,0.014469727429157222,0.0,0.0,0.0,0.0,0.010737448846620885,0.019215921766938784,0.0,0.0071696773819192,0.010154329016471517,0.0,0.0,0.018333418476651025,0.009405409308957993,0.0,0.017548861311947838,0.0,0.006161024614176775,0.0,0.018958099448973205,0.011594467376222977,0.0,0.0,0.014080591622751984,0.023693155907014384,0.005841167083088239,0.0,0.0,0.003666628730164747,0.0,0.0,0.006937057118543608,0.0033635904029124335,0.0,0.0,0.0,0.01549536659756432,0.0011614231217556505,0.0,0.0,0.004730122902407895,0.0,0.0005573460407132114,0.01685916451910855,1.0,0.0016961763522225764,0,normal,Normal
0.010691386069315474,0.0,0.0,0.0,0.0,0.00980299066717036,0.0,0.0,0.0,0.0,0.0039862291592536,0.00895256608443469,0.0,0.0,0.0006982816722398227,0.008053623077459781,0.009700399387128177,0.0,0.0,0.01589710968974549,0.020228268190462098,0.0,0.015704500639704452,0.9870869954417909,0.8705198174927655,1.0,0.0,0.8530614781182642,0.6115166757873217,0.3191098799776704,0.33884917676386933,0.043828859681320734,0.015684301046382958,0.024380512444566883,0.01703284665987391,0.0014825302527145545,0.9029292306662084,0.6687645606682481,mscan,0.0,1.0,0.002642127178264091,0.0,0.005224122944036832,0.0,0.003124313555075166,0.005960992155735434,0.0,0.0016293702756450224,0.0006666389024501579,0.0053867081571160385,0.01056425920707983,0.010054476790808283,0.00962005830882153,0.0054355430266032866,0.006280302682515534,0.0,0.009451598775559011,0.006997685164526918,0.015177811835863246,0.0,0.01220109512097036,0.0010456726421235244,0.022747368762004953,0.0,0.0,0.010038081876389882,0.0,0.0,0.0,0.007151423610747795,0.0,0.0,0.0,0.0,0.014106352063199552,0.0,0.0,0.005861582646444319,0.0020895211301611054,0.00840023885178788,0.0,0.0,0.00695656643035088,0.0033550630374024875,0.020685365729395614,0.0,0.0012368028492666082,0.0,0.01729546411590784,0.015192064130888194,0.014765644656550636,0.0,0.0,0.0010261182671376665,0.0,0.015353238410822157,0.0,0.002320254100149347,0.0,0.015843034434844038,0.008291982704907486,1.0,0.008859000534361347,0.0,0.0,0.0010150665154456252,0.015551326988495243,0.0,0.013028558687978654,0.0,0.0,0.0025829964018266273,0.9956105455976433,0.0,0.0,0.01540718224096874,0.0,0.0,0.0010266345682038618,0.0,0.0,0.0,1,mscan,Probe
0.005827587597921164,0.00036161306695447386,0.0049841448179150935,0.006971977333343808,0.0,0.0,0.0018076683298915153,0.0,0.0,0.009998151755915603,0.0,0.0,0.018364776971310254,0.00017284638102369552,0.0,0.0007210936539851092,0.0,0.0,0.01288244130898731,0.25282871086297015,0.037230816910695685,0.0,0.0,1.0,1.0,0.08853401131646282,0.06990250112528658,0.0,1.0,0.03885645576690927,0.06129796467843053,0.05528256934882502,0.0,0.0,0.0022468740019645113,0.008927903462162202,0.9993294443889253,1.0,neptune,0.0,1.0,0.015509468025168534,0.0,0.0,0.0034594240115847726,0.026339966702741774,0.0,0.009074690500228305,0.0,0.006375844789550575,0.005858321942752716,0.002362892293910307,0.0,0.0071058286462101295,0.0,0.013593875328517708,0.0,0.0,0.0,0.024626971580406914,0.0,0.008774932885835545,0.015681109998148077,0.0,0.0016135571422898056,0.0,0.0,0.0,0.009868955756234933,0.0,0.002023763670269264,0.008042688349251884,0.0,0.0,0.0,0.0,0.008636136407005779,0.01653783303833575,0.0015233729229883427,0.013731265709697347,0.002060632237695281,0.014593577393205125,0.0,0.004040496781347287,0.0024717914015261935,0.011444855411528301,0.017659160625238413,0.0,0.0,0.0,0.0025403208316504646,0.9818188763664828,0.017013439359922004,0.013255310414550109,0.01210284464810913,0.0006208425231189193,0.0,0.005582319935545765,0.025504540802091528,0.0,0.007676546987832339,0.0,0.005057272249766606,0.0016760498041156469,0.0,0.005819191256423046,0.019121006489025087,0.010309589061126232,0.0,0.01032095959923411,0.02031131877475615,0.0,0.0,1.0,0.00775797312466759,0.005233421319165718,0.0009249755911802285,0.0,0.0,0.0,0.0,0.004085943882702127,0.0026918360156280214,1,neptune,DoS
0.0016859194515955642,0.0,0.01088369197146811,0.0,0.0001742253294618627,0.0,0.0,0.0,0.0,0.0,0.0,0.0,0.001585164511611812,0.0,0.0,0.006573753460739673,0.01005577634279158,0.0061248272978221465,0.0,0.7775990244149451,0.008616646193516458,0.15397426558394542,1.0,0.8067860160331038,0.0019154677500065566,0.010698170839602316,1.0,0.0013989017496765235,1.0,0.0,0.0,0.9128458950181604,0.013991333778786377,0.0,0.12629843880227948,0.9911380181063075,0.851230956464354,0.0,satan,0.0,0.9977501473617238,0.002605820273761353,0.0,0.00624716409939486,0.00279449260847476,0.0,0.007413262152710462,0.006072591095428903,0.012728734260544654,0.0,0.0,0.0025828867823961777,0.0029992666490144416,0.0,0.002442455823961391,0.0,0.0,0.008375965886925687,0.014241925978994138,0.01373065925158067,0.012514394362661161,0.02067166876566543,0.0,0.0,0.0,0.005107548033600706,0.0038793509949793586,0.0,0.0073593973093903425,0.004267301221122459,0.002341515283597956,0.028908924434804705,0.0,0.0,0.0,0.0,0.008687850363955904,0.0,0.0019998097932574944,0.0031923844944271446,0.010077532105834728,0.0,0.0,0.00660789945469226,0.009288505478164281,0.008767229623286295,0.9955779045538345,0.0,0.0,0.004386920988089926,0.0,0.0,0.0013825189524525215,0.0,0.0,0.0003446745782122207,0.0,0.0,0.015100630851833859,0.0016014780424888249,0.0,0.012547565541118863,0.020201341753449228,0.0,0.015260707850617243,0.005488941173531899,0.013243199680713684,0.004832617268224111,0.0,0.0,0.004488729351780485,0.0,0.0,0.0,0.0,0.0,0.0024981475026642735,0.9863706614998756,0.0,0.0,0.001041555452518502,0.00024186700763037422,0.0,1,satan,Probe
0.0,0.0,0.009003458497676559,0.011639781444268523,0.009506601005147589,0.0,0.0004995837206181953,0.0024915606101457146,0.9885274864636592,0.012253701454207757,0.0,0.0,0.0,0.0,0.0,0.0009868710910673501,0.015914369889352537,0.009226366318331859,0.0,0.042769882903150605,0.04230095324117547,0.05181072133048531,0.056472821104481055,0.00634495305357358,0.0,1.0,0.007917993662236191,0.0,1.0,0.9888971147967223,0.9904480255242059,0.008197405183746622,0.027825305441283855,0.018182061432516324,0.02237387693118035,0.03111111256454687,0.0,0.0,normal,0.0,1.0,0.0,0.016520460161631716,0.00020390405769270018,0.006806109217945845,0.0,0.002063449054864457,0.0,0.012554219198014624,0.0,0.0,0.0,0.0,0.0018883441836425685,0.016545634026424356,0.0,0.014489315347267747,0.0010016447515123956,0.010839783321813814,0.010486708117653351,0.001062746983800038,0.0,0.0174572245767978,0.0,0.0,0.0,0.9911634244531928,0.0,0.0015781251204177885,0.0,0.006561834127749808,0.0,0.00042534084445399953,0.00575007060016454,0.000904753514166445,0.0,0.0,0.0,0.0,0.0,0.006891243253503474,0.0,0.0032435710616951076,0.010920909003640088,0.0,0.0,0.0,0.0,0.0,0.0,0.007112939670841414,0.0,0.0007759828864332398,0.028185455145115293,0.0,0.007496439125209552,0.0,0.0,0.0,0.004077406166767753,0.0,0.00490371990807973,0.0,0.00700593780628265,0.005731260103050317,0.012998930316201711,0.0,0.0,0.0018550186526530624,0.0,0.0009336449597812618,0.01612630368607645,0.0,0.0,0.0,0.0075293585478480845,0.0,0.007534818467105206,0.004522925935942608,0.0001564592869047281,0.019671710142750293,0.996904961663552,0.0,0,normal,Normal
0.0,0.013652395917341504,0.0,0.008572446348433576,0.004045215505813381,0.0012693554946740626,0.00045075069138680396,0.0,0.0,0.0,0.018553932750157816,0.0,0.0,0.01175756394916592,0.0,0.0,0.0043764028726755964,0.013888766982785078,0.0,0.013286536463948022,0.004098024585213066,0.0035344403081936293,0.0,0.6028708215726607,0.0,0.19427143923786352,0.8023558156200609,0.0,0.9927894287838932,0.10679791093626093,0.1163763666094599,0.03235891546718787,0.0,0.010354789064576124,0.0,0.005167988585723917,0.3113774628286749,0.017459372892724336,mscan,0.006282153083617558,1.0,0.0,0.0011749285187713234,0.0,0.023180868879410066,0.008767175701807425,0.006068792150588566,0.014807057081135166,0.010333047766505123,0.0,0.0,0.0,0.0,0.0,0.008332482042248799,0.0,0.0,0.0,0.018827300750072395,0.0,0.0,0.010260341450133088,0.014346375042128543,0.010662621464148283,0.010380073781634582,0.024017147224695258,0.003156401692759063,0.0035447238096650313,0.006077668550102099,0.0,0.0065451746172082905,0.0,0.006923237193905595,0.0,0.0,0.0,0.004854503982933934,0.0,0.0,0.011341245826998548,0.0011074994178292231,0.022449997194194406,0.0010605325862700795,0.0,0.0,0.007787635200022191,0.006170415596411476,1.0,0.0,0.017657641294399434,0.002581843722381817,0.028746408534515516,0.0,0.0,0.0,0.0004693334612767936,0.0,0.01884079006573143,0.009342535315823184,0.0,0.0,0.0,0.0005358336882581144,0.0018838232113837401,0.009751164324598634,0.015169327208083418,0.0,0.014996113535434195,0.008705887888902154,0.0,0.0,0.009951151590753897,0.0,0.0,0.0,0.0,0.0,0.008450731467778496,0.0,6.122193946289966e-05,0.0006798236909717733,1.0,7.053856550634844e-05,1,mscan,Probe
0.031244477440451897,0.004835689451998484,0.012987014118190903,0.0001953464361595807,0.0,0.0,0.01367275472366822,0.0,0.9962496732346497,0.0,0.001516220804204872,0.0,0.007961462428715487,0.0,0.0,0.0027793009943737745,0.0,0.004544244825766053,0.004771457724968808,0.08569727096295555,0.08599767787636993,0.012136924718419302,0.0,1.0,1.0,1.0,0.0,0.0,1.0,1.0,1.0,0.0,0.0019373343652838166,0.0,0.0011940946006231423,0.0037959119902164725,0.4260386500630903,0.4155315213539917,apache2,0.0,0.9942228775343559,0.0,0.0,0.00017565718687129748,0.0,0.0019250073207065209,0.0,0.0022471371505115244,0.0,0.0,0.015521927354978954,0.0,0.015816056986870705,0.0,0.0,0.009377779174617976,0.0077431646609836405,0.002305309665936483,0.006998215740740631,0.0,0.0,0.004296572528787098,0.018365859760174616,0.0,0.0,0.0022114079770732356,1.0,0.01001212475690109,0.012254166458785663,0.0,0.013417165642216242,0.0,0.0,0.0,0.0058484258074382916,0.0,0.0,0.0,0.0,0.0,0.0,0.0,0.0,0.014551429745489943,0.0,0.0,0.007794014425298975,0.01794453608259025,0.0,0.006080770718515585,0.0024343285375962973,0.0,0.0,0.0008374474598620479,0.014374709934770653,0.0,0.0,0.0014084166059345194,0.0,0.003016342688427794,0.0,0.0,0.0,0.017907426541395734,0.0,0.009596241649698547,0.003999133166852356,0.01843002864695478,0.0,0.0,0.006770961095526627,0.0,0.00276322127365492,0.015116737059062208,0.0,0.0025797862108196,1.0,0.01191769949096551,0.006246569682699803,0.0,0.01162268289723595,0.0,0.007123430417568159,1,apache2,DoS
0.0,0.016785221498467538,0.0,0.0,0.009305904155909588,0.0,0.0049630257831369306,0.009690730140728828,0.005145124134002117,0.004860482671186622,0.011045197333001315,0.007634584569276868,0.0019658181173037056,0.0,0.0,0.0023128076172129674,0.0,0.0,0.00014089418398284772,0.20010583746995145,0.02186392428275831,0.0,0.0,1.0,1.0,0.12602782809039903,0.06163577004773217,0.0,0.9964301157488242,0.06882376967615114,0.06550685077237176,0.06791904966828657,0.00351868075861601,0.004194440678839478,0.011047922820222145,0.019971952997063475,1.0,0.9860394420018114,neptune,0.0,1.0,0.0106353232782224,0.0,0.0,0.008582289183007234,0.0,0.005403424609491843,0.029110746983718353,0.0036829868335549257,0.006367323077205451,0.0059396466545778084,0.0,0.0030142869477200705,0.0,0.004049937724845769,0.0,0.0,0.01197902112354186,0.0,0.0,0.0,0.001281193751825896,0.0,0.0,0.0,0.0,0.008147675886672198,0.0,0.0,0.015236724085097804,0.006503852790198398,0.01748513114279648,0.0,0.017376962020020523,0.0,0.0024845851430888993,0.0038672131958911843,0.0,0.00545521084342529,0.0,0.0021706901512278175,0.006618655717023292,0.003144058260391971,0.0033642324857847223,0.007988974520418232,0.0027664641414205534,0.0017657890693367443,0.003253647844200706,0.0,0.002699234838950491,0.0,0.9978150801980283,0.006810182308451461,0.01884537423541008,0.004445200826561475,0.0,0.004061826756669563,0.0,0.0,0.0,0.006352150138484502,0.0,0.01081089640564145,0.0,0.010399107128691463,0.0011047945981984386,0.002176077294817305,0.00698709715816968,0.0,0.0,0.0,0.0,0.026300097317072325,0.9838706574524493,0.0,0.0045403658975422725,0.0019430979780616202,0.009351975072818501,0.0,0.0,0.0,0.001626502225380687,0.003411867090260076,1,neptune,DoS
0.0,0.013495031743581916,0.00522949050116894,0.0,0.0015467159225088965,0.003593456715450029,0.014318022535317627,0.0,1.0,0.0,0.026464072328674516,0.0,0.0,0.0,0.0,0.0036812566365536856,0.006655764901291945,0.004807576399578827,0.004233789243209409,0.025398186461729276,0.031409423420007486,0.0040126223897556865,0.01365400908235853,0.0011884580381957878,0.0004295395290470098,0.9863073156164212,0.014840809964883834,0.1804236336112871,0.2253341605658637,0.9848391685512161,0.9882930840284945,0.0,0.01799382750583274,0.02171052575832172,0.0,0.0,0.0,0.0012968706622044348,normal,0.0,1.0,0.007781109082116579,0.0,0.0,0.0,0.0,0.006554230142320378,0.0,0.009244462062713035,0.0,0.0,0.002387546546995843,0.009460214450463474,0.0,0.0030784577026462764,0.005017666990881444,0.0,0.012678407994462236,0.0,0.0009621120562217318,0.0,0.0,0.00807639799090531,0.0009197144539088261,0.015876740986463134,0.0,0.9970436681567716,0.0027854103688738346,0.012037682096276866,0.0,0.0,0.006900246359415935,0.003843953140513245,0.0007270890060677718,0.0,0.0,0.007989179853151555,0.0,0.0,0.0,0.0007794864192588322,0.0,0.004702511723057772,0.0,0.0,0.0,0.013107405088584082,0.0,0.008683995904102735,0.0,0.0162394727305741,0.0,0.0,0.010155386757979768,0.0016931879601476693,0.013716877653975513,0.0,0.018179245139011577,0.00997131380381493,0.0,0.0,0.0,0.005842409636078068,0.004403892053959235,0.0,0.0,0.01775425526178689,0.0,0.0,0.0006401270848429551,0.013353925602398046,0.0,0.009987606363932887,0.011999611758255016,0.007954183076325767,0.0,0.0,0.010865841167148475,0.006836466471417954,0.009954104880953548,0.0,0.9962746436651845,0.02314233881600017,0,normal,Normal
0.005831212359142233,0.005253200960325878,0.0,0.0,0.0031889151339592353,0.01905051060376277,0.0,0.0,0.004020506358624175,0.0019530186553710798,0.0,0.013694324535353169,0.013322534741706875,0.00559703590127517,0.005673571811601612,0.0,0.0010841585566719282,0.0,0.0,0.5290526253645433,0.012371660916062708,0.9939515528360748,1.0,0.0054074125403457945,0.0,0.023182653456000662,0.05841606723077746,0.0,1.0,0.03502038445286325,0.022433640566898897,0.08850154704113357,0.009471350843062559,0.0,1.0,1.0,0.004012475095406606,0.011713476616003651,neptune,0.0026057788417267295,0.992169311204491,0.0,0.0,0.00588818942289988,0.009308554657802084,0.0,0.014161350266432457,0.007260369179134386,0.0,0.014829205547934484,0.015444847065726646,0.0,0.0,0.005479793042940046,0.0,0.0,0.0,0.032520555845122694,0.013311049281222833,0.0,0.005822463309474247,0.0,0.007003065236494351,0.0009644808569360234,0.0,0.008832525112930423,0.0,0.0,0.0,0.0029709375361420386,0.005884645442091397,0.00847603705859465,0.010858036939759135,0.00686225072665507,0.0,0.0,0.0009277197250271245,0.0,0.0,0.0,0.0,0.010678535324933713,0.0,0.0,0.0,0.0,0.0,0.009464358263311011,0.0034547141781623124,0.0,0.005662521714041147,0.988847630673104,0.0,0.006309964393945646,0.002656417911408634,0.0,0.0,0.0094124726129543,0.0,0.01749874427942338,0.0,0.0,0.0009526779471739852,0.011463172640342736,0.0,0.013141107870960468,0.0,0.0,0.006302870971075558,0.0,0.01144335204734604,0.014332861686601604,0.0,0.0,0.0,0.0,8.346005158682939e-05,0.9919378056906921,0.0,0.0,0.005196971916433561,0.02163725202326481,0.0,1,neptune,DoS
0.0,0.0,0.0,0.016081222834997706,0.0,0.0,0.015584799095307618,0.0,0.9941946952786537,0.0,0.0,0.0,0.0,0.0,0.0,0.00694664790378471,0.0008796702699604052,0.003937366372367074,0.0,0.03924631820064294,0.05545629517419889,0.0027141285529538985,0.0,0.0,0.0,1.0,0.0,0.07202360002366247,1.0,0.9931088631573817,0.9997564338182473,0.0,0.0,0.001725555160117611,0.00769861473393699,0.0,0.0035416307900238086,0.0006937479370157423,normal,0.0,0.9916329576093664,0.003555322462835023,0.0,0.0,0.0025280349852576755,0.0,0.0,0.0,0.005735774967641982,0.0,0.0,0.016472324029420837,0.009083501138581042,0.0,0.0,0.007190698650070726,0.0,0.0,0.011657483584483064,0.0,0.0,0.0005953069024479288,0.0,0.0,0.0,0.002090118533556355,0.9936298396014707,0.0,0.00979114983938601,0.0,0.0,0.0,0.0,0.005784192020451852,0.005274766794001241,0.00020248983387481106,0.005252640437958064,0.0,0.0037625483520079255,0.011748750400493944,0.014431565738477195,0.01844711675530439,0.0,0.0012361296445741288,0.0,0.014144187688630377,0.008171542909871621,0.002779820231417249,0.0,0.0,0.0,0.0160723286738184,0.0,0.011522665448764942,0.003709011704038256,0.0012401635073430238,0.016287316673333843,0.005822413207287449,0.015263200989360714,0.007721169145125271,0.0021036849844566215,0.0,0.0,0.006357688594301872,0.01112490517045846,0.0016196216040722936,0.0013447024696450352,0.0011750977949914517,0.00040045467084698263,0.005823503494562463,0.0,0.0,0.009929102242816961,0.01426582361224121,0.0009548331911421862,0.0,0.002059081799205154,0.004800195837019606,0.005133311128088125,0.0,0.0023443766902950763,0.9957374089155575,0.017156651461183822,0,normal,Normal
0.0,0.0036153833483334717,0.007959179434339273,0.0002967841564253048,0.0,0.0,0.0,0.014316787640611986,0.9770272155383729,0.0,0.0024817012592346856,0.00026403120489311833,0.010683543302846092,0.0,0.007376969272277809,0.0,0.0,0.0,0.0,0.056563709093923845,0.07185244177327293,0.03065231925836065,0.03856017080191327,0.0024188377197872034,0.0,0.9953354096632422,0.010874170691473282,0.08135899533028738,0.12149585998941699,1.0,0.9963571110192577,0.01254506499616098,0.03011552418653696,0.02893204954369833,0.0355684742584704,0.0025953985909767437,0.0,0.002787430512945206,normal,0.0,1.0,0.005026084290070365,0.0,0.017494241577120526,0.002032344954442239,0.0019105000187254898,0.0,0.015274626118964546,0.0,0.0034128389446503853,0.0,0.007865920531363016,0.0,0.00701055621786123,0.0,0.0,0.0028002072118348204,0.0036170537711450257,0.00026078377649365567,0.0,0.0,0.023545615898796095,0.0,0.012367768754217051,0.01742726833492811,0.0,1.0,0.004479102030550052,0.0,0.006605993411663256,0.0,0.0,0.0,0.0,0.0,0.0,0.0006138684052758532,0.0,0.0,0.0,0.0,0.0,0.0,0.0,0.012610912760807858,0.0,0.0,0.011889911220717808,0.011720775246350481,0.013494168532479525,0.013597622523587278,0.008193203434724454,0.0017485157441086768,0.007923530943527542,0.0,0.0,0.0,0.0,0.0,0.0,0.010382507094950692,0.004726817071542656,0.017475101851024532,0.009269196400139052,0.017968640649679377,0.0,0.0,0.014303861324809819,0.0054832624198274576,0.0,0.008310277542386045,0.007500538050589152,0.021741360242095494,0.0,0.0,0.02247245794434087,0.0,0.0,0.00023315851327954852,0.0,0.0,0.9970290711800894,0.0,0,normal,Normal
0.0,0.023768431462432134,0.005218269269256385,0.0,0.004516294032264711,0.01557874307805645,0.0,0.0,1.0,0.0,0.0,0.0005953254025488832,0.013251469169347727,0.0,0.004390099210745551,0.00015061774090675085,0.006584643838629797,0.004471572583661678,0.0,0.02703931652560776,0.050783264690979206,0.014808951186355461,0.004096848840958462,0.0,0.0,1.0,0.0,0.10285070082711197,0.9006746948583206,0.997104668883503,1.0,0.006806673472253369,0.00960992019216758,0.0022557093339114617,0.0,0.0006870995737318444,0.0033253371317360863,0.0,normal,0.0,1.0,0.019060914904822677,0.0,0.0074184677017311886,0.013775819036747745,0.0,0.0,0.0,0.0010051914860163818,0.0,0.020119996309742937,0.0,0.002053012010293468,0.0,0.0,0.0006027768161058028,0.017907066881578334,0.009034471021992844,0.004477194918941333,0.002410098621136732,0.009712797538323537,0.0,0.0,0.013633088206716439,0.0,0.0,1.0,0.0,0.0,0.0,0.012648503565198118,0.0,0.0,0.0,0.0037397770813295873,0.004106833229309095,0.007834603778275565,0.0,0.004265645296174461,0.004048350644728452,0.008688203349938969,0.009863733421816248,0.0,0.0,0.011343687337187705,0.0,0.00332606566059622,0.0005036545151117324,0.0062796579343564205,0.0,0.007551538769340344,0.0,0.0,0.0007219083601297414,0.0,0.0,0.005581120146350479,0.0,0.009141790713226041,0.0,0.010928572269111557,0.0,0.0,0.014375300848954433,0.0005710304438843089,0.0,0.014029208675028828,0.001967204257930808,0.0,0.01695366291418393,0.0,0.0,0.0,0.0026524567086520586,0.0,0.012631153419878168,0.011764237838358138,0.0,0.0,0.007442218123820164,0.0,1.0,0.004201650920420884,0,normal,Normal
0.0,0.00038563729154153287,0.0,0.002602810414568169,0.0,0.0,0.00437365854288413,0.004776973077209069,0.004214010791183508,0.008027711826408438,0.024765155003907628,0.0,0.0,0.008376186826963021,0.0,0.0,0.0,0.0,0.0,1.0,1.0,0.0034454098900697726,0.0007332093567064725,0.021125475020144426,0.0007519324449081676,1.0,0.0,0.0017460748064854164,0.9984325093519022,1.0,1.0,0.0,0.8735221047787656,0.011246212319040104,0.00248055709921788,0.012375252722484747,0.008472422176699053,0.0017327094324804686,normal,0.005648572291104075,0.0,0.9851841199240182,0.0,0.0,0.0111620883912406,0.019576087996171887,0.0013292699896543928,0.00406151068611215,0.005476198578186273,0.0040779968732074425,0.0,0.0004870432790897449,0.01488390574678415,0.0,0.009281975260483587,0.0013523016163167626,0.0,0.0,0.0,0.0,0.0,0.005107500887211311,0.0,0.0,0.0,0.0,0.004417031050390781,0.00019815909123579222,0.011810523403103306,0.013597711715396414,0.002030134882432344,0.0,0.004099475719609577,0.0,0.016018720101389484,0.006455541935499969,0.0,0.0,0.0010542741353157532,0.0,0.0,0.005196924265022256,0.003667425801794892,0.00379148950350376,0.0,0.004254855284408583,0.005413582351863253,0.0192501472613897,0.019493886054600295,0.003587510084226992,0.0,1.0,0.007533368875299345,0.002479901479005042,0.011421387082547741,0.007231412559568759,0.0,0.0,0.015947660557436637,0.0,0.006865115582467048,0.012970124262022818,0.0,0.018943867070346322,0.005438699205849654,0.002853044976539504,0.012691861421707654,0.0,0.005042353173537175,0.006400643872889683,0.0025332754629363665,0.0,0.0015059007741523884,0.0017863548551677586,0.0,0.0,0.0,0.0,0.0,0.0,0.003090952406636272,0.9845314676651872,0.0,0,normal,Normal
0.0,0.0,0.0,0.0,0.0,0.013344825706583073,0.013303100483115244,0.0,1.0,0.0,0.007209707388037374,0.008036600169729048,0.0,0.0,0.0,0.023735394778150336,0.017813370731385433,0.004235956853167126,0.0038528409530327237,0.05080618439500646,0.013988942715882236,0.0,0.0,0.003428629557499679,0.0,1.0,0.00888161863284346,0.0019367804134716386,0.9878073141173543,1.0,1.0,0.003191169566240117,0.0,5.58253357239252e-05,0.010829914265829606,0.0,0.003500004880809114,0.0,normal,0.007522538989853405,1.0,0.0,0.005019676078579612,0.0,0.014746239689687857,0.008400664942069173,0.0,0.0,0.0,0.00790416853089263,0.0,0.0,0.0,0.0,0.0,0.006083203780176186,0.0,0.0,0.0,0.0,0.012287057645117542,0.0,0.0023114643198044304,0.010067388266162809,0.0,0.011286824899031258,1.0,0.008891316255682936,0.02097421162709677,0.0,0.01729134241395312,0.0,0.012111298741991483,0.011140511829427326,0.006058640616518972,0.0,0.0,0.0,0.0,0.007027401111290589,0.0,0.007987201314208684,0.0,0.0010104047188282898,0.013426184225480009,0.0,0.0,0.0,0.0,0.0,0.0005197420019691909,0.0017161419201918884,0.0,0.0,0.0,0.0,0.0,0.00045113220662207126,0.0023192618522500734,0.0,0.007298677699080515,0.0,0.0,0.014863067829566977,0.0,0.007333625535802405,0.01396742613321865,0.0,0.0,0.0,0.0,0.0,0.0,0.011996345081852105,0.0,0.015612541370596514,0.011224772187189406,0.0,0.024986370031271084,0.0,0.0,1.0,0.0,0,normal,Normal
0.014428342130779447,0.0250933870615614,0.00793312545786304,0.004983141470677214,7.472350077992978e-05,0.0,0.0,0.0,0.0,0.005149769994384711,0.0,0.0,0.0,0.0,0.0,0.0033959784283760096,0.0,0.01680868101549184,0.0,0.362724167270494,0.3443205910655007,0.0,0.0,0.0,0.0,0.9853755382567431,0.0,0.004228369051015874,0.9828116527801298,0.9950410342815262,0.9842916701467027,0.022074089954160714,0.013351379739326775,0.0,0.001616566837970563,0.0,0.00334440109163126,0.0,normal,0.022823638823614614,0.00020702156032263025,0.9894146727429787,0.007539116040158595,0.01376441485569836,0.0,0.001622322800962231,0.0,0.00891629016485558,0.007232392246850813,0.0,0.0,0.0,0.0,0.0,1.0,0.006648647898463137,0.0,0.0,0.0,0.008972516251023629,0.0017678103707064613,0.0028967263145241607,0.017711787642758173,0.0,0.0,0.011014867278672964,0.0,0.004710474395704619,0.03263672087538616,0.0,0.0,0.007291164619219348,0.002299711465487469,0.0,0.0,0.0,0.0,0.01100438983612069,0.00015401574309841935,0.0,0.0018392684465589984,0.0,0.0,0.0007916034419619883,0.0,0.0,0.013645775720630159,0.019763539501923836,0.0026100140013344637,0.007700537259456344,0.016397160276004324,0.0,0.0,0.003881426542944968,0.0,0.0,0.011541877314345186,0.006429671149774201,0.0,0.013767960939230476,0.003693221976275174,0.0,0.0,0.0,0.0,0.0,0.0,0.0,0.0,0.0,0.0,0.004275606394575807,0.008957158743965665,0.0011983196606185117,0.0,0.0012998848212487338,0.005074243598319135,0.0007665467790181957,0.0,0.007421766341421182,0.0,1.0,0.0,0,normal,Normal
0.0,0.011676105436987327,0.0028672333110148513,0.0,0.016056459116709366,0.010495477059565361,0.007131613365907155,0.008521442754183825,0.9784568000039798,0.01184949063137067,0.0,0.002671072002469573,0.0,0.0,0.012990555542789254,0.0,0.0,0.001317770725647165,0.001517949465779665,0.08102004756273719,0.06363351165970255,0.0086611514469495,0.0,0.0,0.013907495390862062,1.0,0.0022812037120049236,0.007992239015525504,0.3581507041392924,0.9999752978484561,0.9933334917159202,0.0,0.016235649123576494,0.027633040786033986,0.0,0.0,0.0,0.0,normal,0.0,1.0,0.0,0.0033026467581082153,0.0,0.0,0.008251819766074848,0.00896897490925683,0.0,0.002249899533756795,0.003414639301619143,0.0,0.0,0.0,0.0,0.008112192954088484,0.0,0.0,0.0,0.007991246780869498,0.0,0.0,0.0,0.0,0.010447462259542994,0.014748544255554774,0.005745395358291891,0.9982845179467955,0.0,0.015712268971286955,0.0028534469047677025,0.0,0.012892369176362654,0.004420731335860283,0.007494496592503456,0.008310639624515562,0.0,0.0,0.0,0.0006928822433398137,0.0,0.0201327648585876,0.0,0.0,0.0076221166618948575,0.0,0.0,0.017943758450119567,0.0,0.0,0.01384045211993269,0.0,0.008216011692897856,0.007965171096507736,0.0,0.0,0.01873301177181115,0.0,0.0,0.0,0.0,0.0014379115218781915,0.0,0.004855677224312605,0.0,0.0,0.0,0.006033817653126042,0.015340557528303931,0.005366998447436787,0.008023689739818275,0.0059365129535481845,0.001208702703152993,0.0,0.0,0.0,0.0,0.012707046778097038,0.012295556599353606,0.002159835658796935,0.012177908595254187,0.0,1.0,0.0,0,normal,Normal
0.0,0.0,0.015176191519024475,0.0,0.0007649005187308045,0.0,0.029278451413312694,0.0007358870811630248,0.9906934762478035,0.0,0.0036399615453932836,0.0,0.0025980750653463312,0.0,0.024314276918527222,0.0011361499776447765,0.0,0.015477602364831911,0.0,0.008379077124949985,0.030600737458192112,0.0,0.00953883076296074,0.0,0.02465409479144836,1.0,0.016769032973244946,0.11724693730453924,1.0,1.0,1.0,0.0,0.005587232494256489,0.011325154783691683,0.0,0.0,0.08823937136717505,0.07393765202509181,back,0.0019011025201653947,0.9981489880234196,0.0,0.00841197188911029,0.00409546370566253,0.002714677584719414,0.0,0.0,0.0002658254645931745,0.006134401165647391,0.012513170821753175,0.00011025396839405233,0.007291675305772267,0.004684055033585881,0.010153730277453352,0.0,0.004987581215474633,0.002483605493889533,0.0,0.01945842983781085,0.009965308249291946,0.0,0.007740519717088711,0.011814330617885914,0.0,0.0,0.0,0.9834520132964067,0.0,0.0,0.0008474299698605123,0.0,0.0,0.0,0.0,0.0029120699104491616,0.0021317740395585777,0.0,0.0024556423064831835,0.008038931497407744,0.0,0.0,0.0,0.0,0.0,0.0029125686163623704,0.010047024751364913,0.002079447124665406,0.0,0.0,0.0,0.0,0.0016749979094007484,0.0,0.0,0.0,0.007998377861886107,0.004402950853785829,0.0,0.007887939829841826,0.0,0.0,0.0,0.0009483410435923,0.0006786380381636214,0.01926443985166547,0.00370423280705709,0.006052909438083801,0.00043218104321113087,0.0,0.016582484671499427,0.015181328144318794,0.0007489491267467694,0.0,0.0,0.002101810300359214,0.0,0.0015251169835013463,0.0,0.0,0.0,0.0,1.0,0.010029099680867274,1,back,DoS
0.008687088622170167,0.0023353038269055292,0.0,0.00580125856268949,0.0,0.004179717786165095,0.0,0.009620824718161265,0.9963191750800394,0.010251979870025041,0.0032856821991939693,0.0,0.012432733720318905,0.02068233471719077,0.0,0.0,0.0,0.0,0.000832639745867639,0.02357379233106919,0.009718475753323704,0.0,0.007974567843689193,0.0022407176619433458,0.0,1.0,0.0,0.5132346553882446,0.5785598424420878,1.0,1.0,0.0013404216539294326,0.0078100578833135426,0.01869174013955202,0.0,0.007476357790121602,0.013415729105846133,0.0,normal,0.0,0.9974648699832128,0.0,0.005010901170538737,0.004248395263110678,0.002304223302416527,0.016202415034165897,0.0,0.0,0.0,0.0,0.012776404913982091,0.0,0.002500522063812086,0.006264485394835678,0.0050959446699157685,0.0,0.0,0.0032970406219422124,0.0,0.0,0.0,0.0014747381167081609,0.0,0.014695714767339866,0.0,0.001663833535214266,0.9877765982979663,0.0033115491230811633,0.0,0.0072593955567941725,0.0,0.010091276660035751,0.020828813443151434,0.01729955040345595,0.0018857840081027745,0.0,0.0,0.0019522403809517398,0.0,0.006486628457135315,0.0,0.0,0.0,0.010373393014662929,0.004967260688474156,0.0,0.0,0.0,0.0,0.009564596798423895,0.0,0.004532548274120235,0.0,0.009495461160475071,0.00499475167545795,0.014884843637977312,0.0,0.009881623820407344,0.0,0.0,0.003352316174050805,0.0,0.0,0.0,0.0075070002246899695,0.0,0.0030463576579285875,0.004958597600343805,0.0,0.0006362615713726007,0.0,0.00014292108217894581,0.0,0.004920222562468122,0.000752325572160599,0.0,0.0026246133121071787,0.006418835146120653,0.00039801066135036403,0.0,0.0,0.9972689139614762,0.0005699042833547864,0,normal,Normal
0.0,0.007163819092298267,0.0,0.004808947729294299,0.021828026401240964,0.0,0.0,0.010716481208469677,0.0,0.0025970331104197357,0.012675564115146363,0.006388015220755231,0.0007000026265572546,0.01009000730552519,0.0044806165468057975,0.0,0.008896324162739935,0.0,0.011469862873495164,0.23996147909504692,0.02588576284826588,1.0,1.0,0.0,0.0,0.04621228577003593,0.04726517320790325,0.005359253026296754,1.0,0.01953468265051404,0.01803608361799113,0.058606080768805795,0.004713046492897643,0.014604456169759767,1.0,0.9887940096224859,0.00786001705485485,0.005839538061885886,neptune,0.010869400406103551,1.0,0.0,0.0,0.0020769603206646503,0.0,0.007922245687349193,0.0,0.006729623586679528,0.0,0.011495083878161356,0.0,0.0,0.006656064631155038,0.0,0.0,0.0,0.0,0.0,0.0,0.0,0.0,0.016229973727340676,0.035623938400336515,0.0,0.0,0.0,0.0,0.0,0.013372732118820925,0.015193138035358236,0.009954481678726444,0.0,0.00909077710992813,0.0,0.0022277433401241345,0.005155884756662066,0.0,0.010717498519240863,0.0,0.003063381204861187,0.007587296701623343,0.017213890895587156,0.012821530916772744,0.005286035840401733,0.021073486107484458,0.015593684770574654,0.0,0.003727693115652428,0.0,0.001555687204168189,0.007514356307202283,0.9917518120430725,0.010050322176720725,0.0,0.0026108701395390495,0.0,0.0,0.0010646693155793462,0.0,0.0,0.019049020057539955,0.0,0.0,0.0,0.0025917767179835303,0.00628578077318706,0.024963975093487405,0.0021017303545412735,0.0035552409344232535,0.0009939722930564759,0.008743904668706734,0.005935117997339154,0.0,0.006183194084969798,0.003153010394069972,0.0,0.0,1.0,0.0,0.0,0.008538258729921828,0.0,0.0,1,neptune,DoS
0.0058561081465190006,0.0,0.0005667558570903028,0.007094548949887536,0.0,0.0,0.0,0.004987376707998501,0.0,0.004759289433606484,0.01609377236572299,0.0,0.0,0.0,0.0003805067575912796,0.015931290387025655,0.0026459196806539547,0.016633068891309208,0.0,0.0,0.024048889912096368,0.007023391170769465,2.940395466795196e-05,1.0,0.98248386492269,0.9981865102112903,0.029034574628001877,1.0,0.3825967411873892,0.6513188634324166,0.4964291032685699,0.04888607344473425,0.01843359354130806,0.025975766465282116,0.0,0.002344659085789504,0.0,0.0192551343727537,normal,0.0016864049812491287,0.9985136440877456,0.002233323831692281,0.006006758494980542,0.001481469960349564,0.016649648076692402,0.0,0.0,0.006175655260046031,0.015531257527567047,0.003248489366453785,0.0,0.013937880494961804,0.0,0.004147773233690119,0.013963570926383574,0.005078950837469557,0.009067752419230597,0.0004371681638798556,0.019379724904223336,0.0,0.02203682123540567,0.0014607493946876425,0.0,0.0031403883118424625,0.0,0.01637369293692607,0.021420413325627604,0.0,0.0,0.0,0.007079933126072476,0.0,0.0,0.0,0.0,0.006191129123094279,0.0,0.0,0.007384503601734458,0.0015849940493381422,0.0033582707263643003,0.0,0.004017244492914144,0.0,0.0,0.0033510903801085784,0.0024859683779070102,0.009282641514145113,0.0,0.0,0.019141001740697727,0.005911040309788717,0.011525716235372177,0.0,0.0,0.0,1.0,0.0,0.0016318268670141038,0.009025393462929793,0.0,0.005811260194197364,0.008125374798298697,0.01018319798374883,0.009910964602217439,0.0,0.0,0.0,0.0,0.0017342439579084293,0.0,0.0,0.009680150717077453,0.9927677538385564,0.0,0.021836804779551643,0.0020914050745465484,0.0057765154029318,0.0,0.007363592615321689,0.009778087762925072,0.0,0.0,0,normal,Normal
0.0026648203972016544,0.0,0.012964923230811378,0.017690007853517598,0.0026813053111592712,0.025841708088551102,0.0014279938956816161,0.011803296823139492,0.9945604564127156,0.016238520096467188,0.0,0.0,0.0,0.02164175700737999,0.0,0.005741931391962829,0.0,0.003438266004237544,0.0,0.009732253678428246,0.0,0.005964318800435328,0.0,0.0026533464425158603,0.004565978839188567,1.0,0.0,0.9800740574998074,1.0,0.9906096824639687,0.9885975040724356,0.014032251445477557,0.008252952269989396,0.0,0.0,0.0,0.0060549182230601765,0.0,normal,0.014855375074354698,0.981927692774748,0.00500200320940946,0.0,0.0,0.0,0.0,0.0,0.018534907013551753,0.010140692733554328,0.0,0.0057466441810454785,0.0,0.008643791891314076,0.010716316591793503,0.012727642842718476,0.0,0.001225523759313019,0.0,0.0,0.0,0.0,0.006988412346531456,0.002649451604110753,0.0,0.0,0.008986352955777249,1.0,0.02201462647378061,0.027020495958539267,0.0014190493394316162,0.0,0.0,0.00946298468585356,0.0004840867138420565,0.0,0.017209558288204304,0.0,0.001331359171115478,0.0,0.004592908714524836,0.0,0.02628315481749432,0.0007350380961918435,0.018150173521323813,0.0,0.007485247369620238,0.0,0.0,0.0,0.0,0.0015025911153341274,0.011299069545953982,0.0,0.0,0.005266510846155793,0.0010688831696115107,0.0,0.006238808382755267,0.0,0.0,0.013663992169775728,0.0019396591703238525,0.0036188990329253674,0.0,0.0,0.0,0.0,0.0,0.0,0.0,0.0,0.0,0.0,0.016392023701194833,0.0,0.0,0.011214735801292923,0.006233471385856394,0.0,0.0033505121710740303,0.0,1.0,0.0022185074881669203,0,normal,Normal
0.0,0.0008525171431061551,0.0061817999921663525,0.0024562243333799173,0.0037091239911291574,0.009825680981657264,0.0,0.0,1.0,0.0,0.0,0.0,0.004389053889942061,0.0,0.0,0.0,0.016307432432166626,0.0,0.0036836898597026853,0.04991451847284388,0.06985376366583222,0.01392748573747375,6.413804935540932e-06,0.0034309759456379115,0.0,0.9974737726632321,0.0,0.042390539381958386,1.0,0.9896500138383539,0.9924569233701176,0.0,0.0,0.0,0.003411579005966078,0.0,0.0,0.007526998066477631,normal,0.0,1.0,0.0,0.006612961197162156,0.0,0.0,0.005942903586540759,0.01621511789073531,0.0,0.002062437192116007,0.0,0.0,0.0,0.00010879829014110409,0.0,0.009833091492430788,0.0003568431905035104,0.0,0.00527898175196423,0.0,0.019708045649683974,0.0,0.004034113486196664,0.00727080862624246,0.0,0.0044425643036576775,0.01683942477295239,1.0,0.02031299013333966,0.013601214383088905,0.0,0.0,0.0,0.0,0.003050293405470415,0.0,0.017357884286231712,0.0,0.0,0.0,0.0,0.0,0.0,0.005039270766271287,0.011889531788939348,0.0,2.8714832019405006e-05,0.0,0.0,0.0013819979676863829,0.0,0.0007881229997873191,0.0010884851427685725,0.015490664455359507,0.0,0.0,0.0,0.0,0.0048418011696981225,0.0,0.019730195597632186,0.0019141513759046898,0.004120305646027336,0.014250817515925994,0.005785504495561652,0.0,0.006222609880073358,0.0,0.0,0.0,0.0,0.0033639237291576856,0.0,0.0,0.008903594707314957,0.0170303216111205,0.0,0.011608031093060155,0.022362012614665812,0.005022171565676331,0.01270457310635707,0.0,0.9974850918434225,0.0016251003408365747,0,normal,Normal
0.0,0.0,0.0,0.006845341774993443,0.024078519120897063,0.0,0.0,0.003078867638100991,0.007474928253084159,0.004382532545338396,0.009593008692871085,0.0,0.0,0.007501900104232278,6.784079189961886e-05,0.0,0.00629533345460541,0.0,0.0,0.02997677263061077,0.0,0.9908981623915265,1.0,0.0,0.0006188787545934021,0.9982105206318956,0.0,0.01379923359328124,0.4347136225917901,0.01280690632727102,0.0,0.9896788108869633,1.0,0.01672787813034245,0.9728959541690047,0.9951767124259423,0.0,0.002966796643349712,nmap,0.0,0.985590202460547,0.0,0.0,0.01726316749430084,0.008002056046639188,0.0,0.0,0.0,0.00918503601539696,7.069135771663076e-05,0.009522869286130674,0.0,0.0029908025496210573,0.0,0.0,0.0,0.006500932131682251,0.007169148074581877,0.0,0.0,0.0007481293807130065,0.0012988431123091557,0.0,0.0068107654285880425,0.0,0.000747401780452851,0.0026119124155036077,0.005477677112905516,0.0,0.0005694968993484188,0.014881560214763261,0.007817934804287406,0.006294672045591707,0.0,0.0,0.0008844018018721721,0.0,0.0,0.028811654727063325,0.0,0.0,0.0,0.012176023704862388,0.0,0.0,0.0,0.014824934108549475,0.008534452474247672,0.02702194536481774,0.003574137759750036,8.374523529929804e-05,1.0,0.0,0.0,0.0013060221561157354,0.0,0.010073814799253568,0.0,0.006975296852630172,0.005690239410275791,0.0,0.0010557480443546235,0.009241966822384021,0.02110941640758255,0.00308689987619771,0.0213785260351878,0.0,0.004947767975875672,0.0,0.0075528003260178726,0.010309915362153784,0.0,0.012426812138418461,0.002316504998185275,0.0059401896314233765,0.005619940475841049,0.027373172118568722,0.0,0.0,0.0,0.00740981052617314,0.005015026841206435,1.0,1,nmap,Probe
0.0,0.0,0.004558801622756336,0.0,0.009419329010754773,0.00377265459404818,0.0039226261164074724,0.0,0.005562404753145446,0.009206556306915675,0.01240232899098996,0.0,0.0,0.0,0.008358284828213677,0.0,0.013026823096199505,0.000597666627118353,0.0,0.23729747952196545,0.0041824818819771676,0.0,0.0012676562377972483,1.0,0.9922026634801894,0.0,0.07643865034797391,0.0002837766713532786,1.0,0.0,0.0,0.061850652957140255,0.007297424882246978,0.0,0.0003523645307079338,0.0,0.9864790121758272,0.9873848915654502,neptune,0.010660549868724053,1.0,0.004622109035257755,0.0006525067600635345,0.011662637651810543,0.0,0.016010264037483134,0.009773250248302877,0.0,0.0,0.005236046250663095,0.0017773977109060287,0.004568752777873785,0.004102595194406488,0.007800928164859922,0.0021782598009031052,0.008258244600469948,0.0065678739975429746,0.0,0.0,0.0,0.0023278786215307624,0.004556098488017542,0.0,0.0,0.002087106385176309,0.0,0.010619382592532582,0.0,0.0,0.0,0.022912372433405496,0.0,0.0,0.0,0.010852513284070471,0.0,0.031669319758959855,0.0023905265128722057,0.0,0.0,0.01519481409698344,0.0,0.0,0.002264943883882108,0.0019827568556960167,0.0,0.0,0.01047193449340709,0.017693613722235452,0.014328523345187265,0.0,0.991942162878841,0.001957477946020101,0.0,0.0,0.0,0.008895984390679698,0.009651421781874045,0.0,0.009950603551895447,0.007152950218812473,0.0015297493241724221,0.004973699814587004,0.0,0.005937167969637677,0.0,0.005315227299188514,0.012739483900016751,0.0,0.01316210420821369,0.0,0.002875496544003656,0.0,0.9888872050772631,0.0,0.0,0.0,0.004857804645263066,0.017745524799134806,0.0,0.010652130037327241,0.0,0.0,1,neptune,DoS
0.1773580678210103,0.0,0.00420434509178964,0.004753749629903544,0.013974487293096772,0.0,0.008976752780387467,0.003239676406363878,0.0012991747565801878,0.0005551240487088668,0.00849266834915587,0.0,0.0,0.004053587667612443,0.009776781621593388,0.00782734818845092,0.010854788655917982,0.0,0.017732548423554522,0.0,0.022369072423797924,0.015335301207624125,0.007447590720936464,0.0,0.0,0.9962993074470202,0.014065337292764076,0.011031085916068668,1.0,0.6960973999921481,0.6949999790805271,0.28645727742189864,0.007767857641513469,0.010003777941317838,0.49655878874469433,0.7066936160332308,0.2678393280946865,0.024154516235399926,processtable,0.00017259490082696793,1.0,0.013908851860242225,0.021287669383548452,0.00651687854182377,0.0,0.0,0.005096389980380158,0.01452288172765842,0.001458539659923643,0.0030371419247266626,0.008856212375714208,0.0,0.002483167153832693,0.013165073326099714,0.003253155118316556,0.006559305375595772,0.011334737490095444,0.010005174723285548,0.005345494004190667,0.0,0.0030974097355517655,0.0,0.0037751298832703274,0.0,0.007757125132459391,0.003097396033664061,2.8281362406317554e-05,0.0007759280544299715,0.003232205310180361,0.0121035505881242,0.0,0.0,0.0,0.0,0.0040393786650175885,0.00639214797551394,0.004393474591802921,0.0,0.0,0.004160814773832085,0.0,0.010884161826565819,0.006615703583378627,0.0,0.012001644158392992,0.0,0.00022880478534930527,0.001497204187702615,0.0,0.0,0.0,0.0,0.0,0.016783048553147828,0.004283196760719476,0.0,0.006838913060307313,0.0,0.0,0.0026619029727466227,0.0,0.00019600508457794604,1.0,0.0,0.011427650255336562,0.003950610270409585,0.008745990889143318,0.00974048128060939,0.0,0.008721372497401894,0.018870582907227037,0.026632913944763862,0.0,0.0022229423395800593,0.003073861200274493,0.0,0.0,0.0,0.0,0.02006412721633507,3.666774841060324e-05,1.0,9.274145059200445e-05,1,processtable,DoS
0.004879169369031726,0.0013864558459326616,0.0,0.0059319748027733136,0.00022771419949174518,0.005309323254636892,0.008133870373329622,0.01720598676476676,1.0,0.006198599584458834,0.0006759504570483664,0.0,0.0,0.0,0.0,0.0,0.0,0.0,0.0,0.048440067181659746,0.04826324612737583,0.0,0.0,0.008924957969467618,0.00591287941359904,0.9783406931556992,0.0059563132945844015,0.0,0.09036322161951103,0.9812416616432003,0.9869434817095988,0.0,0.03915150157785242,0.013813394172837463,0.003707426593077999,0.0025866401850337993,0.008946605413958803,0.0,normal,0.024776940701552064,1.0,0.012982346162154743,0.01909281819456337,0.0,0.0,0.0,0.003966032359058297,0.004591674309941461,0.0,0.007197287300033569,0.0,0.0013073536317220534,0.01036502936404229,0.0089352052778681,0.0026600588999521908,0.0,0.0,0.0,0.0,0.0,0.0,0.0,0.0,0.0,0.005305500775688015,0.007270978742901215,1.0,0.0,0.0,0.0,0.0,0.000569533717912871,0.008624440560460663,0.014707234869895726,0.009769013040494837,0.014696726585108988,0.0006708335880698067,0.0120666862941611,0.0,0.0033697726741595325,0.0,0.0,0.0,0.002526808855819428,0.0,0.0,0.0,0.0,0.012840860568088157,0.0,0.0,0.01838384353023977,0.0,0.014757929168843003,0.002909808215484538,0.0,0.006590101365509356,0.0,0.004413040891549413,0.011179889693780682,0.0,0.007484205284684945,0.0,0.0,0.0,0.006944013154508572,0.009145595148268236,0.0,0.0,0.0,0.0,0.010952162475424233,0.00857128930904852,0.013239291003360966,0.00776005121360385,0.007136107703264016,0.0030031667080422813,0.005870047165426079,0.001115068017619178,0.0,0.007212743136232728,0.9974153707569918,0.0,0,normal,Normal
0.0014087422853385403,0.0,0.0,0.009022216183958496,0.01118194503519181,0.011447947234225677,0.0,0.009790259591469914,0.0,0.0,0.0,0.0,0.0,0.003428979103043439,0.007862299737328975,0.006435386380456078,0.0007356139249375974,0.012196816510091671,0.0,0.21327200792450624,0.04137014016399078,0.008023188703792206,0.0,1.0,0.9960640085229264,0.17095261143243226,0.04387742965283985,0.02308678367742078,0.9948764649218115,0.06941532474963708,0.06002009417066704,0.04344968509775929,0.003591447822296167,0.0,0.0,0.0,1.0,0.9963353159703865,neptune,0.0,1.0,0.0,0.0032401783334501167,0.019272623921693325,0.0,0.004929031736572072,0.007311632587202628,0.0,0.0,0.0,0.0,0.0,0.0,0.005573906142138595,0.019234263358792105,0.0,0.0,0.017038582851669596,0.019578539718904556,0.0,0.0,0.0,0.010372543301941426,0.00879177766613114,0.0,0.002884550606988795,0.0,0.007990702755228632,0.0,0.0,0.011992679443057985,0.0,0.008722922047214365,0.016721711176150515,0.0,0.0,0.0011919245519526162,0.0,0.0,0.0,0.012029193971282992,0.012793875337037547,0.0,0.0,0.008210648281666658,0.013972857489117339,0.0,0.013206914969815476,0.012380562062876868,0.0,0.0,0.9852210532028686,0.006790601708560328,0.0,0.020899955938282148,0.0,0.0,0.0,0.0,0.004050015605719961,0.0,0.0,0.00123436093481407,0.00047338861140459816,0.0044081018089546274,0.0,0.0,0.004270910209334299,0.0,0.0,0.0044704271690886215,0.0,0.0014890353968001486,1.0,0.0,0.0003219444499546668,0.006484225067847592,0.00830721999476643,0.013726522367418406,0.010401681306147574,0.0014757401600149589,0.0075173360768045275,0.0037953409767800205,1,neptune,DoS
0.006252351374448737,0.0,0.0,0.0,0.0,0.0,0.028618551357198027,0.0,0.9992893565978138,0.0,0.007353181386053081,0.0,0.0,0.0,0.0,0.004799253441552902,0.005491509233609872,0.00042992659778539,0.0,0.026401479888035997,0.009931950813867555,0.0,0.0,0.008358169679129673,0.0,1.0,0.0,0.0,1.0,0.9986796923894601,1.0,0.0015093085256892022,0.0,0.0,0.006415380668858375,0.00023603625185173447,0.0,0.0,normal,0.012737523813404983,0.9994920114648982,0.0029085806653457425,0.0,0.002293558983328574,0.0,0.0017430691173580476,0.0,0.0,0.006864930655552241,0.003286163977852958,0.01806562740716611,0.00825232793728985,0.0,0.0014963547744244264,0.013161322930430494,0.0020064471755639,0.024820711195941387,0.007954632223223925,0.0,0.01674882582129669,0.0,0.01422783682734819,0.0,0.0,0.005316873617943209,0.0,0.9985872791209193,0.011690024909509782,0.0028840420910724827,0.002513929495180966,0.0009254248979878992,0.008397416221145832,0.0,0.0015436370696096766,0.0,0.0005434375677544495,0.0020381575274410683,0.014006533493281032,0.019516541240588155,0.009118306523966866,0.00455844113016966,0.0,0.0,0.01371642674761817,0.007785847694701373,0.001922076454393998,0.019649445123458804,0.0011777186067865692,0.007214026618008124,0.00450674833196615,0.0,0.010194392263720067,0.0,0.015437463024213088,0.0,0.011250841697726699,0.004424277515707995,0.0,0.007968141449735951,0.004130039329342693,0.009583228133213452,0.0022147367530940274,0.010819456542001915,0.007291941622310216,0.0,0.0,0.0,0.0,0.0010886640985773245,0.0,0.0,0.0,0.008333083554340507,0.0068246675697927195,0.00713594719433911,0.0,0.008590595824279177,0.006928186075166466,0.010187441437756427,0.0038660195357614908,0.0005594071317936052,0.984058339299982,0.004603242550765507,0,normal,Normal
0.004069772273154775,0.0,0.0,0.0,0.008601501584164808,0.0036373916830462444,0.0034469849888179934,0.0,0.0030555355008106857,0.013522837728475696,0.0,0.0047446474256933715,0.00045752557899074713,0.0,0.004205639898276185,0.0,0.0,0.0,0.0,0.9916280156978056,0.026975887460770172,0.0,0.0,1.0,1.0,0.0,0.9984155257446431,0.009054625897258516,0.9920261010985596,0.0,0.0,1.0,0.0022632750091133714,0.014655368877277452,0.0,0.0,1.0,1.0,satan,0.01245034256512606,1.0,0.017661734721325047,0.009173704076661505,0.011580816237567374,0.0,0.019272441702417455,0.0,0.008982424165515267,0.012168195116822798,0.0,0.0,0.006324613424718279,0.0,0.0,0.0,0.0003190925516640877,0.0,0.0,0.003531619585831658,0.00527983764201103,0.0,0.0021046904480820513,0.002948283245918069,0.0,0.0028274848609144065,0.010444325638010395,0.0,0.013014187708680066,0.01873644367054316,0.0,0.0,0.00460922935973829,0.0,0.0,0.0,0.00876199668030861,0.0,0.005493177528942509,0.019075265334133788,0.0,0.0,0.0006012970976745427,0.0,0.0018945028834171781,0.0028420916705485955,0.008738251285491645,0.99959623280484,0.009362769695098059,0.00037826363892146407,0.005606186257508655,0.0,0.015577807988871118,0.0,0.007776298184037096,0.01165414955340564,0.005326439604570481,0.0,0.004065417286592065,0.022573136268939753,0.0,0.0,0.0019042549875674145,0.0,0.0,0.0,0.0,0.007274228398215279,0.0,0.004915975219862668,0.0,0.009440588326797688,0.0017064533247752986,3.502126353941778e-05,0.9972297478976709,0.000508553313866312,0.002087184708324465,0.0,0.004876061456462833,0.0,0.005853035440993002,0.016416687687548278,0.00477970926933686,0.0,1,satan,Probe
0.0,0.0,0.0015426519987591092,0.0,0.00034423452862531237,0.0,0.0,0.0068804609547434975,1.0,0.0,0.0,0.011709971079591288,0.0,0.0,0.007568008082844905,0.005726701951335638,0.0020217166210359746,0.012416665458879227,0.0,0.00921239385047596,0.013871146152051109,0.007679820735246023,0.0020152486628411737,0.0,0.0,1.0,0.0,0.3976617153293946,0.0697779606054906,0.9715517519582147,1.0,0.010800247282260683,0.049110555023963276,0.040770624813885555,0.0,0.0,0.009668363336587913,0.02255049265663075,normal,0.0015822844522756217,1.0,0.0014125341494182716,0.0,0.0,0.0,9.5123578310891e-05,0.0,0.0,0.005138622639155881,0.0031352953975058535,0.006153792741607247,0.0,0.006935585847401306,0.001124199009399849,0.0007034034713110753,0.009292600450380347,0.0,0.003499614569198722,0.0,0.0023939956501456325,0.004091284205052993,0.029782371203820004,0.007201916252145267,0.0,0.0,0.0,1.0,0.014644022301834226,0.0027283714900559895,0.004881289876659961,0.007792561907189715,0.007979186113288414,0.004368926541690627,0.0,0.004977698540132798,0.0,0.0,0.0,0.0,0.0036822944900275862,0.0,0.0022928494656540357,0.005584033941347753,0.0,0.00459337451268106,0.0,0.0,0.002581549456238,0.00991758040182848,0.028385632713298664,0.0004197325613601764,0.0,0.0,0.006371933865449406,0.0024289328337060495,0.0,0.0,0.0,0.005515475336073832,0.0022866146729411648,0.0,0.0,0.0,0.0045791693605202535,0.0,0.0015234472343843431,0.0,0.019352369586365503,0.012796447702194276,0.009547291690436157,0.000498404792755404,0.012642306713281155,0.014723380671070414,0.0,0.0,0.0,0.0,0.0,0.0,0.01116985553617152,0.010515847440114476,0.9902149733321013,0.004801124052751621,0,normal,Normal
0.0008393080699691576,0.0027524657809019784,0.015407873532991653,0.010164832471447232,0.0010477240800979453,0.001525489819225618,0.00964486041333137,0.0,1.0,0.0,0.0,0.0,0.0,0.013440116849422137,0.012096422604116404,0.00753433536959523,0.0,0.0,0.0,0.004060033387037471,0.027361857346617176,0.0,0.0,0.3386407950567816,0.0,0.6675036348514228,0.6586707331174583,0.006478999218171006,1.0,0.10695926375550659,0.09884483019239561,0.1598011636410263,0.005570383858589565,0.0,0.0,0.002187654960832203,0.8847690937386163,0.008738591720171909,mailbomb,0.012549798050379582,1.0,0.010519144083253194,0.009607360231090366,0.02134156011664022,0.0,0.0013835318759337107,8.604116501703523e-05,0.0,0.0,0.0,0.007451108601092052,0.013914880917982382,0.0033716739972150345,0.0,0.013679347213415377,0.012590523392645173,0.006008100661285018,0.011836733753228607,0.0058874861950108034,0.011013473642897783,0.011980472309029235,0.0,0.0,0.009073864616741182,0.016473732490651368,0.0,0.003439248406652768,0.014883115982445488,0.0,0.0,0.001876897498179583,0.0,0.0,0.0,0.004340926602323697,0.007541035257665445,0.0013189475692596973,0.0,0.0,0.009755798198569683,0.0,0.014766778465869504,0.0,0.005769553339135975,0.0,0.010519164913941195,0.00981688915307892,0.012209480114491857,0.00022737155632476363,0.0,0.0,0.009011152459653263,0.0,0.0,0.0008259223121940814,0.0,0.9942348838852821,0.0,0.009739647944125225,0.004102249741715731,0.016913970972867075,0.007538903762179333,0.002099354397442414,0.0,0.0,0.0,0.0,0.0,0.002480015853601199,0.009713814401010266,0.0,0.00728778968833774,0.0,0.0,0.0019733022966385663,0.017833523935132652,0.0,0.0,0.0,0.006514791553351802,0.004294093077955707,0.9947878104282124,0.01584358739381658,1,mailbomb,DoS
0.017888512497118304,0.0,0.0,0.0,0.0,0.0,0.0,0.0,0.01759535422514909,0.0,0.0,0.005621417685687408,0.0,0.004186468558392171,0.0,0.00019362219622649546,0.0009674505686579694,0.0,0.005449334108539519,0.5607241692857957,0.01505110036321734,0.9925323684649427,0.9961851544953145,0.0,0.0,0.03696299896456588,0.0498228884516299,0.0,1.0,0.0422459195574511,0.0469941073092436,0.04979927973949322,0.004207710508508942,0.011901061281518273,0.9935037066046261,1.0,0.0,0.0,neptune,0.006590457110830763,1.0,0.0,0.007098811809849795,0.0,0.00012194323788903694,0.01592399465771558,0.0,0.0,0.009184267013590666,0.0,0.0,0.011716664497373928,0.0,0.014856157159059684,0.002303014929340645,0.010950270345417998,0.0009047713135799448,0.0,0.0,0.0,0.004465310473358767,0.0,0.00046877085150510506,0.010004147214188052,0.009658268195978332,0.009516542813687594,0.0,0.006133455144956584,0.00269343888284107,0.018042649608488944,0.0032597767059435075,0.0,0.0,0.0,0.0,0.010117102196216778,0.0,0.0,0.0,0.002284532655693452,0.0,0.0,0.005445148654564143,0.016029411747858255,0.0,0.0,0.0,0.0,0.005143135531055105,0.007194515979915997,0.005430293634330364,1.0,0.006574801236799966,0.001071708365983027,0.006415525711129222,0.0,0.02284146305429013,0.0036730553306381477,0.0,0.005672771804577005,0.0,0.0025174126454964463,0.0,0.0,0.00820539912004468,0.0,0.0,0.01590142422493785,0.0,0.012565407261465829,0.0,0.0,0.0004127685069886615,0.0032058394254383506,0.001687428294263187,0.0,0.0,1.0,0.016395959771300914,0.0,0.0,0.007576471281648573,0.0,1,neptune,DoS
0.0,0.007608840170006415,0.0,0.005683395618579438,0.0,0.0,0.004629370268192322,0.0015446620485042722,1.0,0.010912947028192739,0.0005435355483061464,0.0064347033560751676,0.00662640334898968,0.0,0.0,0.0,0.0,0.001313090421828403,0.008419928811308281,0.0,0.050754752022793115,0.004360363450101106,0.0,0.0,0.0,1.0,0.008524924365061293,0.16195158169338747,0.10198390518040396,0.9997010905903181,0.991395956547444,0.011926676479762349,0.04796543885632304,0.019497264707672414,0.00047242568488511743,0.0,0.0011494998197300094,0.02071915618529214,normal,0.009304583249290238,1.0,0.0,0.0,0.0,0.0,0.0,0.0,0.0,0.0,0.0,0.0009603854518893611,0.0010879936987661315,0.013018934650684703,0.0,0.011424148453065544,0.0,0.0,0.0,0.0,0.0,0.0195942604528971,0.00428340684004461,0.011982322424923628,0.0,0.009907788647455099,0.00427330822389365,0.9963082268206833,0.0,0.0,0.000325596860378556,0.013378503113263671,0.0036482021997886007,0.00320472453639525,0.003944498063199417,0.0,0.0,0.008746412942676892,0.006606262174180489,0.0,0.0036890954083240004,0.013733654569129504,0.0029024767022778836,0.0,0.0,0.023684694355523415,0.0,0.0003304501568618067,9.611359890195028e-05,0.0,0.0,0.007209680953074186,0.007524474962267056,0.0014499488652707346,0.006607262259618187,0.010206230374587684,0.0,0.0,0.0062215807661851995,0.0,0.004847885572804363,0.0,0.007780450897890002,0.0025463859965704156,0.0,0.0,0.012011088127703892,0.010954623600468106,0.0,0.01368800206724057,0.0,0.003595126939603415,0.0,0.0,0.011483662515042277,0.0011043792088479712,0.012010152881814333,0.0,0.0,0.020116094063960404,0.0,0.0,0.9990101184719882,0.0,0,normal,Normal
0.0,0.0036697182925860203,0.008383661599695056,0.0,0.0,0.0,0.016348643555188835,0.000127543239421916,0.015621102203906998,0.0,0.0,0.0,0.0,0.0,0.0,0.0,0.0,0.0,0.002329099028108264,0.8941998072695424,0.0,0.14970915742840038,0.0,0.8546663516133998,1.0,0.0,1.0,0.0,0.9944725505508668,0.0,0.006908777105409228,0.951183163988826,0.0,0.004068746694691798,0.12401987211381353,0.0,0.8564302352299222,0.9997815083164397,satan,0.0,1.0,0.0,0.0013995177008017798,0.006628878558168955,0.0,0.0017842208418716336,0.0,0.0,0.0,0.0,0.008597048317372968,0.0,0.009028820992818268,0.01660183186636114,0.0,0.01701261043506279,0.0005189096785339208,0.00944056238862709,0.02536163305280909,0.0,0.002308606963579716,0.0,0.009696070126716236,0.0,0.0,0.006793786689661348,0.010402607236431423,0.0,0.0,0.005179200224829236,0.010162575925175546,0.0,0.013223257447815915,0.0,0.000949899214012634,0.0007865782244552442,0.0007538285634653002,0.018598461715593255,0.0,0.0037720751415752114,0.0,0.0,0.0,0.0,0.002207445541896784,0.0023192060417788728,1.0,0.007444060747538691,0.005368653888231151,0.008984906705886453,0.0,0.0,0.0,0.0,0.0034017192318423844,0.006784936484214712,0.0005049754360745804,0.0,0.0,0.0,0.0,0.0,0.0,0.012686231488215474,0.019330374818879472,0.004430910615519242,0.0036827788553589927,0.0,0.006324069648818656,0.0,0.0,0.0,0.0,0.98572896311729,0.0,0.0,0.0037695630181172547,0.008183387325222226,0.012299401074180066,0.0,0.020027069677980538,0.005942170688953038,0.018612442838018047,1,satan,Probe
0.017281121097514757,0.005624850060529778,0.0,0.001139843125879515,0.0008609132478625588,0.0019739039546102363,0.0,0.0,0.0,0.0,0.0,0.0,0.0,0.009444417554864007,0.018178250042424255,0.003950602086510308,0.0038315476781634306,0.0,0.0,0.06719334313727254,0.055065873610749314,0.8433262574781165,0.842528409477211,0.15079648455038797,0.1344892012789726,0.980365873744698,0.0,0.01710131328522111,1.0,0.9878524260223424,1.0,0.004625964918420584,0.0,0.0,0.16341693999461945,0.1685968944597394,0.7121439439281455,0.6947682557322817,apache2,0.007787128597016856,0.9877901695578585,0.024355150736749504,0.0,0.015470874585020649,0.0,0.0008901280003331768,0.0,0.003527515649384007,0.0,0.00940896965938129,0.004850561373540393,0.008325020471420912,0.00858026624344321,0.012161983618682948,0.009522046089013634,0.006511075146156932,0.011120887677142862,0.0,0.0,0.0,0.010229431068064312,0.0,0.0,0.01373044913418718,0.0,0.0,0.9932896494025953,0.0,0.009504673615016852,0.007957111462036388,0.0,0.00753942496400264,0.002287453794466802,0.0,0.0,0.0,0.0,0.007363620693554343,0.0,0.011547719452933264,0.015156252319788269,0.007001001976597408,0.0,0.0,0.0018071897280655086,0.008538159127942958,0.00606079492224099,0.007070968872331694,0.012298090811569604,0.0,0.01091038447602238,0.01143604526787074,0.0,0.013208614988812881,0.0034979312474722048,0.0,0.0,0.0,0.0,0.0,0.0,0.0011741456438755067,0.007515814748034826,0.0,0.0,0.0,0.0003871194035888708,0.025935913545209834,0.02396185182152969,0.007465389441478029,0.003224722684803504,0.0011685125352618243,0.0,0.0,0.004629486971680003,0.0,0.0032981194044469256,1.0,0.0012720870299613124,0.002122650386204783,0.007677866953855529,0.0,0.0,1,apache2,DoS
0.01944570951324555,0.0,0.0,0.004153188994957944,0.0,0.01938390668063103,0.0,0.014015255294670036,0.0,0.0,0.0,0.0,0.0,0.0,0.0,0.001774182833250639,0.0,0.0,0.0,0.21328248424837445,0.20519194477064004,0.0050959902139463865,0.0,0.004225222220812428,0.009068588792791625,1.0,0.01478061278931472,0.009769525484209306,0.9052786490574887,0.6690556340369349,0.7303418655404175,0.014897413443991758,0.0,0.0,0.004207757967696853,0.01556097832735394,0.050128941508143766,0.0,normal,0.0,0.0,1.0,0.0,0.013786197977482513,0.0,0.0036578746568469364,0.0,0.004198713109217759,0.015058878386419233,0.006576845115069579,0.013772120191548306,0.0,0.0,0.0008273049128600061,0.9952676970161217,0.009312530863015792,0.0016460094836869264,0.0014924558683674547,0.007688260002155036,0.01782735024477771,0.005688399476694882,0.0,0.0,0.00630548292902859,0.0015092142628526045,0.0,0.005451804751641909,0.008833378859613003,0.00828807867937094,0.0,0.0,0.012417203844178172,0.0,0.0022325137547695153,0.0,0.0,0.012774769366338702,0.009189176020709318,0.0,0.0,0.0010298903683771123,0.0,0.01837312236194368,0.010118606493716332,0.0,0.0,0.009801298308158506,0.012565736726803983,0.011086193443728914,0.0,0.0,0.0,0.0,0.0,0.0,0.0021574750643310677,0.0,0.0023501033632286573,0.0,0.0,0.0,0.011286316495734184,0.0,0.00198290628545099,0.0,0.0,0.0,0.011417123506644183,0.00038718052750729586,0.006409895272980516,0.0,0.02577388445972165,0.008471593416663205,0.0007985274147013687,0.0,0.01107147145875731,0.0016435001698864083,0.0,0.009186662349395077,0.0,0.0,1.0,0.015427881092011033,0,normal,Normal
0.0,0.016248759942564948,0.0,0.0,0.013660987474088528,0.029237467609077167,0.0,0.0,0.9976616230947096,0.0,0.022463902320826134,0.005083718204223168,0.011151679961110179,0.0,0.000910858046007199,0.01421787141865817,0.0,0.0,0.0,0.0,0.0,0.0,0.0,0.0,0.0,0.9976926398197375,0.008160860018366583,0.008167293794906333,0.9940434757638348,0.9980199644676784,0.9906006834846138,0.0,0.003113290901682354,0.0,0.0,0.0017743176187752815,0.01171516209066803,0.00699915335030403,normal,0.0246307261095737,1.0,0.0,0.024481027927208916,0.0,0.0,0.014610176240284824,0.004260248903514415,0.005069538717243832,0.004153811103236943,0.0053576982765308956,0.0,0.0,0.013191357259612289,0.0,0.0,0.0001592571662997345,0.0,0.011405802105087195,0.0,0.008377933466236451,0.0,0.0,0.006995014351462115,0.0,0.0017473068879197784,0.006692482416502028,0.9989817827986919,0.0010965024430991622,0.0,0.0,0.014719982889772871,0.00744999835091676,0.007018473726242036,0.0,0.0,0.0,0.0,0.01623015839987527,0.008666010671501096,0.0,0.01232870902048494,0.0024244511132436044,0.0,0.0,0.0037000595667732185,0.006284773104848103,0.0,0.0,0.008790947118702487,0.0037443224327050758,0.0066167653678308215,0.0003377434484946619,0.0,0.0,0.015620380744548013,0.0,0.005952416222557308,0.0,0.0020109613513639825,0.0016937897627554415,0.0026832887448500135,0.013415781579183004,0.0,0.005985453253032318,0.006113750800856329,0.0013208671990291286,0.0,0.014481222743659511,0.02388207235212932,0.005167403449967486,0.0,0.0,0.007670835945628728,0.0012822825247888541,0.0,0.0,0.0,0.0,0.021437497124279826,0.0,0.0,1.0,0.001146859087670403,0,normal,Normal
0.018755884827780005,0.0,0.0,0.002465708903844779,0.0,0.0,0.021751879005179928,0.0,0.9920496006943893,0.00735834920315593,0.002562922877935678,0.007815615144435566,0.0,0.0,0.009616134038863773,0.0,0.0,0.017778475680998534,1.0,0.0,0.01187106023196808,0.0024783963941233064,0.0,0.010002763156055923,0.0,1.0,0.008309651032396444,0.0,0.39320066389125663,0.18828651227278734,0.533387385022848,0.04029546068153213,0.012903590500292082,0.0,0.0016927589748116268,0.00034177614246154995,0.0,0.0008703497773039487,warezmaster,0.0,1.0,0.0,0.0,0.0005044865456667006,0.0,0.0035858914623509964,0.0,0.006562350767334818,0.0,0.0,0.013246202698495118,0.007864895256571714,0.021947681821452805,0.0004277074790530831,0.0,0.0,0.0,0.014997538860232834,0.0,0.0,0.0,1.0,0.0,0.005647268538185528,0.0,0.00011559469216998591,0.0,0.0009958710124205652,0.0037068859080845204,0.0,0.014980002997358877,0.012434722335420808,0.004931352738139536,0.00402941350209571,0.0,0.0,0.014611362012100148,0.0,0.0,0.0,0.0,0.0,0.0,0.0,0.0051281454797859165,0.00047243203260615243,0.0,0.015085559514476635,0.02513765986531104,0.013412717893418738,0.004153139237366374,0.0,0.0,0.0,0.0,0.0,0.0,0.005817150593288362,0.012067329247007413,0.0020061670640946403,0.0,0.0,0.010241712634683224,0.0,0.0,0.0,0.004670405054964079,0.0,0.0,0.0009483296934502853,0.0020646983213245362,0.0046613074341506746,0.0064797545458109606,0.010737594946559341,0.0,0.0,0.01603053810625081,0.0,0.0,0.0013666860853189004,0.008864040864093866,1.0,0.012435890711662258,1,warezmaster,R2L
0.0,0.017470778050551247,0.0016770169806771186,0.0048191069696907314,0.0,0.014500833838208438,0.011874894837547577,0.0,0.008754212636828709,0.0013398539680592662,0.007343791191593342,0.0,0.006621539617862912,0.0,0.005755334713152362,0.008147680581114633,0.0,0.0,0.0,0.0064212376274840124,0.016182715002884686,0.9840569245515918,0.9941447492828865,0.013252485514234356,0.0,1.0,0.004393462420472853,0.002766438310887681,1.0,0.49032263611047716,0.4776737318638468,0.47124662089634894,0.005820022264320711,0.013744125160210983,0.3632369240051676,0.7639623330609714,0.47122136569677014,0.03012372252741113,processtable,0.009077171327003888,1.0,0.004439092758598524,0.0,0.012660662785068612,0.0,0.0,0.014136007450567438,0.0,0.0011106766114292992,0.01155540647157954,0.0,0.022885209838038913,0.0,0.0,0.0,0.0,0.0,0.0,0.0,0.0,0.0,0.003953242585733259,0.00607135134011658,0.0,0.0,0.0,0.005798359613829905,0.008489054779460154,0.007361854868444064,0.0063632847261816654,0.0,0.0,0.0,0.0,0.005807280016778752,0.0,0.010642828247450203,0.0,0.020747014329539543,0.01031964671460894,0.0,0.007990706699638127,0.0010817194804116305,0.0,0.0,0.0032664546826967184,0.0,0.0,0.0,0.019897437433436166,0.0,0.0,0.011878045138162792,0.0,0.0,0.0,0.0,0.0,0.014168206903684205,0.0003918332552103837,0.0013125703710631384,0.012658479862444939,1.0,0.0,0.0,0.0,0.0,0.0,0.0,0.000891564080662933,0.0092287147262441,0.0037984154345337313,0.0,0.0,0.0,0.001388920098753514,0.01797774137646096,0.0,0.0029633903141283243,0.010868699103366122,0.9976536986484449,0.0,0.0003128172008197078,1,processtable,DoS
0.0,0.013471677455324576,0.0,0.0,0.00412625198433674,0.0,0.0,0.006481641855821772,1.0,0.0,0.005286740465109279,0.007292770210268973,0.0,0.010630478576138483,0.0,0.0,0.005563621842103119,0.0,0.01507498926622513,0.07468427607175841,0.06606595839630461,0.017206519249474396,0.0029918390965144644,0.0045189065440518735,0.00797638945162937,0.9966588423457089,0.014794785114412125,0.009778116337929112,0.6824960059002076,1.0,1.0,0.0,0.009557374606339507,0.011727997936595335,0.006115469573908746,0.01465355869047869,0.0006641797912315358,0.0032328753128593986,normal,0.016095865097813775,0.9747596719543139,0.017930197552875435,0.0025488522014965958,0.0002954776969903303,0.0173522232137229,0.007559735516119492,0.0,0.0072865307108304165,0.0,0.001049171625570453,0.0,0.0,0.000903425822174534,0.003338554077571765,0.0,0.011798786578559761,0.00271593410858577,0.008384675852569873,0.0,0.0036742241349484455,0.0,0.009163457114646228,0.0,0.0,0.0,0.0,1.0,0.019250097445517318,0.01260052328461604,0.0,0.0020192791305753267,0.0,0.0,0.011064765631992948,0.009899781335903525,0.0023726812508360977,0.0,0.008543352022425446,0.0,0.0009635867887512431,0.0,0.0,0.006444639226707079,0.011458140021799852,0.0,0.0,0.0,0.0,0.0,0.0026716143738735516,0.0,0.0,0.0,0.0,0.0,0.0,0.0028336385477183983,0.0,0.0,0.006823830481491374,0.0,0.007678288259279562,0.0,0.022427718482921435,0.005771259509337623,0.006103190667924687,0.002502705779339448,0.009772164171255985,0.02386664949672547,0.0,0.0,0.0,0.0,0.0,0.0,0.005810397458917933,0.0,0.0,0.0,0.0,0.0,0.9972100949426416,0.0,0,normal,Normal
0.0,0.0,0.0,0.0,0.01225550360549166,0.0,0.008925013515787507,0.0017886625323492585,0.027206984378997344,0.017469411859323766,0.0,0.008973341896458693,0.00770024773799955,0.0,0.0,0.014259827718554099,0.0037869664062455243,0.0,0.0,0.2376076845941281,0.014550882814353008,0.0,0.0046530810539172525,0.993337076231015,0.9918495577644914,0.10236831416862151,0.07241287786258092,0.011647387146014218,0.9998764450683053,0.05833938134619565,0.03643268850740135,0.06757796812209413,0.0,0.0017906904327012138,0.0,0.0,0.9949959699127753,0.9709381133464311,neptune,0.0011884150259145845,0.9957927827014315,0.003345271415446953,0.023445582077113267,0.0,0.0,0.0,0.0,0.0,0.0,0.0,0.0,4.343007978917291e-05,0.0118360001468712,0.013709440250186456,0.0033210422437646315,0.0008296392021941792,0.0007534927689957223,0.0,0.0,0.0,0.004472291565365283,0.007142282978156865,0.0,0.0,0.0,0.0,0.019823465190430548,0.008694798875480213,0.0,0.006188869162696058,0.0,0.011632551071442598,0.0,0.0,0.0024871383156707745,0.007852423288072079,0.0,0.010627373428924392,0.010321327563269833,0.001684897177466745,0.0,0.006991734033563758,0.013384548922097322,0.021438653392949047,0.0027109568165029413,0.0,0.0,0.006492953044344777,0.0,0.0,0.0,0.9972136371120739,0.002073347778869975,0.0,0.0,0.005976040622180478,0.0,0.008373627962959478,0.0,0.002905920846776809,0.013309296060456848,0.0023569632639318843,0.01388531289480296,0.0,0.014879585727200936,0.0022894347625337765,0.0029756393826787927,0.004304056529120259,0.0,0.0,0.01085035475991155,0.01622664720329349,0.0,1.0,0.029876680481744373,0.008602564189064094,0.0,0.011174704672555548,0.0,0.0,0.007738825454674164,0.0037774574995853368,0.0,1,neptune,DoS
0.0,0.004080181028637932,0.0,0.007219231952270145,0.0,0.0,0.007558969880286159,0.0026763593578264504,0.007849166980153286,0.008585739207569066,0.005332551541885764,0.0,0.0,0.0,0.0,0.013303680596775301,0.00401267105013125,0.004235494823823403,0.0031912755733410837,0.08052583262733884,0.0,0.995542422316503,1.0,0.0,0.0006959378643003701,0.09115983982435971,0.18925877538941524,0.0,0.9943478306121818,0.020748547049592152,0.018152519105272606,0.13839193724858045,0.0059931368317602375,0.010036986429393246,1.0,1.0,0.0,0.004615332448467353,neptune,0.0010877661955040884,0.9933309797950721,0.0,0.0,0.0,0.0006500261189088816,0.0,0.0,0.0,0.01043647737936227,0.0,0.0,0.003328570957623477,2.267798242510711e-06,0.0021713931553380447,0.0,0.0,0.0,0.002326411809383525,0.005558801532003608,0.014716897732215684,0.008666088930709614,0.0032642315484485407,0.006122100525093072,0.0,0.0,0.0,0.005969283486274236,0.00412010337953834,0.0,0.0,0.0,0.0,0.0,0.006587409151131731,0.014160586468830935,0.0,0.0,0.0,0.01477518396558793,0.0,0.0,0.005820323354696612,0.0,0.0,0.008630412014177096,0.0,0.0,0.0,0.006356608244525289,0.0,0.0,1.0,0.0020676786419297566,0.01213563633629639,0.0020732315351065117,0.0,0.0039620579737264915,0.0,0.013424482891247926,0.0,0.001849016520804207,0.013460031120439576,0.0,0.008520826412031038,0.018484302948145452,0.0,0.011067047456976573,0.0,0.008277095158884256,0.0008887123106181294,0.009213418725050996,0.0,0.0,0.0005573296483314028,0.0149829454185058,0.0,0.0,1.0,0.0,0.0016920111118468144,0.007587499746144674,0.0,0.018207411005865336,1,neptune,DoS
0.00626383758475718,0.001160187604652595,0.0018738628992955365,0.00855129668332483,0.0,0.0,0.0,9.275939148978477e-05,0.0,0.0,0.0,0.007746846132894866,0.0034296627149101254,0.00501875566945937,0.0,0.004127589982644486,0.0,0.0013796981149875054,0.0,0.11032530948839035,0.033159546130899664,1.0,0.9988677232927887,0.008784040857204575,0.004425518753663962,0.25456086277462087,0.1419264625838475,0.0,1.0,0.051543520782157085,0.056671122926295184,0.1740853177505551,0.0,0.009874638689750229,0.9966435417942258,1.0,0.0,0.0076601880226463805,neptune,0.01175470817472841,0.9882456522063766,0.0,0.011533482653275424,0.0,0.0012260822653845924,0.0085178085856469,0.010498606101140043,0.0,0.0076521376842488345,0.0,0.0,0.00042721593874387066,0.0,0.013543860830529155,0.0,0.0,0.0,0.0,0.010561501968419264,0.006748474120441161,0.0,0.0,0.006267411106117057,0.007786811314112712,0.002474814452144791,0.015858441021653156,0.0,0.00692473078718459,0.003584871905657778,0.0,0.0015505501155422847,0.005231938593177827,0.0015354975018340245,0.013978757904143253,0.0,0.0,0.0,0.01955685063392467,0.0,0.0003887093124458018,0.0,0.0007485440287224642,0.0,0.0,0.0,0.010744266094729879,0.0,0.0,0.0,0.004943521747347292,0.0009694023756877172,1.0,0.0028143439471360688,0.0,0.0,0.005096650777818407,0.00021734772694250855,0.0,0.0,0.006346013861032456,0.003661691743735111,0.0,0.018629848037275024,0.004115488934938075,0.0,0.0013725657851831326,0.006312103441459202,0.0,0.01285799175711569,0.0,0.0,0.00017019599082004316,0.004168837315711636,0.0,0.0,0.006571394361028734,0.0,0.9885918389778202,0.002518377730860773,0.002167381565974348,0.0,0.0005751076647303747,0.0,1,neptune,DoS
0.0,0.012447718272525648,0.0106846017587268,0.010438109999266912,0.006991816697006008,0.016370112743077952,0.003304203293333276,0.004262678623964177,0.0,0.0,0.014114178500252754,0.0,0.0,0.003895421446730718,0.007488887898366278,0.005143711341133907,0.0009547998649566571,0.0,0.002999566192617554,0.006983372440815447,0.0057486712112645826,0.0019659166308229233,0.0,0.0,0.0,1.0,0.0,0.0,1.0,1.0,1.0,0.0,0.016946838196458473,0.0,0.0,0.0,0.015441152816664073,0.0009160060005491347,snmpguess,0.0014542589806503237,0.006842658950411032,1.0,0.0,0.0,0.00011356099315235917,0.008206556448251476,0.011799665242632443,0.0,0.01765797526149861,0.014597962060210506,0.0,0.0,0.0,0.0,0.01888423329928757,0.002120637957184641,0.004530254472606563,0.0,0.011693533360657232,0.0,0.0,0.019004514751437353,0.0,0.0,0.01350923896790227,0.008184530132010892,0.010543162655430927,0.016900500589944762,0.0,0.004692191864450623,0.02077487323128728,0.02291707668899748,0.0,0.0,0.0016305828353911872,0.005017687755018406,0.0010720315581125405,0.0,0.0,0.00010609424171508906,0.00032207672238559375,0.003555875132681251,0.0,0.0008817904073421125,0.0,0.009229025277410582,0.0,0.0007662760708861686,0.0,0.00545983552623872,0.0,1.0,0.0,0.0,0.007139604336140433,0.011077375305622583,0.0,0.0,0.0,0.0,0.0,0.0,0.009497031905562968,0.015115287932004543,0.0,0.0045441340991694106,0.0,0.013922117974689263,0.0,0.0,0.0,0.0,0.0,0.0,0.0,0.0,0.0,0.014394904766198096,0.0,0.0,0.0,0.988923431351826,0.0034689002636534333,1,snmpguess,R2L
0.005189703531186044,0.0,0.0,0.0,0.0,0.0,0.0,0.0010032437232598778,0.9944269112535613,0.00656351626711861,0.0,0.0,0.0,0.0,0.0005891993964005886,0.011631795183605116,0.0,0.013003481511799022,0.00047166857439694815,0.0,0.020229592290702987,0.0,0.0,1.0,0.9970234394858573,1.0,0.01102365655687521,1.0,0.2875332986594093,0.23035745548957534,0.26992150278127186,0.08409492255814988,0.013764809638555336,0.033373568148004615,0.0,0.0021236556458544865,0.8890003189824847,0.9795938338535453,mscan,0.005829545679404832,1.0,0.0,0.0,0.0,0.007218707039994228,0.0006799144177591257,0.0,0.0,0.0,0.0,0.015354437354323812,0.0,0.009779167394138671,0.0,0.0,0.011135982421531274,0.009709643512741681,0.017334238103505418,0.0,0.0004734248712899976,0.012935114283438057,0.00010229092411757009,0.00685534178249628,0.0,0.0,0.004437833269958216,0.0034091026874608753,0.0,0.0,0.0,0.000636805172218155,0.0,0.0,9.449775942828637e-05,0.0,0.0,0.009917101191272888,0.0,0.006797001851905439,0.0,0.0027886582913602205,0.0,0.0,0.0,0.0,0.0026687155556783192,0.004167118646782306,0.025663249021099427,0.00954192193136387,0.969840467129988,0.0,0.0006587546317098393,0.016327662736520813,0.0,0.009835535219776712,0.0,0.0,0.004393421652782785,0.0,0.014626863262965783,0.0025447154601619367,0.0,0.024862597726670876,0.0,0.0,0.0,0.014518356096793236,0.0,0.010349351463134792,0.010219194015891261,0.0025601338723883244,0.0,0.0,0.0,1.0,0.003049357226994987,0.013063968676252449,0.006087274441350766,0.0,0.004321561862787387,0.0,0.0,0.006923231268967072,1,mscan,Probe
0.017374936500989098,0.000993811314364525,0.007365743398703814,0.0,0.0011770108492113484,0.0,0.0,0.01221617465374954,0.0,0.024423724360380192,0.0,0.004434377178961662,0.006002186561071514,0.01313253563867275,0.0,0.0,0.0022432784423121956,0.013075312746772757,0.0,0.2888996634774154,0.01751005233870578,0.0009172455589976914,0.002177032878754665,0.994358092215897,0.9929930542880769,0.06866976963736368,0.07326908287616106,0.0,1.0,0.04189500135482484,0.0558079205269372,0.08256860402633606,0.0,0.0,0.01148763109522666,0.0,0.9932133113177681,0.9998401306421242,neptune,0.0,0.9802614891425088,0.004050597831183071,0.0033046500122281787,0.0,0.0,0.0,0.0,0.0047661320941034275,0.0,0.0,0.0,0.0,0.0,0.0,0.007685468280198812,0.019478318685171362,0.0,0.0,0.010263151742956668,0.0,0.005743489049006262,0.0058209537326940385,0.023408879390394363,0.0,0.0,0.014106589064011067,0.0,0.0,0.0,0.0,0.0,0.0,0.0,0.0,0.01011640163212339,0.007046901541115595,0.005158541556086332,0.0,0.01678691170873839,0.0,0.007423065572943124,0.0,0.003361119407517671,0.0,0.0,0.008250814976389497,0.0,0.0,0.011491475832822296,0.0092308503290738,0.006553289683952732,1.0,0.0006730862786561811,0.006132010290527483,0.0,0.0,0.006393170024283534,0.01575443237926509,0.0,0.0,0.013132592556140662,0.011395106627181286,0.0,0.0,0.002542394996477649,0.021447239454577067,0.0,0.0,0.0,0.020748843360232198,0.006053394485143038,0.001208200831834799,0.0017420972479142446,1.0,0.0,0.0,0.005086352242672894,0.0,0.0,0.0,0.0,0.003532438800954149,0.009807056233390295,1,neptune,DoS
0.00964399600209954,0.0,0.0013108840224559863,0.025303960534735336,0.0,0.0,0.012575978067415852,0.010361647503648659,0.004879004845329883,0.0,0.0026981829930270303,0.0,0.0,0.0,0.0010811306535958843,0.012304297141135151,0.0,0.0,0.009520897046622583,0.5421080386660615,0.021373287645220524,0.0,0.009031370090331762,0.9930380623808185,1.0,0.013346088383939001,0.06171085471470791,0.0,1.0,0.00013642171311354506,0.0005573706386636512,0.05737114104714354,0.0,0.005219007614084574,0.0,0.011969064902572326,1.0,1.0,neptune,0.0,1.0,0.003942788946484469,0.018828694238506857,0.007739060934506119,0.0,0.010356523101244556,0.0,0.001663691720136282,0.0,0.0,0.0,0.008903193818568262,0.007249030431891325,0.0025869753817208524,0.010586506758684255,0.0,0.016169511734480113,0.008107498038871355,0.006123619997495899,0.0,0.0,0.0,0.0,0.004377227783764978,0.014790325026925477,0.0,0.0,0.0,0.004067138657007006,0.005286479688420366,0.0,0.0,0.0,0.0,0.0,0.0,0.009482739099537922,0.0,0.0,0.015809625661428173,0.004210632479977727,0.014306462493804873,0.01329635583054751,0.0,0.0,0.0,0.003322325487065664,0.0,0.0,0.0,0.004022675476826522,0.996245774246999,0.0,0.006836650904952262,0.0,0.0,0.013593913249303107,0.009820912252546119,0.0,0.0,0.012284846517653977,0.009086462360569826,0.02392199819428735,0.0,0.0,0.005258000688370543,0.0,0.012817165242587667,0.006554208429981746,0.0,0.0,0.0,0.003921753536301733,0.9979747983821534,0.0,0.0,0.006163906000887584,0.0,0.0,0.0023825565156211435,0.006619359007883042,0.0,0.0,1,neptune,DoS
0.0,0.0,0.004798889232959211,0.0,0.0,0.0,0.018730961894893636,0.0,1.0,0.0,0.0,0.0,0.0,0.0,0.0063785638976835615,0.0,0.007859574880709432,0.0,0.004195684598149585,0.005881023180203433,0.002639326244943097,0.0010763502414961412,0.0,0.014130184483618875,0.0,1.0,0.013039324807407868,0.008668625602503432,0.9964817637389874,0.5356010152822622,0.5346500057988711,0.025890197817805254,0.0,0.0,0.014174325770754656,0.006050309443713931,0.17496113736470567,0.02119064617692816,guess_passwd,0.011783673210592427,1.0,0.0,0.0,0.0,0.013032777682469212,0.0,0.0,0.007311105652592163,0.005793946509218133,0.00450127059624489,0.0072455182712161895,0.005045978490067721,0.0,0.0,0.003933542440545952,0.0,0.0,0.008253759495062171,0.0,0.0,0.0024795533905248106,0.011966293850532729,0.0,0.0,0.0,0.0,0.0,0.0,0.012943403507846084,0.0,0.0,0.015833396861790833,0.004625984139085249,0.0,0.0,0.011870666158004502,0.0,0.0,0.008244060262677558,0.0004472126409865843,0.007956292044508961,0.0,0.0007218134234560735,0.0,0.0,0.0,0.014110696129336617,0.0,0.002150783843282835,0.9923206120634218,0.0009764921422581699,0.014508964432359885,0.0,0.0020780551128253342,0.009424617317746537,0.004690585734979256,0.003902385718657723,0.003102908353127504,0.023811819099791895,0.0,0.0,0.009021174807138585,0.0,0.0,0.02083230402462742,0.000725594080373203,0.001730885270086328,0.0029543413317027023,0.0,0.005288552436427847,0.0,0.0,0.0,0.00043521027100575224,0.006305450025172791,0.0,0.005625869661434713,0.0,0.0,0.013816053791823322,0.001981370445949096,1.0,0.0,1,guess_passwd,R2L
0.0,0.008596385581932821,0.00608333243918229,0.0,0.0,0.016255423476115614,0.0,0.0,1.0,0.015566991420208558,0.0079849069368248,0.024249893644999618,0.005549825945296924,0.01757763149182937,0.0,0.0,0.013383564650422465,0.006351772683545312,0.009078776898641748,0.04275302400599606,0.029804911123669668,0.0,0.011812450476611738,0.007950218196517912,0.0031217111651720875,1.0,0.0,0.15080556942528847,1.0,1.0,1.0,0.0,0.01229776632349402,0.019280792331746427,0.005198057630659485,0.0,0.0,0.0062078280391320755,normal,0.004547085541242414,0.9930515952547121,0.006330519754068295,0.0061216007821292065,0.0,0.0,0.0,0.0,0.0,0.007845379440532154,0.0,0.0,0.0,0.00940574379579308,0.0015975674439975243,0.001524789661676998,0.013827000227175588,0.0,0.014954708161607636,0.005542528490268759,0.0,0.0,0.0036754200066727444,0.002105414174227767,0.00712841075250946,0.0,0.0,1.0,0.0018632475886439454,0.011575923780674721,0.0021542215367356173,0.0,0.0,0.0,0.00465314486007494,0.0035742744028741075,0.0,0.003290996398731034,0.007625817793710152,0.0,0.0,0.014430686271071904,0.0008571016572636412,0.0,0.017084411316080378,0.0,0.0061941804946690085,0.0007596493928208256,0.002430603319565553,0.0,0.0163705979286821,0.0018152434911458612,0.014106942568779906,0.0,0.0,0.02323396463111625,0.0012592933002925702,0.0,0.0,0.0,0.0,0.01277435242792806,0.011803585511007865,0.0,0.00410546196238923,0.00852104030012709,0.010014603878117163,0.0,0.0,0.0,0.012780608631080048,0.0,0.0,0.0,0.0,0.008830770073746094,0.0,0.0068186893212113285,0.0020965975769621855,0.0,0.012481001213647902,0.008254751234336588,1.0,0.0,0,normal,Normal
0.0,0.0,0.0,0.008670071093005787,0.012688616466776706,0.0,0.012707519917542478,0.20355672521255394,0.0,0.00717684832282777,0.0003042001053637224,0.004150455453381417,0.0,0.0015354331365839738,0.0,0.0,0.004547489453690203,0.0,0.0,0.0,0.0,0.008340329715284396,0.0,0.010906184316234762,0.0,0.9986818079321284,0.006478164172334713,0.0052808172831810786,0.05393848619097527,0.0,0.1781793962535637,0.2910276278219513,0.10135885838317088,0.014471548300683285,0.002096652254119621,0.0031884536009422425,0.10312407409682221,0.49221139906324807,guess_passwd,0.0,1.0,0.021555701441504756,0.0,0.005148317064880476,0.02222889381031731,0.012807224987339843,0.001699730772558789,0.0010489447181032557,0.014113403595513592,0.0,0.009261219211901088,0.0,0.0,0.011892531845502348,0.0034945903234130265,0.0,0.018284881769421304,0.017178190620226887,0.002413044361464351,0.017702206388753756,0.012257437671071163,0.0,0.0032827600785755484,1.7182566853832613e-05,0.007638225233825593,0.0,0.015226074434857101,0.0,0.006602528956389983,0.005858941171531763,0.0,0.001025168490911287,0.0,0.00089245576417015,0.0,0.0,0.0,0.0,0.0,0.0015609558104590306,0.01007328694697207,0.0,0.0034555924820838246,0.0,0.0,0.01504364502043463,0.0,0.0,0.0,0.0,0.0,0.007937694457311587,0.0,0.0,0.0,0.019818785938754694,0.0,0.0,0.019219563468819558,0.0,0.0,0.0,1.0,0.0,0.0,0.0,0.0,0.0,0.011755878654223591,0.0,0.005313120989528906,0.0,0.0026543351370576845,0.0,0.03082966769541505,0.021514051815011127,0.0,0.0,0.0,0.0,0.007338761078098383,1.0,0.005770878452803368,1,guess_passwd,R2L
0.0,0.0,0.0,0.00428740142813531,0.0,0.0,0.0,0.010312794672070713,0.017547129164825374,0.0,0.025871054977411573,0.002826625540473538,0.0,0.015222997830487821,0.005195200545719818,0.006229583844441665,0.0,0.0005238982547187943,0.007275016384455421,0.4297810931105329,0.028319355522212174,0.0,0.00887810302498164,1.0,0.9967895904473212,0.08068428388766201,0.059967119270326226,0.007603575683188504,1.0,0.07801526299485857,0.05413136644461846,0.06300533084189967,0.0,0.0,0.0030632784345293765,0.002432357582259934,1.0,1.0,neptune,0.008880539671534838,1.0,0.0,0.0018565370720808258,0.0,0.010116080681250304,0.006438618945832772,0.0,0.0,0.0036425466101806226,0.0,0.01084142289590925,0.015276801553072915,0.0,0.0,0.0,0.017864820871838837,0.0,0.0,0.014243190860931515,0.009726700714900907,0.0,0.0033893858126419385,0.0,0.0,0.0,0.016534086225246408,0.011045669906774505,0.009163960541037264,0.0,0.007641491249443712,0.020963117548162585,0.0,0.009093726636613631,0.0027841519982236187,0.0,0.0,0.0,0.0,0.015244825089990772,0.0,0.02162847186225936,0.0,0.0,0.0,0.010974591267136641,0.0,0.0,0.011536771577977244,0.0,0.0007420624078472209,0.005257051085047879,0.9938815325407926,0.0031701611956981342,0.0,0.0,0.0,0.005877570629590704,0.0,0.0,0.0,0.018418990608259144,0.0025316622182110005,0.0,0.0,0.0024635807064108065,0.0,0.015189208734091844,0.0018261571513613763,0.01063760638107835,0.005073474158642806,0.009112349799316941,0.012766985152003708,0.0,1.0,0.0,0.0,0.019601379870476263,0.005769503912544425,0.003537092427855084,0.006384043197182259,0.008675513403549537,0.01071102273342586,0.0,1,neptune,DoS
0.0,0.0,0.006663177248663326,0.0,0.017958637703560175,0.008444511376339135,0.0,0.0,1.0,0.0,0.003264625966577969,0.006144507662736741,0.012976707890895296,0.00023584483858579697,0.0,0.008561790846928716,0.0,0.0,0.0,0.007193563593900281,0.0204597292313829,0.0,0.0,0.005358998147228943,0.013445208693059325,1.0,0.01390496701296619,0.4260369305457347,0.0,0.9406560056639455,1.0,0.017064567769462545,0.3532074183458439,0.05531037292441009,0.0,0.0,0.00015753113936090222,0.007050697635831484,normal,0.0,1.0,0.00025305211284934296,0.0,0.0,0.012509583994578983,0.0,0.0,0.007137053209113528,0.0,0.0,0.0,0.003886822265006715,0.009484523999558986,0.006449811583422152,0.0,0.0,0.0,0.013852338504375145,0.0017535870435349482,0.009299205149081752,0.0,0.012793521001981426,0.0,0.005600376653890389,0.014143332015135783,0.0,1.0,0.010929620437242831,0.0,0.0022701799947372563,0.0,0.01097829533144423,0.0012431018217751095,0.004729669113256625,0.0,0.0,0.011712668164490252,0.0,0.0,0.0,0.0,0.0,0.0027309405137422873,0.016290109806897247,0.0,0.0,0.0,0.005230639483706623,0.015136182202129969,0.017311303745673443,0.0,0.0,0.0,0.0,0.0,0.004709391725104117,0.011485044414951382,0.0,0.012972241011362368,0.0,0.0,0.0,0.0,0.015444077671551567,0.0,0.0,0.0,0.0,0.014720250295148438,0.00946303389544256,0.0,0.007830641965441408,0.0020000641983777085,0.0,0.018299888763787887,0.0,0.0050955006113121626,0.000834212473091464,0.0,0.008748979045247811,0.0,0.9957839897218924,0.004431067197047053,0,normal,Normal
0.0,0.0,0.003351621965156311,0.0,0.0028083347711893333,0.0,0.022776158454426116,0.009203493878290586,0.01542732694167194,0.0,0.0049930465879999865,0.0029798914335163323,0.0034251465186605394,0.0,0.003239248292728132,0.0,0.0,0.0011420247807235214,0.0037778965944749265,0.08750907192285443,0.014794667310315188,0.006416595715304423,0.017338004982921623,0.9941580264278876,0.9953168753079606,0.15450649146287782,0.12123055177154912,0.005772755870711749,0.9919035388110574,0.21088357873441138,0.2185441690067759,0.11036831317063539,0.003019882578246892,0.0179169557963107,0.0,0.0,0.9959485577801013,0.9886828364282596,neptune,0.013034234942115119,1.0,0.006088781072062627,0.004270563465693784,0.0,0.0,0.015487512848487445,0.00038710192442970915,0.0,0.0,0.0,0.0,0.012699942219800768,0.008266061524297822,0.0,0.0,0.02034402193687994,0.00533760931536902,0.0,0.0,0.0,0.0019019484894296189,0.0,0.0,0.0006283033869802311,0.022771864307660837,0.001754012103183594,0.009688221638983816,0.0,0.0061200385208391266,0.010155949100122881,0.0037551707838707265,0.004495268082974262,0.00904753648886863,0.0021278894387817453,0.0026965750832597425,0.01645099605828094,0.0015803336319274084,0.03049035488827376,0.0,0.001501572486539231,0.01112590038503027,0.0,0.016040999132213855,0.0,0.0,0.0,0.013693121644866815,0.0,0.0,0.004566296320034925,0.008616320320151572,0.00033091389184148343,0.008445239997217854,0.007131368142813741,0.0,0.0,0.0,0.0012485009037087207,0.00517336055672358,0.0,0.0,0.016349967086946846,0.9770010364096348,0.01577319802199117,0.015534561995961387,0.011834175484340142,0.011281784797745586,0.001686710526639246,0.0,0.0,0.0032653860990745623,0.0017012121201040937,0.010133669078099667,0.0,1.0,0.0010288711013788333,0.0,0.0,0.0,0.003371832234740627,0.01655180988555485,0.0,0.014090672440181244,1,neptune,DoS
